0.0909
0.0316
0.0238
0.0292
0.0014
0.0018
0.0349
0.0095
0.0095
0.0090
0.0103
0.0003
0.0110
0.0045
0.0102
0.0000
0.0032
0.0066
0.0007
0.0021
0.0042
0.0029
0.0083
0.0036
0.0081
0.0029
0.0093
0.0034
0.0058
0.0002
0.0015
0.0015
0.0001
0.0040
0.0008
0.0007
0.0016
0.0059
0.0028
0.0006
0.0030
0.0043
0.0065
0.0052
0.0017
0.0001
0.0003
0.0021
0.0021
0.0030
0.0042
0.0086
0.0031
0.0035
0.0155
0.0064
0.0571
0.0458
0.0277
0.1177
0.2705
0.2559
1.3751
0.4944
0.0338
0.0241
0.0178
0.0215
0.0072
0.0001
0.0186
0.0002
0.0025
0.0028
0.0059
0.0029
0.0066
0.0014
0.0090
0.0028
0.0000
0.0014
0.0009
0.0063
0.0021
0.0057
0.0022
0.0058
0.0302
0.0183
0.0128
0.0566
0.1395
0.1540
1.3782
0.4768
0.0012
0.0408
0.0185
0.0287
0.0220
0.0048
0.0122
0.0014
0.0012
0.0033
0.0036
0.0039
0.0026
0.0005
0.0068
0.0011
0.0069
0.0008
0.0043
0.0058
0.0034
0.0028
0.0140
0.0001
0.0184
0.0053
0.0076
0.0455
0.1424
