0.0041
0.0280
0.1370
0.0597
0.0442
0.0590
0.0011
0.0167
0.0138
0.0236
0.0136
0.0065
0.0001
0.0049
0.0068
0.0219
0.0137
0.0061
0.0084
0.0060
0.0004
0.0088
0.0124
0.0065
0.0065
0.0105
0.0054
0.0032
0.0080
0.0129
0.0048
0.0038
0.0012
0.0026
0.0010
0.0041
0.0054
0.0036
0.0002
0.0052
0.0044
0.0023
0.0039
0.0101
0.0035
0.0117
0.0035
0.0042
0.0099
0.0327
0.0056
0.0056
0.0135
0.0092
0.0188
0.0308
0.0510
0.0660
0.1675
0.0976
0.5194
0.6120
2.1707
0.4818
0.0277
0.0098
0.0836
0.0214
0.0137
0.0351
0.0044
0.0079
0.0005
0.0108
0.0085
0.0085
0.0059
0.0096
0.0041
0.0057
0.0086
0.0143
0.0006
0.0012
0.0102
0.0001
0.0099
0.0043
0.0315
0.0397
0.0686
0.0514
0.2590
0.3327
2.1613
0.4578
0.0717
0.0029
0.0974
0.0067
0.0115
0.0260
0.0080
0.0078
0.0034
0.0027
0.0035
0.0214
0.0094
0.0034
0.0044
0.0104
0.0055
0.0035
0.0024
0.0019
0.0001
0.0167
0.0112
0.0133
0.0286
0.0486
0.0378
0.0548
0.2502
