0.0421
0.0560
0.0587
0.0212
0.0024
0.0033
0.0046
0.0022
0.0087
0.0136
0.0114
0.0174
0.0129
0.0139
0.0101
0.0148
0.0072
0.0125
0.0110
0.0125
0.0161
0.0100
0.0181
0.0180
0.0135
0.0168
0.0154
0.0134
0.0149
0.0143
0.0177
0.0006
0.0019
0.0030
0.0044
0.0024
0.0043
0.0047
0.0048
0.0029
0.0122
0.0083
0.0105
0.0177
0.0104
0.0111
0.0171
0.0165
0.0252
0.0175
0.0224
0.0369
0.0313
0.0354
0.0362
0.0543
0.0306
0.0295
0.1295
0.0518
0.3380
0.0989
2.0372
0.4933
0.0038
0.0263
0.0138
0.0067
0.0059
0.0094
0.0076
0.0129
0.0178
0.0154
0.0108
0.0172
0.0164
0.0123
0.0112
0.0035
0.0040
0.0017
0.0038
0.0175
0.0107
0.0181
0.0182
0.0254
0.0149
0.0193
0.0670
0.0320
0.1689
0.0778
2.0200
0.4999
0.0109
0.0285
0.0001
0.0081
0.0023
0.0138
0.0118
0.0181
0.0158
0.0208
0.0155
0.0164
0.0227
0.0166
0.0165
0.0020
0.0017
0.0050
0.0081
0.0066
0.0148
0.0183
0.0205
0.0259
0.0240
0.0309
0.0782
0.0433
0.1731
