0.0873
0.0736
0.0379
0.1316
0.0540
0.0135
0.0062
0.0412
0.0178
0.0150
0.0087
0.0093
0.0180
0.0165
0.0020
0.0097
0.0096
0.0031
0.0073
0.0093
0.0075
0.0014
0.0035
0.0046
0.0058
0.0024
0.0037
0.0046
0.0064
0.0062
0.0056
0.0019
0.0031
0.0005
0.0041
0.0008
0.0007
0.0005
0.0011
0.0008
0.0078
0.0058
0.0044
0.0008
0.0040
0.0016
0.0128
0.0157
0.0170
0.0149
0.0018
0.0137
0.0188
0.0030
0.0208
0.0978
0.0288
0.0607
0.1110
0.0620
0.3894
0.4326
2.1901
0.4893
0.0252
0.0406
0.0052
0.0727
0.0335
0.0104
0.0081
0.0145
0.0150
0.0026
0.0017
0.0083
0.0153
0.0053
0.0054
0.0043
0.0046
0.0014
0.0024
0.0098
0.0030
0.0109
0.0040
0.0500
0.0060
0.0130
0.0555
0.0253
0.1976
0.2407
2.1774
0.4691
0.0095
0.0537
0.0093
0.0733
0.0223
0.0376
0.0102
0.0059
0.0115
0.0080
0.0038
0.0059
0.0068
0.0142
0.0156
0.0115
0.0052
0.0107
0.0122
0.0150
0.0001
0.0140
0.0080
0.0379
0.0063
0.0276
0.0634
0.0097
0.1990
