7.6837
3.8076
1.7629
0.5825
1.1327
0.1165
0.5144
0.4701
0.7948
0.0192
1.2025
0.4488
0.0901
0.3727
0.3481
0.4889
0.5652
0.4908
0.4912
0.4970
0.3246
0.6721
0.5615
0.4589
0.4873
0.4177
0.5315
0.4517
0.5747
0.6425
0.6643
0.0913
0.0372
0.0009
0.1322
0.3018
0.2410
0.2710
0.1338
0.3674
0.3075
0.3623
0.3594
0.1974
0.6901
0.5375
0.2432
0.4465
1.0763
0.9060
0.6630
1.0395
0.9522
1.3170
0.6736
1.1367
0.8040
1.5391
2.2449
5.7737
11.5548
33.5239
48.0844
0.3572
3.3520
2.2253
1.1134
0.3741
0.3882
0.2669
0.0599
0.5074
0.6647
0.3454
0.6722
0.5527
0.7140
0.6054
0.2268
0.0223
0.4871
0.2723
0.0351
0.5074
0.2836
0.6325
0.5230
0.5711
0.7278
0.6158
0.8475
2.6960
6.1235
16.8072
47.5990
1.4546
2.4248
2.5368
0.9426
0.4371
0.3441
0.1170
0.1334
0.5656
0.5048
0.5116
0.3983
0.6632
0.8864
0.4667
0.3092
0.1197
0.3073
0.1224
0.1150
0.4809
0.3123
0.4830
0.7765
0.7535
0.9948
0.8448
0.7906
1.8806
6.7419
