0.1994
0.2378
0.0814
0.0457
0.0106
0.0448
0.0484
0.0255
0.0078
0.0118
0.0194
0.0390
0.0210
0.0212
0.0127
0.0286
0.0274
0.0283
0.0337
0.0272
0.0236
0.0183
0.0318
0.0210
0.0225
0.0200
0.0223
0.0253
0.0264
0.0223
0.0196
0.0083
0.0024
0.0051
0.0091
0.0052
0.0104
0.0082
0.0033
0.0124
0.0163
0.0182
0.0160
0.0100
0.0218
0.0203
0.0246
0.0225
0.0247
0.0260
0.0379
0.0435
0.0301
0.0497
0.0615
0.0692
0.0686
0.0941
0.1312
0.0882
0.4186
1.3314
2.9140
0.5290
0.1201
0.1284
0.0566
0.0080
0.0040
0.0362
0.0365
0.0191
0.0142
0.0213
0.0189
0.0262
0.0293
0.0226
0.0187
0.0050
0.0032
0.0051
0.0080
0.0115
0.0160
0.0207
0.0178
0.0239
0.0350
0.0555
0.0582
0.0238
0.1964
0.6397
2.9324
0.5641
0.1347
0.1069
0.0514
0.0026
0.0101
0.0337
0.0346
0.0192
0.0165
0.0246
0.0244
0.0198
0.0235
0.0211
0.0305
0.0057
0.0035
0.0004
0.0044
0.0173
0.0236
0.0161
0.0086
0.0190
0.0506
0.0679
0.0447
0.0043
0.1754
