0.1486
0.0139
0.0554
0.0076
0.0111
0.0016
0.0058
0.0001
0.0121
0.0027
0.0015
0.0028
0.0002
0.0053
0.0087
0.0066
0.0044
0.0037
0.0051
0.0092
0.0044
0.0098
0.0070
0.0074
0.0080
0.0015
0.0076
0.0118
0.0056
0.0089
0.0093
0.0032
0.0070
0.0030
0.0018
0.0015
0.0044
0.0042
0.0081
0.0037
0.0018
0.0035
0.0040
0.0058
0.0086
0.0100
0.0108
0.0056
0.0097
0.0117
0.0066
0.0057
0.0086
0.0082
0.0053
0.0167
0.0315
0.0446
0.1341
0.0888
0.2952
0.0489
1.8228
0.4988
0.0901
0.0147
0.0402
0.0016
0.0123
0.0054
0.0066
0.0014
0.0072
0.0020
0.0030
0.0033
0.0045
0.0063
0.0081
0.0025
0.0014
0.0021
0.0008
0.0003
0.0003
0.0023
0.0019
0.0067
0.0112
0.0196
0.0609
0.0431
0.1406
0.0485
1.8106
0.4990
0.1043
0.0168
0.0536
0.0063
0.0117
0.0027
0.0008
0.0073
0.0045
0.0064
0.0080
0.0134
0.0134
0.0113
0.0087
0.0042
0.0047
0.0080
0.0060
0.0073
0.0021
0.0091
0.0069
0.0108
0.0144
0.0261
0.0443
0.0414
0.1243
