0.0993
0.0352
0.0290
0.0363
0.1903
0.1471
0.0305
0.0437
0.0334
0.0179
0.0013
0.0171
0.0424
0.0367
0.0356
0.0319
0.0301
0.0410
0.0324
0.0226
0.0334
0.0388
0.0283
0.0277
0.0246
0.0287
0.0210
0.0314
0.0300
0.0185
0.0290
0.0021
0.0046
0.0035
0.0069
0.0008
0.0032
0.0158
0.0098
0.0010
0.0193
0.0105
0.0205
0.0083
0.0411
0.0162
0.0210
0.0248
0.0126
0.0658
0.0171
0.0675
0.0251
0.0748
0.0552
0.0530
0.1577
0.2740
0.0709
0.1839
0.5909
0.0826
2.5788
0.4995
0.0815
0.0277
0.0245
0.0169
0.1116
0.0814
0.0211
0.0376
0.0232
0.0064
0.0110
0.0295
0.0281
0.0303
0.0208
0.0026
0.0227
0.0381
0.0169
0.0363
0.0079
0.0334
0.0229
0.0012
0.0451
0.1447
0.0359
0.0903
0.2907
0.0118
2.6188
0.4771
0.1004
0.0297
0.0058
0.0562
0.1077
0.0483
0.0220
0.0279
0.0096
0.0361
0.0149
0.0298
0.0010
0.0152
0.0092
0.0030
0.0151
0.0034
0.0217
0.0295
0.0153
0.0115
0.0176
0.0219
0.0002
0.1322
0.0363
0.0841
0.2753
