0.9511
0.1369
0.1365
0.1166
0.0057
0.0628
0.0094
0.0208
0.0108
0.0336
0.0142
0.0062
0.0090
0.0156
0.0105
0.0082
0.0005
0.0012
0.0125
0.0015
0.0097
0.0089
0.0058
0.0031
0.0023
0.0027
0.0028
0.0009
0.0036
0.0133
0.0015
0.0045
0.0093
0.0037
0.0010
0.0006
0.0110
0.0078
0.0044
0.0093
0.0042
0.0045
0.0031
0.0109
0.0072
0.0109
0.0042
0.0064
0.0174
0.0078
0.0031
0.0061
0.0405
0.0848
0.0052
0.0320
0.0025
0.0240
0.1595
0.3434
0.3510
1.2199
2.4404
0.4714
0.4904
0.0430
0.0507
0.0622
0.0031
0.0241
0.0025
0.0158
0.0067
0.0075
0.0011
0.0077
0.0080
0.0117
0.0052
0.0077
0.0041
0.0014
0.0076
0.0048
0.0061
0.0429
0.0075
0.0303
0.0072
0.0006
0.0927
0.1798
0.1220
0.6357
2.4600
0.4005
0.4999
0.0077
0.0017
0.0457
0.0124
0.0126
0.0032
0.0451
0.0278
0.0055
0.0025
0.0119
0.0007
0.0111
0.0163
0.0060
0.0171
0.0142
0.0026
0.0182
0.0171
0.0322
0.0037
0.0400
0.0066
0.0314
0.1040
0.1875
0.0340
