0.3384
0.1676
0.0338
0.1344
0.0273
0.1458
0.0011
0.0097
0.0463
0.0012
0.0397
0.0259
0.0205
0.0030
0.0288
0.0131
0.0143
0.0003
0.0158
0.0148
0.0213
0.0161
0.0141
0.0294
0.0121
0.0149
0.0135
0.0178
0.0135
0.0167
0.0286
0.0018
0.0012
0.0041
0.0047
0.0004
0.0126
0.0165
0.0116
0.0036
0.0056
0.0307
0.0207
0.0075
0.0228
0.0155
0.0089
0.0206
0.0370
0.0304
0.0423
0.0610
0.0688
0.0646
0.0048
0.0595
0.0010
0.0655
0.1535
0.2699
0.2296
1.6776
4.2042
0.4588
0.1747
0.0609
0.0051
0.0600
0.0129
0.0492
0.0026
0.0164
0.0024
0.0272
0.0381
0.0110
0.0287
0.0111
0.0089
0.0018
0.0049
0.0063
0.0037
0.0195
0.0394
0.0283
0.0004
0.0566
0.0012
0.0531
0.0895
0.1507
0.0980
0.8639
4.1902
0.3951
0.2186
0.0438
0.0177
0.0182
0.0166
0.0270
0.0112
0.0295
0.0289
0.0348
0.0206
0.0260
0.0302
0.0256
0.0136
0.0020
0.0042
0.0044
0.0091
0.0240
0.0393
0.0227
0.0268
0.0919
0.0272
0.0565
0.0913
0.1731
0.0519
