0.0701
0.0882
0.0671
0.0212
0.0060
0.0104
0.0039
0.0073
0.0112
0.0135
0.0141
0.0090
0.0134
0.0140
0.0064
0.0165
0.0067
0.0121
0.0140
0.0146
0.0163
0.0123
0.0181
0.0174
0.0122
0.0166
0.0098
0.0166
0.0140
0.0162
0.0178
0.0003
0.0002
0.0024
0.0044
0.0052
0.0052
0.0049
0.0029
0.0060
0.0100
0.0088
0.0077
0.0135
0.0111
0.0148
0.0147
0.0238
0.0178
0.0189
0.0271
0.0361
0.0296
0.0374
0.0325
0.0546
0.0359
0.0327
0.1245
0.0460
0.3575
0.1072
2.0726
0.4938
0.0142
0.0401
0.0191
0.0058
0.0093
0.0154
0.0090
0.0134
0.0131
0.0168
0.0160
0.0120
0.0138
0.0183
0.0096
0.0059
0.0005
0.0036
0.0089
0.0127
0.0108
0.0150
0.0170
0.0254
0.0186
0.0210
0.0659
0.0305
0.1822
0.0784
2.0614
0.5036
0.0034
0.0432
0.0065
0.0089
0.0086
0.0178
0.0142
0.0168
0.0133
0.0216
0.0193
0.0173
0.0177
0.0187
0.0175
0.0026
0.0023
0.0095
0.0061
0.0068
0.0154
0.0198
0.0162
0.0246
0.0228
0.0311
0.0780
0.0480
0.1855
