0.2353
0.1045
0.0360
0.0213
0.0029
0.0247
0.0470
0.0318
0.0229
0.0283
0.0266
0.0203
0.0265
0.0291
0.0229
0.0259
0.0311
0.0300
0.0298
0.0306
0.0240
0.0186
0.0255
0.0282
0.0273
0.0313
0.0288
0.0243
0.0292
0.0286
0.0279
0.0002
0.0057
0.0036
0.0006
0.0059
0.0071
0.0073
0.0106
0.0127
0.0135
0.0229
0.0242
0.0165
0.0211
0.0270
0.0235
0.0204
0.0283
0.0345
0.0402
0.0504
0.0499
0.0422
0.0594
0.0687
0.0465
0.0839
0.2138
0.2344
0.3609
1.9879
2.8796
0.5487
0.1355
0.0369
0.0034
0.0218
0.0068
0.0221
0.0348
0.0229
0.0243
0.0300
0.0266
0.0263
0.0295
0.0253
0.0231
0.0019
0.0051
0.0098
0.0104
0.0156
0.0193
0.0123
0.0172
0.0311
0.0251
0.0394
0.1104
0.1225
0.1675
0.9713
2.9090
0.6121
0.1390
0.0186
0.0230
0.0178
0.0037
0.0215
0.0252
0.0210
0.0257
0.0274
0.0269
0.0252
0.0242
0.0249
0.0270
0.0072
0.0075
0.0097
0.0123
0.0140
0.0200
0.0189
0.0167
0.0331
0.0380
0.0442
0.1125
0.1369
0.1460
