1.3530
0.0798
0.0308
0.0336
0.1292
0.0398
0.0047
0.0746
0.0055
0.0706
0.0271
0.0267
0.0201
0.0170
0.0196
0.0158
0.0066
0.0248
0.0247
0.0146
0.0041
0.0001
0.0131
0.0052
0.0155
0.0061
0.0124
0.0007
0.0111
0.0212
0.0253
0.0136
0.0116
0.0084
0.0116
0.0066
0.0068
0.0101
0.0188
0.0167
0.0069
0.0114
0.0190
0.0166
0.0219
0.0245
0.0416
0.0251
0.0654
0.0663
0.0822
0.0054
0.0230
0.0896
0.0220
0.1856
0.1772
0.0954
0.1851
0.5011
0.3156
2.1631
2.9009
0.4433
0.6915
0.0083
0.0039
0.0109
0.0320
0.0157
0.0004
0.0482
0.0062
0.0286
0.0140
0.0260
0.0228
0.0227
0.0368
0.0050
0.0252
0.0280
0.0366
0.0236
0.0123
0.0190
0.0066
0.0841
0.1033
0.0558
0.0875
0.2517
0.0898
1.1076
2.9137
0.3185
0.6782
0.0505
0.0559
0.0305
0.0160
0.0634
0.0042
0.0528
0.0223
0.0106
0.0452
0.0323
0.0552
0.0238
0.0411
0.0092
0.0118
0.0052
0.0292
0.0478
0.0210
0.0012
0.0287
0.0877
0.1165
0.0241
0.0742
0.2565
0.0456
