0.3571
0.1242
0.1117
0.1107
0.0151
0.0209
0.0155
0.0126
0.0103
0.0114
0.0257
0.0073
0.0079
0.0206
0.0012
0.0104
0.0070
0.0025
0.0126
0.0053
0.0010
0.0019
0.0005
0.0071
0.0011
0.0051
0.0034
0.0063
0.0049
0.0009
0.0091
0.0026
0.0043
0.0014
0.0000
0.0022
0.0004
0.0005
0.0048
0.0038
0.0003
0.0034
0.0095
0.0042
0.0017
0.0107
0.0080
0.0131
0.0022
0.0161
0.0084
0.0034
0.0023
0.0060
0.0112
0.0371
0.0060
0.1006
0.0646
0.0791
0.3688
0.4676
2.0456
0.5111
0.1986
0.0540
0.0645
0.0430
0.0037
0.0005
0.0140
0.0064
0.0062
0.0095
0.0213
0.0015
0.0010
0.0202
0.0082
0.0027
0.0042
0.0128
0.0003
0.0064
0.0005
0.0014
0.0065
0.0254
0.0011
0.0612
0.0228
0.0488
0.1714
0.2089
2.0553
0.5220
0.2203
0.0414
0.0605
0.0101
0.0045
0.0088
0.0079
0.0066
0.0008
0.0030
0.0010
0.0065
0.0068
0.0026
0.0031
0.0031
0.0074
0.0053
0.0057
0.0091
0.0120
0.0112
0.0101
0.0232
0.0027
0.0741
0.0018
0.0616
0.1264
