1.0051
0.0658
0.1729
0.0032
0.0041
0.0195
0.1081
0.0072
0.0223
0.0357
0.0702
0.0274
0.0431
0.0238
0.0232
0.0288
0.0428
0.0299
0.0570
0.0367
0.0405
0.0282
0.0416
0.0375
0.0198
0.0337
0.0394
0.0335
0.0340
0.0330
0.0450
0.0066
0.0004
0.0136
0.0022
0.0040
0.0002
0.0126
0.0184
0.0222
0.0206
0.0194
0.0116
0.0286
0.0252
0.0405
0.0275
0.0569
0.0569
0.0402
0.0790
0.0481
0.0889
0.0306
0.0494
0.1145
0.2169
0.1603
0.3943
0.3507
0.3677
2.4202
4.4183
0.4413
0.4864
0.0120
0.1250
0.0223
0.0301
0.0114
0.0647
0.0177
0.0403
0.0342
0.0534
0.0341
0.0455
0.0413
0.0131
0.0037
0.0167
0.0107
0.0223
0.0114
0.0468
0.0104
0.0030
0.0604
0.1073
0.0829
0.1780
0.1857
0.2388
1.2352
4.3860
0.3513
0.4522
0.0154
0.1504
0.0295
0.0661
0.0263
0.0224
0.0154
0.0485
0.0268
0.0371
0.0420
0.0271
0.0434
0.0466
0.0105
0.0038
0.0182
0.0005
0.0133
0.0294
0.0388
0.0071
0.0706
0.0954
0.0778
0.1355
0.1943
0.3275
