0.1111
0.0203
0.0248
0.3383
0.0540
0.0701
0.0157
0.0124
0.0662
0.0445
0.0108
0.0225
0.0045
0.0168
0.0194
0.0380
0.0103
0.0252
0.0364
0.0291
0.0341
0.0264
0.0108
0.0288
0.0307
0.0216
0.0266
0.0197
0.0295
0.0281
0.0293
0.0020
0.0037
0.0029
0.0056
0.0032
0.0034
0.0050
0.0030
0.0018
0.0071
0.0088
0.0166
0.0114
0.0001
0.0200
0.0052
0.0134
0.0109
0.0279
0.0297
0.0368
0.0377
0.0288
0.0231
0.0432
0.0345
0.1240
0.2265
0.4203
0.4209
0.3157
3.0739
0.5037
0.0738
0.0262
0.0314
0.1821
0.0314
0.0400
0.0064
0.0023
0.0447
0.0312
0.0203
0.0258
0.0023
0.0205
0.0055
0.0019
0.0058
0.0079
0.0185
0.0118
0.0115
0.0240
0.0012
0.0149
0.0088
0.0154
0.1159
0.2074
0.2050
0.1348
3.0917
0.4969
0.0943
0.0653
0.0561
0.1537
0.0443
0.0256
0.0134
0.0071
0.0138
0.0189
0.0137
0.0129
0.0172
0.0134
0.0011
0.0105
0.0045
0.0046
0.0154
0.0040
0.0105
0.0264
0.0184
0.0049
0.0269
0.0488
0.0931
0.2067
0.1926
