0.3138
0.0379
0.1847
0.0046
0.0033
0.0505
0.0100
0.0022
0.0242
0.0023
0.0103
0.0086
0.0034
0.0020
0.0081
0.0047
0.0078
0.0054
0.0033
0.0000
0.0067
0.0062
0.0070
0.0057
0.0044
0.0104
0.0089
0.0049
0.0059
0.0059
0.0088
0.0029
0.0018
0.0039
0.0053
0.0019
0.0010
0.0054
0.0056
0.0042
0.0037
0.0002
0.0043
0.0090
0.0172
0.0098
0.0090
0.0073
0.0218
0.0313
0.0087
0.0006
0.0171
0.0491
0.0191
0.0277
0.1143
0.0829
0.0851
0.0601
0.2832
0.0567
2.3998
0.4969
0.1459
0.0232
0.0797
0.0120
0.0152
0.0195
0.0112
0.0140
0.0027
0.0033
0.0031
0.0170
0.0154
0.0037
0.0049
0.0004
0.0058
0.0086
0.0083
0.0001
0.0120
0.0212
0.0089
0.0217
0.0539
0.0371
0.0575
0.0257
0.1581
0.0517
2.3878
0.4982
0.1154
0.0382
0.0623
0.0356
0.0401
0.0058
0.0067
0.0223
0.0100
0.0063
0.0027
0.0198
0.0179
0.0139
0.0040
0.0040
0.0043
0.0002
0.0059
0.0074
0.0224
0.0111
0.0090
0.0385
0.0449
0.0226
0.0915
0.0165
0.1832
