0.1301
0.4459
0.0224
0.0622
0.3154
0.4112
0.1973
0.2676
0.3379
0.0272
0.0840
0.0336
0.0113
0.0004
0.0558
0.0331
0.0693
0.0053
0.0357
0.0115
0.0891
0.0087
0.0122
0.0416
0.0029
0.0090
0.0187
0.0070
0.0065
0.0036
0.0597
0.0109
0.0036
0.0079
0.0001
0.0087
0.0078
0.0510
0.0296
0.0155
0.0133
0.0104
0.0458
0.0876
0.0476
0.0448
0.0351
0.0206
0.0466
0.0104
0.0323
0.0942
0.0681
0.0671
0.4466
0.2631
0.1387
0.4756
0.5450
0.4516
1.4029
4.2871
7.8506
0.4017
0.0062
0.1984
0.0836
0.0861
0.1295
0.2553
0.0121
0.0948
0.1101
0.0033
0.0199
0.0181
0.0243
0.0154
0.0027
0.0180
0.0151
0.0060
0.0141
0.0587
0.1161
0.0873
0.2440
0.0698
0.1033
0.2223
0.2686
0.2501
0.6946
2.1583
7.8389
0.1997
0.1270
0.1094
0.1493
0.1638
0.0314
0.1947
0.1532
0.0022
0.0188
0.0451
0.0199
0.0253
0.0341
0.0617
0.0244
0.0025
0.0353
0.0337
0.0457
0.0224
0.1904
0.1221
0.1732
0.1005
0.1813
0.1770
0.2163
0.2964
0.7078
