0.1048
0.0610
0.0918
0.0031
0.0097
0.0087
0.0108
0.0014
0.0139
0.0048
0.0112
0.0143
0.0009
0.0139
0.0123
0.0039
0.0189
0.0097
0.0165
0.0193
0.0129
0.0156
0.0069
0.0129
0.0146
0.0113
0.0145
0.0155
0.0130
0.0122
0.0147
0.0015
0.0023
0.0028
0.0014
0.0051
0.0053
0.0036
0.0061
0.0089
0.0078
0.0138
0.0113
0.0124
0.0104
0.0106
0.0199
0.0135
0.0142
0.0201
0.0317
0.0209
0.0395
0.0366
0.0376
0.0557
0.0409
0.0205
0.0959
0.0463
0.3664
0.0459
2.0559
0.4965
0.0359
0.0255
0.0318
0.0009
0.0143
0.0032
0.0153
0.0112
0.0169
0.0149
0.0158
0.0134
0.0101
0.0078
0.0157
0.0007
0.0049
0.0012
0.0133
0.0097
0.0162
0.0174
0.0124
0.0278
0.0158
0.0093
0.0539
0.0299
0.1857
0.0473
2.0507
0.5071
0.0104
0.0320
0.0267
0.0019
0.0068
0.0144
0.0163
0.0171
0.0229
0.0110
0.0178
0.0160
0.0126
0.0181
0.0194
0.0006
0.0097
0.0058
0.0105
0.0145
0.0078
0.0196
0.0172
0.0316
0.0253
0.0193
0.0766
0.0416
0.1926
