0.6157
0.2751
0.1756
0.1619
0.1313
0.0299
0.1317
0.0432
0.1013
0.0114
0.0102
0.0003
0.0434
0.0319
0.0022
0.0176
0.0056
0.0222
0.0145
0.0346
0.0029
0.0155
0.0022
0.0214
0.0216
0.0107
0.0091
0.0097
0.0181
0.0131
0.0035
0.0002
0.0056
0.0080
0.0068
0.0083
0.0117
0.0088
0.0132
0.0072
0.0105
0.0188
0.0242
0.0128
0.0338
0.0207
0.0044
0.0432
0.0186
0.0092
0.0073
0.0389
0.0682
0.0279
0.0501
0.1761
0.2518
0.1883
0.0560
0.2591
0.4819
1.2702
3.0331
0.4716
0.2822
0.1572
0.0862
0.0527
0.1099
0.0313
0.0794
0.0256
0.0294
0.0228
0.0146
0.0047
0.0281
0.0090
0.0027
0.0244
0.0250
0.0034
0.0092
0.0219
0.0473
0.0028
0.0039
0.0774
0.1032
0.1134
0.0500
0.1079
0.2725
0.6594
3.0115
0.4153
0.2354
0.1817
0.0668
0.0042
0.1183
0.0952
0.0373
0.0187
0.0356
0.0151
0.0015
0.0026
0.0223
0.0359
0.0228
0.0088
0.0087
0.0135
0.0170
0.0317
0.0674
0.0270
0.0375
0.0214
0.0419
0.1342
0.0771
0.0560
0.3143
