0.0697
0.0318
0.0007
0.0394
0.0310
0.0025
0.0280
0.0304
0.0372
0.0161
0.0156
0.0039
0.0009
0.0104
0.0031
0.0062
0.0060
0.0001
0.0001
0.0038
0.0058
0.0053
0.0044
0.0065
0.0071
0.0025
0.0026
0.0041
0.0054
0.0099
0.0093
0.0003
0.0006
0.0037
0.0017
0.0043
0.0034
0.0032
0.0051
0.0004
0.0018
0.0087
0.0044
0.0011
0.0035
0.0055
0.0081
0.0149
0.0111
0.0207
0.0100
0.0144
0.0057
0.0077
0.0045
0.0355
0.0111
0.0632
0.1001
0.2164
0.1167
0.1846
2.0342
0.4908
0.0297
0.0315
0.0098
0.0280
0.0167
0.0058
0.0127
0.0149
0.0192
0.0118
0.0105
0.0076
0.0060
0.0107
0.0054
0.0037
0.0022
0.0055
0.0007
0.0021
0.0038
0.0051
0.0005
0.0141
0.0020
0.0232
0.0504
0.1035
0.0634
0.1174
2.0293
0.4828
0.0118
0.0581
0.0225
0.0336
0.0180
0.0187
0.0036
0.0013
0.0036
0.0084
0.0042
0.0126
0.0059
0.0070
0.0082
0.0053
0.0055
0.0006
0.0027
0.0044
0.0135
0.0102
0.0065
0.0062
0.0155
0.0102
0.0455
0.0947
0.0650
