0.0480
0.0712
0.0407
0.0243
0.0029
0.0145
0.0077
0.0160
0.0108
0.0145
0.0205
0.0114
0.0164
0.0191
0.0090
0.0209
0.0141
0.0140
0.0185
0.0118
0.0167
0.0183
0.0131
0.0206
0.0184
0.0169
0.0156
0.0164
0.0163
0.0178
0.0143
0.0017
0.0009
0.0036
0.0025
0.0063
0.0074
0.0039
0.0034
0.0085
0.0050
0.0117
0.0111
0.0148
0.0162
0.0166
0.0168
0.0236
0.0221
0.0261
0.0283
0.0327
0.0308
0.0428
0.0400
0.0574
0.0486
0.0503
0.1384
0.0828
0.3636
0.1463
1.9343
0.4951
0.0054
0.0309
0.0058
0.0049
0.0100
0.0161
0.0098
0.0196
0.0131
0.0158
0.0194
0.0153
0.0194
0.0199
0.0125
0.0055
0.0042
0.0053
0.0084
0.0114
0.0119
0.0164
0.0204
0.0259
0.0288
0.0283
0.0731
0.0471
0.1824
0.0978
1.9217
0.5014
0.0131
0.0334
0.0098
0.0031
0.0096
0.0207
0.0163
0.0225
0.0162
0.0231
0.0191
0.0210
0.0164
0.0152
0.0259
0.0016
0.0044
0.0110
0.0054
0.0122
0.0118
0.0166
0.0192
0.0224
0.0302
0.0394
0.0764
0.0601
0.1866
