0.5599
0.0753
0.1942
0.0035
0.0282
0.0573
0.0063
0.0301
0.0300
0.0040
0.0235
0.0063
0.0153
0.0164
0.0076
0.0157
0.0083
0.0080
0.0123
0.0112
0.0077
0.0186
0.0091
0.0111
0.0120
0.0087
0.0175
0.0078
0.0109
0.0112
0.0124
0.0038
0.0002
0.0009
0.0032
0.0004
0.0082
0.0019
0.0059
0.0041
0.0112
0.0104
0.0067
0.0114
0.0085
0.0143
0.0111
0.0170
0.0164
0.0213
0.0205
0.0227
0.0213
0.0449
0.0328
0.0382
0.0553
0.0784
0.0087
0.2127
0.0609
0.4974
1.8430
0.5098
0.2829
0.0203
0.0967
0.0055
0.0218
0.0345
0.0068
0.0242
0.0179
0.0095
0.0198
0.0157
0.0080
0.0150
0.0143
0.0054
0.0001
0.0033
0.0007
0.0130
0.0016
0.0144
0.0145
0.0124
0.0239
0.0394
0.0164
0.1103
0.0052
0.2238
1.8318
0.5209
0.2656
0.0013
0.0734
0.0173
0.0220
0.0251
0.0149
0.0195
0.0158
0.0167
0.0112
0.0154
0.0089
0.0136
0.0137
0.0027
0.0019
0.0076
0.0048
0.0109
0.0001
0.0039
0.0212
0.0040
0.0170
0.0392
0.0433
0.1163
0.0474
