0.2173
0.4303
0.0827
0.0009
0.0026
0.0440
0.0117
0.0205
0.0140
0.0065
0.0051
0.0136
0.0048
0.0001
0.0045
0.0016
0.0026
0.0086
0.0057
0.0044
0.0031
0.0022
0.0064
0.0003
0.0030
0.0040
0.0034
0.0002
0.0014
0.0020
0.0011
0.0012
0.0005
0.0024
0.0008
0.0026
0.0020
0.0054
0.0017
0.0012
0.0056
0.0035
0.0016
0.0010
0.0068
0.0027
0.0051
0.0002
0.0012
0.0028
0.0056
0.0113
0.0017
0.0098
0.0031
0.0364
0.0267
0.0156
0.0781
0.0770
0.1514
0.2496
2.0587
0.5060
0.0986
0.2214
0.0352
0.0015
0.0072
0.0286
0.0051
0.0102
0.0111
0.0019
0.0065
0.0098
0.0043
0.0033
0.0057
0.0016
0.0040
0.0008
0.0034
0.0041
0.0042
0.0076
0.0012
0.0077
0.0129
0.0083
0.0470
0.0053
0.0884
0.0984
2.0547
0.5150
0.0875
0.2111
0.0117
0.0051
0.0088
0.0268
0.0003
0.0048
0.0043
0.0069
0.0023
0.0062
0.0023
0.0010
0.0008
0.0022
0.0023
0.0074
0.0013
0.0013
0.0055
0.0119
0.0009
0.0096
0.0082
0.0060
0.0530
0.0594
0.1050
