0.5730
0.1412
0.0123
0.0293
0.0927
0.0487
0.0389
0.0611
0.0284
0.0155
0.0090
0.0268
0.0143
0.0245
0.0240
0.0217
0.0178
0.0135
0.0188
0.0167
0.0316
0.0108
0.0183
0.0224
0.0161
0.0151
0.0268
0.0188
0.0198
0.0163
0.0185
0.0056
0.0044
0.0023
0.0013
0.0103
0.0043
0.0106
0.0086
0.0121
0.0057
0.0013
0.0150
0.0246
0.0024
0.0268
0.0353
0.0077
0.0070
0.0425
0.0204
0.0643
0.0018
0.0578
0.1011
0.0279
0.0672
0.1239
0.2962
0.2088
0.0094
1.4906
3.1564
0.4625
0.2870
0.0545
0.0233
0.0322
0.0349
0.0252
0.0450
0.0360
0.0134
0.0263
0.0065
0.0311
0.0084
0.0181
0.0355
0.0070
0.0011
0.0012
0.0138
0.0277
0.0040
0.0081
0.0411
0.0059
0.0418
0.0585
0.1505
0.1142
0.0249
0.7689
3.1339
0.4069
0.2981
0.0329
0.0588
0.0368
0.0116
0.0169
0.0463
0.0336
0.0021
0.0394
0.0163
0.0300
0.0160
0.0178
0.0207
0.0075
0.0009
0.0056
0.0237
0.0079
0.0097
0.0006
0.0205
0.0064
0.0741
0.0505
0.1381
0.1347
0.0849
