0.5986
0.1940
0.0071
0.0663
0.1133
0.0049
0.0259
0.0220
0.0267
0.0215
0.0413
0.0419
0.0140
0.0332
0.0226
0.0151
0.0384
0.0186
0.0193
0.0206
0.0278
0.0189
0.0218
0.0266
0.0197
0.0253
0.0188
0.0250
0.0263
0.0215
0.0180
0.0013
0.0017
0.0080
0.0031
0.0072
0.0055
0.0109
0.0051
0.0036
0.0164
0.0074
0.0139
0.0189
0.0008
0.0182
0.0279
0.0208
0.0184
0.0537
0.0304
0.0202
0.0734
0.0459
0.1154
0.0736
0.0575
0.1830
0.0622
0.5025
0.4202
0.5833
3.1758
0.4874
0.2785
0.0568
0.0094
0.0096
0.0618
0.0176
0.0355
0.0181
0.0351
0.0179
0.0314
0.0344
0.0172
0.0254
0.0272
0.0056
0.0121
0.0093
0.0021
0.0079
0.0273
0.0142
0.0514
0.0370
0.0117
0.0969
0.0268
0.2629
0.2359
0.3186
3.1500
0.4759
0.2415
0.0006
0.0398
0.0230
0.0478
0.0229
0.0499
0.0246
0.0380
0.0139
0.0194
0.0304
0.0086
0.0172
0.0224
0.0059
0.0058
0.0024
0.0043
0.0076
0.0190
0.0154
0.0285
0.0393
0.0023
0.1066
0.0113
0.2816
0.2938
