0.2565
0.4268
0.0883
0.0127
0.0055
0.0224
0.0127
0.0234
0.0230
0.0145
0.0008
0.0019
0.0089
0.0074
0.0039
0.0026
0.0044
0.0016
0.0005
0.0030
0.0022
0.0040
0.0043
0.0041
0.0007
0.0059
0.0041
0.0039
0.0029
0.0045
0.0006
0.0002
0.0039
0.0013
0.0015
0.0001
0.0061
0.0018
0.0027
0.0035
0.0038
0.0053
0.0099
0.0046
0.0005
0.0061
0.0057
0.0008
0.0068
0.0171
0.0026
0.0068
0.0059
0.0081
0.0035
0.0690
0.0079
0.0041
0.0692
0.1585
0.1227
0.2945
2.0472
0.5066
0.1216
0.2193
0.0363
0.0065
0.0009
0.0218
0.0064
0.0102
0.0112
0.0065
0.0026
0.0082
0.0049
0.0027
0.0074
0.0012
0.0028
0.0040
0.0019
0.0082
0.0036
0.0013
0.0086
0.0284
0.0052
0.0035
0.0418
0.0476
0.0716
0.1233
2.0467
0.5191
0.1070
0.2269
0.0147
0.0064
0.0005
0.0358
0.0006
0.0052
0.0032
0.0056
0.0009
0.0076
0.0004
0.0030
0.0038
0.0003
0.0044
0.0003
0.0034
0.0022
0.0078
0.0076
0.0061
0.0046
0.0070
0.0066
0.0516
0.0207
0.0945
