1.5114
0.1618
0.6170
0.0804
0.1393
0.0745
0.1971
0.0568
0.0713
0.0291
0.1110
0.0718
0.1126
0.0466
0.1032
0.0811
0.0471
0.0664
0.1038
0.0841
0.0990
0.0940
0.0804
0.0624
0.0798
0.0984
0.0646
0.0683
0.0791
0.0893
0.0890
0.0164
0.0131
0.0203
0.0431
0.0236
0.0021
0.0053
0.0680
0.0500
0.0014
0.0526
0.1043
0.0661
0.0810
0.0879
0.0946
0.0978
0.1296
0.1196
0.1280
0.1561
0.1963
0.3223
0.1880
0.2500
0.0801
0.4081
0.9086
0.2823
1.4024
3.1637
10.9764
0.4097
0.6849
0.0561
0.2321
0.0885
0.0844
0.0776
0.1407
0.0647
0.0291
0.0438
0.1064
0.0869
0.1073
0.0792
0.1199
0.0259
0.0129
0.0224
0.0188
0.0876
0.1195
0.1569
0.0432
0.1442
0.0152
0.1856
0.4857
0.1603
0.7727
1.6032
10.8421
0.3557
0.6078
0.0986
0.0789
0.1200
0.1055
0.0912
0.1034
0.1179
0.0933
0.0846
0.0957
0.1024
0.0944
0.1244
0.1033
0.0315
0.0321
0.0257
0.0417
0.0732
0.1451
0.1479
0.0435
0.1245
0.0956
0.1718
0.6006
0.2349
0.9378
