0.2883
0.5094
0.0829
0.0128
0.0207
0.0046
0.0125
0.0158
0.0041
0.0125
0.0006
0.0148
0.0142
0.0077
0.0066
0.0053
0.0020
0.0064
0.0021
0.0029
0.0035
0.0018
0.0040
0.0033
0.0033
0.0014
0.0069
0.0008
0.0042
0.0026
0.0014
0.0026
0.0041
0.0031
0.0005
0.0022
0.0005
0.0068
0.0040
0.0072
0.0050
0.0068
0.0019
0.0006
0.0015
0.0082
0.0057
0.0086
0.0087
0.0055
0.0013
0.0069
0.0224
0.0258
0.0165
0.0398
0.0370
0.0312
0.0216
0.1931
0.2551
0.3984
2.2343
0.5089
0.1327
0.2661
0.0387
0.0033
0.0036
0.0040
0.0045
0.0130
0.0086
0.0108
0.0022
0.0056
0.0035
0.0055
0.0066
0.0065
0.0042
0.0018
0.0032
0.0049
0.0060
0.0073
0.0118
0.0144
0.0215
0.0175
0.0188
0.0592
0.1432
0.1714
2.2331
0.5234
0.1035
0.2719
0.0267
0.0018
0.0060
0.0180
0.0062
0.0150
0.0120
0.0032
0.0044
0.0051
0.0083
0.0010
0.0034
0.0031
0.0021
0.0012
0.0015
0.0016
0.0024
0.0083
0.0112
0.0084
0.0221
0.0168
0.0302
0.0193
0.1639
