0.3396
0.0016
0.0468
0.0261
0.0098
0.0013
0.0305
0.0142
0.0129
0.0084
0.0020
0.0076
0.0147
0.0077
0.0043
0.0024
0.0045
0.0000
0.0005
0.0018
0.0015
0.0024
0.0031
0.0017
0.0006
0.0031
0.0007
0.0034
0.0020
0.0014
0.0015
0.0015
0.0025
0.0037
0.0057
0.0000
0.0023
0.0050
0.0012
0.0035
0.0010
0.0069
0.0039
0.0037
0.0041
0.0043
0.0055
0.0077
0.0030
0.0079
0.0219
0.0150
0.0121
0.0363
0.0081
0.0142
0.0586
0.0370
0.0114
0.1136
0.5048
0.6748
1.9841
0.4827
0.1952
0.0088
0.0178
0.0161
0.0129
0.0017
0.0175
0.0032
0.0020
0.0049
0.0042
0.0031
0.0058
0.0032
0.0041
0.0062
0.0067
0.0059
0.0109
0.0116
0.0074
0.0180
0.0045
0.0080
0.0228
0.0141
0.0071
0.0599
0.2344
0.3592
1.9813
0.4447
0.2318
0.0197
0.0161
0.0226
0.0254
0.0106
0.0086
0.0166
0.0054
0.0046
0.0123
0.0017
0.0022
0.0015
0.0020
0.0031
0.0038
0.0021
0.0036
0.0099
0.0081
0.0158
0.0209
0.0005
0.0170
0.0005
0.0206
0.0521
0.1934
