0.3818
0.0389
0.1721
0.0243
0.0216
0.0374
0.0114
0.0127
0.0173
0.0068
0.0146
0.0168
0.0110
0.0072
0.0122
0.0093
0.0087
0.0129
0.0078
0.0087
0.0049
0.0101
0.0113
0.0133
0.0065
0.0125
0.0098
0.0061
0.0071
0.0088
0.0117
0.0032
0.0017
0.0042
0.0016
0.0026
0.0078
0.0076
0.0001
0.0018
0.0062
0.0060
0.0154
0.0074
0.0063
0.0008
0.0081
0.0262
0.0251
0.0133
0.0112
0.0258
0.0365
0.0486
0.0133
0.0302
0.1084
0.0552
0.1295
0.0225
0.3410
0.0530
2.4102
0.4986
0.1680
0.0156
0.0720
0.0038
0.0265
0.0097
0.0094
0.0151
0.0011
0.0069
0.0080
0.0129
0.0102
0.0074
0.0119
0.0116
0.0047
0.0049
0.0124
0.0163
0.0184
0.0189
0.0065
0.0205
0.0464
0.0275
0.0825
0.0131
0.1875
0.0495
2.4028
0.5027
0.1429
0.0226
0.0416
0.0176
0.0420
0.0043
0.0050
0.0261
0.0209
0.0143
0.0024
0.0103
0.0184
0.0186
0.0076
0.0001
0.0007
0.0026
0.0065
0.0144
0.0212
0.0109
0.0098
0.0366
0.0357
0.0194
0.1122
0.0259
0.2214
