0.0915
0.0421
0.0071
0.0096
0.0439
0.0006
0.0053
0.0032
0.0028
0.0030
0.0019
0.0063
0.0027
0.0080
0.0027
0.0009
0.0004
0.0040
0.0025
0.0058
0.0001
0.0002
0.0034
0.0005
0.0028
0.0029
0.0044
0.0001
0.0043
0.0047
0.0009
0.0002
0.0017
0.0042
0.0035
0.0018
0.0005
0.0019
0.0030
0.0040
0.0037
0.0028
0.0033
0.0019
0.0035
0.0029
0.0011
0.0064
0.0015
0.0157
0.0035
0.0118
0.0042
0.0052
0.0288
0.0130
0.0187
0.0799
0.0768
0.1462
0.2787
0.1104
1.5356
0.4987
0.0305
0.0320
0.0136
0.0099
0.0189
0.0022
0.0062
0.0009
0.0029
0.0006
0.0025
0.0059
0.0005
0.0034
0.0026
0.0001
0.0018
0.0032
0.0001
0.0016
0.0007
0.0011
0.0117
0.0085
0.0134
0.0385
0.0384
0.0655
0.1451
0.0772
1.5379
0.4864
0.0034
0.0479
0.0211
0.0289
0.0098
0.0050
0.0153
0.0014
0.0025
0.0105
0.0017
0.0063
0.0022
0.0015
0.0020
0.0036
0.0028
0.0077
0.0046
0.0032
0.0025
0.0044
0.0082
0.0014
0.0217
0.0281
0.0317
0.0551
0.1466
