1.8705
0.2380
0.3052
0.0250
0.1346
0.0006
0.0027
0.0533
0.1034
0.0823
0.0568
0.0226
0.0518
0.0302
0.0183
0.0558
0.0559
0.0345
0.0271
0.0531
0.0393
0.0369
0.0568
0.0477
0.0389
0.0360
0.0523
0.0469
0.0378
0.0423
0.0357
0.0052
0.0158
0.0076
0.0213
0.0009
0.0392
0.0228
0.0014
0.0278
0.0345
0.0224
0.0332
0.0339
0.0472
0.0558
0.0527
0.0253
0.0475
0.1462
0.0638
0.0485
0.1266
0.0076
0.0953
0.1441
0.0187
0.0377
0.1623
0.9196
0.8391
5.2023
7.5875
0.3822
0.8884
0.2055
0.1730
0.0001
0.0683
0.0250
0.0183
0.0086
0.0002
0.0624
0.0338
0.0558
0.0652
0.0263
0.0354
0.0076
0.0007
0.0571
0.0000
0.0079
0.0919
0.0132
0.0651
0.0697
0.0478
0.0197
0.0588
0.4496
0.5074
2.6255
7.5376
0.1598
0.8076
0.2735
0.1508
0.0320
0.0072
0.0311
0.0201
0.0030
0.0721
0.0254
0.0449
0.0970
0.0345
0.0449
0.0812
0.0080
0.0046
0.0360
0.0312
0.0014
0.1097
0.0924
0.0384
0.0701
0.0047
0.0108
0.0031
0.3699
0.6941
