0.0110
0.1283
0.0312
0.0301
0.0511
0.0134
0.0113
0.0171
0.0044
0.0082
0.0210
0.0179
0.0194
0.0095
0.0099
0.0041
0.0087
0.0064
0.0034
0.0120
0.0108
0.0155
0.0137
0.0162
0.0066
0.0102
0.0067
0.0082
0.0085
0.0074
0.0145
0.0013
0.0053
0.0000
0.0040
0.0002
0.0014
0.0014
0.0023
0.0041
0.0028
0.0104
0.0018
0.0086
0.0035
0.0126
0.0088
0.0114
0.0132
0.0128
0.0263
0.0141
0.0015
0.0099
0.0117
0.0177
0.0231
0.0720
0.0697
0.0239
0.6800
0.0615
2.0459
0.4998
0.0360
0.0648
0.0048
0.0062
0.0275
0.0024
0.0032
0.0123
0.0036
0.0093
0.0142
0.0106
0.0117
0.0073
0.0068
0.0002
0.0011
0.0010
0.0068
0.0068
0.0003
0.0041
0.0007
0.0065
0.0041
0.0343
0.0377
0.0026
0.3386
0.0057
2.0502
0.4889
0.0948
0.0516
0.0039
0.0074
0.0209
0.0081
0.0102
0.0042
0.0024
0.0066
0.0208
0.0080
0.0097
0.0090
0.0100
0.0008
0.0034
0.0063
0.0031
0.0080
0.0073
0.0001
0.0110
0.0039
0.0047
0.0429
0.0448
0.0148
0.3230
