0.1411
0.0060
0.0203
0.0158
0.0170
0.0013
0.0018
0.0119
0.0035
0.0051
0.0052
0.0131
0.0093
0.0015
0.0089
0.0116
0.0036
0.0084
0.0115
0.0043
0.0104
0.0108
0.0033
0.0055
0.0114
0.0048
0.0089
0.0145
0.0064
0.0103
0.0128
0.0010
0.0010
0.0020
0.0031
0.0012
0.0009
0.0073
0.0027
0.0026
0.0086
0.0072
0.0031
0.0106
0.0080
0.0063
0.0134
0.0097
0.0067
0.0196
0.0168
0.0186
0.0078
0.0028
0.0095
0.0128
0.0169
0.0096
0.0850
0.0688
0.1701
0.8422
1.9170
0.5200
0.0782
0.0071
0.0002
0.0067
0.0046
0.0025
0.0000
0.0097
0.0082
0.0045
0.0103
0.0135
0.0071
0.0057
0.0114
0.0044
0.0011
0.0039
0.0087
0.0043
0.0013
0.0034
0.0058
0.0069
0.0137
0.0081
0.0429
0.0371
0.0771
0.3956
1.9266
0.5480
0.0893
0.0099
0.0070
0.0060
0.0064
0.0009
0.0020
0.0003
0.0028
0.0106
0.0087
0.0122
0.0077
0.0090
0.0122
0.0060
0.0007
0.0017
0.0038
0.0059
0.0102
0.0001
0.0112
0.0126
0.0172
0.0152
0.0427
0.0318
0.0631
