0.1018
0.0516
0.0558
0.0178
0.0308
0.0336
0.0152
0.0301
0.0201
0.0090
0.0091
0.0017
0.0033
0.0035
0.0127
0.0128
0.0080
0.0062
0.0044
0.0002
0.0051
0.0042
0.0025
0.0057
0.0118
0.0120
0.0110
0.0122
0.0065
0.0055
0.0038
0.0020
0.0027
0.0015
0.0032
0.0026
0.0023
0.0021
0.0025
0.0023
0.0074
0.0039
0.0063
0.0045
0.0037
0.0019
0.0061
0.0081
0.0084
0.0138
0.0239
0.0307
0.0385
0.0129
0.0084
0.0138
0.0044
0.0674
0.0945
0.2134
0.0889
0.0374
2.0663
0.4969
0.0493
0.0085
0.0181
0.0018
0.0131
0.0142
0.0073
0.0210
0.0192
0.0116
0.0116
0.0088
0.0082
0.0060
0.0142
0.0005
0.0028
0.0040
0.0044
0.0130
0.0088
0.0013
0.0000
0.0067
0.0018
0.0401
0.0512
0.1064
0.0501
0.0083
2.0542
0.5069
0.0295
0.0160
0.0061
0.0094
0.0173
0.0007
0.0043
0.0080
0.0155
0.0163
0.0146
0.0070
0.0053
0.0080
0.0038
0.0073
0.0013
0.0005
0.0019
0.0008
0.0002
0.0044
0.0004
0.0153
0.0137
0.0380
0.0553
0.1096
0.0543
