0.1322
0.0994
0.0546
0.0580
0.0153
0.0388
0.0302
0.0306
0.0021
0.0004
0.0010
0.0040
0.0031
0.0062
0.0085
0.0085
0.0023
0.0025
0.0098
0.0050
0.0097
0.0003
0.0064
0.0054
0.0055
0.0010
0.0004
0.0032
0.0037
0.0031
0.0001
0.0011
0.0034
0.0039
0.0057
0.0072
0.0031
0.0013
0.0006
0.0013
0.0043
0.0037
0.0054
0.0051
0.0092
0.0090
0.0135
0.0038
0.0104
0.0192
0.0250
0.0381
0.0369
0.0157
0.0133
0.0009
0.0189
0.0495
0.0471
0.2104
0.1297
0.0682
2.2357
0.4958
0.0611
0.0331
0.0216
0.0180
0.0034
0.0210
0.0123
0.0169
0.0104
0.0103
0.0071
0.0031
0.0029
0.0069
0.0114
0.0028
0.0028
0.0049
0.0100
0.0140
0.0161
0.0000
0.0036
0.0075
0.0031
0.0338
0.0280
0.1076
0.0703
0.0072
2.2312
0.5047
0.0414
0.0071
0.0119
0.0084
0.0146
0.0086
0.0087
0.0127
0.0185
0.0202
0.0163
0.0115
0.0130
0.0075
0.0058
0.0028
0.0056
0.0021
0.0068
0.0071
0.0077
0.0023
0.0079
0.0116
0.0036
0.0442
0.0388
0.1217
0.0763
