1.0306
0.0765
0.2628
0.0247
0.0135
0.0319
0.0111
0.0271
0.0587
0.0271
0.0573
0.0266
0.0211
0.0150
0.0195
0.0429
0.0252
0.0188
0.0153
0.0403
0.0375
0.0161
0.0125
0.0232
0.0289
0.0242
0.0353
0.0301
0.0161
0.0349
0.0481
0.0136
0.0001
0.0039
0.0066
0.0057
0.0187
0.0324
0.0078
0.0105
0.0227
0.0115
0.0173
0.0135
0.0084
0.0068
0.0565
0.0294
0.0674
0.0286
0.0598
0.0017
0.1036
0.0415
0.0527
0.0365
0.2214
0.1166
0.3465
0.3580
0.5050
2.7286
4.6660
0.4344
0.4941
0.0651
0.1586
0.0188
0.0545
0.0251
0.0028
0.0041
0.0649
0.0138
0.0336
0.0265
0.0334
0.0174
0.0379
0.0282
0.0155
0.0107
0.0141
0.0010
0.0405
0.0179
0.0200
0.0078
0.1117
0.0608
0.1431
0.1770
0.3085
1.3903
4.6426
0.3279
0.4384
0.0865
0.1821
0.0301
0.0708
0.0138
0.0170
0.0105
0.0512
0.0030
0.0372
0.0241
0.0309
0.0275
0.0436
0.0041
0.0006
0.0040
0.0002
0.0045
0.0112
0.0376
0.0255
0.0167
0.0955
0.0458
0.0936
0.1470
0.4041
