0.1262
0.1514
0.1225
0.0503
0.0325
0.0489
0.0210
0.0256
0.0052
0.0109
0.0164
0.0357
0.0091
0.0175
0.0224
0.0180
0.0164
0.0231
0.0154
0.0150
0.0204
0.0139
0.0145
0.0201
0.0174
0.0130
0.0194
0.0165
0.0164
0.0167
0.0183
0.0003
0.0010
0.0053
0.0035
0.0026
0.0060
0.0067
0.0045
0.0106
0.0051
0.0095
0.0141
0.0142
0.0035
0.0204
0.0208
0.0165
0.0207
0.0367
0.0170
0.0434
0.0300
0.0476
0.0586
0.0591
0.0134
0.1074
0.0373
0.1523
0.4494
0.2184
2.1775
0.4927
0.0407
0.0613
0.0559
0.0400
0.0129
0.0333
0.0026
0.0270
0.0095
0.0169
0.0165
0.0305
0.0087
0.0183
0.0240
0.0031
0.0103
0.0055
0.0024
0.0153
0.0160
0.0160
0.0287
0.0230
0.0131
0.0451
0.0304
0.0879
0.2304
0.1317
2.1609
0.4938
0.0101
0.0501
0.0506
0.0421
0.0144
0.0270
0.0176
0.0246
0.0140
0.0244
0.0139
0.0171
0.0191
0.0142
0.0124
0.0046
0.0036
0.0025
0.0086
0.0102
0.0141
0.0100
0.0337
0.0116
0.0304
0.0357
0.0567
0.1087
0.2371
