0.5581
0.0930
0.0910
0.0493
0.1773
0.0880
0.0152
0.1084
0.0854
0.0528
0.0474
0.0740
0.0459
0.0760
0.0488
0.0523
0.0607
0.0652
0.0565
0.0478
0.0651
0.0371
0.0557
0.0395
0.0401
0.0578
0.0585
0.0420
0.0446
0.0500
0.0264
0.0165
0.0051
0.0011
0.0119
0.0067
0.0271
0.0208
0.0085
0.0198
0.0145
0.0136
0.0392
0.0328
0.0471
0.0382
0.0303
0.0791
0.0241
0.0691
0.0639
0.1796
0.0099
0.0392
0.2949
0.0196
0.3070
0.3591
0.4133
0.0688
0.0874
1.0727
3.9490
0.4766
0.2654
0.0476
0.0113
0.0176
0.1300
0.0419
0.0584
0.0631
0.0446
0.0686
0.0463
0.0632
0.0431
0.0709
0.0482
0.0085
0.0049
0.0205
0.0191
0.0634
0.0016
0.0050
0.1422
0.0177
0.1302
0.1885
0.2182
0.0386
0.0734
0.5637
3.9949
0.3771
0.2192
0.0639
0.0423
0.0672
0.1468
0.0002
0.1145
0.0249
0.0034
0.0949
0.0375
0.0316
0.0258
0.0404
0.0366
0.0136
0.0155
0.0031
0.0232
0.0075
0.0020
0.0031
0.1079
0.0059
0.0619
0.1727
0.2186
0.0771
0.1130
