0.0734
0.0959
0.0022
0.0202
0.0130
0.0196
0.0066
0.0006
0.0081
0.0106
0.0103
0.0103
0.0131
0.0077
0.0115
0.0101
0.0108
0.0081
0.0153
0.0083
0.0077
0.0072
0.0085
0.0053
0.0100
0.0103
0.0162
0.0094
0.0047
0.0102
0.0077
0.0039
0.0031
0.0007
0.0008
0.0033
0.0027
0.0018
0.0006
0.0025
0.0020
0.0061
0.0037
0.0070
0.0113
0.0084
0.0101
0.0074
0.0193
0.0166
0.0047
0.0085
0.0259
0.0385
0.0205
0.0029
0.0357
0.0766
0.0629
0.0075
0.1615
0.5947
1.9304
0.5113
0.0477
0.0504
0.0081
0.0000
0.0148
0.0096
0.0103
0.0076
0.0091
0.0097
0.0039
0.0076
0.0121
0.0103
0.0068
0.0004
0.0036
0.0029
0.0015
0.0010
0.0122
0.0161
0.0104
0.0017
0.0148
0.0424
0.0348
0.0138
0.0767
0.2715
1.9337
0.5252
0.0533
0.0326
0.0137
0.0124
0.0087
0.0052
0.0077
0.0163
0.0120
0.0088
0.0021
0.0048
0.0100
0.0068
0.0111
0.0001
0.0027
0.0033
0.0028
0.0010
0.0068
0.0114
0.0101
0.0027
0.0168
0.0385
0.0342
0.0194
0.0666
