1.3621
0.0574
0.0386
0.0566
0.1095
0.0299
0.0027
0.0827
0.0092
0.0663
0.0459
0.0223
0.0302
0.0078
0.0180
0.0139
0.0079
0.0350
0.0311
0.0213
0.0123
0.0013
0.0098
0.0066
0.0070
0.0053
0.0120
0.0058
0.0109
0.0267
0.0093
0.0088
0.0105
0.0021
0.0102
0.0162
0.0017
0.0089
0.0164
0.0066
0.0116
0.0161
0.0211
0.0268
0.0374
0.0291
0.0432
0.0248
0.0659
0.0638
0.0664
0.0083
0.0266
0.0762
0.0067
0.1797
0.1458
0.1299
0.1729
0.5035
0.2968
2.1761
2.9102
0.4444
0.6943
0.0060
0.0119
0.0071
0.0272
0.0170
0.0060
0.0510
0.0077
0.0211
0.0127
0.0339
0.0195
0.0238
0.0337
0.0010
0.0233
0.0198
0.0379
0.0184
0.0082
0.0147
0.0002
0.0872
0.0849
0.0705
0.0914
0.2540
0.0787
1.1153
2.9391
0.3079
0.6879
0.0629
0.0515
0.0321
0.0134
0.0646
0.0033
0.0529
0.0171
0.0034
0.0384
0.0327
0.0587
0.0183
0.0411
0.0121
0.0102
0.0043
0.0387
0.0528
0.0107
0.0100
0.0234
0.0857
0.0980
0.0465
0.0712
0.2511
0.0519
