0.2164
0.1743
0.0368
0.0177
0.0210
0.0405
0.0299
0.0250
0.0371
0.0389
0.0362
0.0223
0.0297
0.0213
0.0264
0.0279
0.0328
0.0219
0.0250
0.0273
0.0309
0.0247
0.0224
0.0231
0.0215
0.0198
0.0219
0.0262
0.0268
0.0294
0.0301
0.0044
0.0050
0.0062
0.0085
0.0072
0.0061
0.0065
0.0091
0.0108
0.0094
0.0168
0.0172
0.0097
0.0112
0.0165
0.0259
0.0244
0.0321
0.0285
0.0378
0.0373
0.0506
0.0458
0.0371
0.0534
0.1136
0.0458
0.1545
0.1940
0.7447
0.5210
2.3543
0.5093
0.0684
0.1024
0.0017
0.0022
0.0078
0.0288
0.0231
0.0271
0.0329
0.0318
0.0286
0.0199
0.0277
0.0203
0.0275
0.0053
0.0089
0.0058
0.0079
0.0070
0.0159
0.0156
0.0142
0.0237
0.0587
0.0239
0.0832
0.0857
0.3846
0.2378
2.3789
0.5064
0.0182
0.0989
0.0108
0.0074
0.0221
0.0221
0.0158
0.0233
0.0276
0.0239
0.0230
0.0211
0.0206
0.0193
0.0242
0.0008
0.0026
0.0025
0.0059
0.0036
0.0091
0.0197
0.0202
0.0205
0.0618
0.0399
0.0896
0.0619
0.3952
