2.3306
0.2211
1.2911
0.0515
0.0946
0.4118
0.2903
0.1195
0.1097
0.1573
0.2370
0.0821
0.1286
0.0427
0.0452
0.0201
0.1325
0.0670
0.0111
0.0306
0.0177
0.0198
0.0120
0.0351
0.0107
0.0098
0.0433
0.0143
0.0537
0.0093
0.0294
0.0403
0.0626
0.0062
0.0112
0.0314
0.0232
0.0007
0.0138
0.0093
0.0597
0.0368
0.0075
0.0696
0.0028
0.0146
0.0542
0.0079
0.1103
0.1255
0.0140
0.0836
0.1844
0.2468
0.5447
0.2971
0.1391
0.1406
1.8682
1.6477
4.3662
1.2282
39.7022
0.5230
0.9425
0.0494
0.8725
0.0055
0.0660
0.1165
0.0167
0.0883
0.1206
0.0794
0.1340
0.0227
0.0248
0.0022
0.0680
0.0482
0.0235
0.1082
0.0318
0.0473
0.0407
0.0358
0.3207
0.2257
0.0454
0.0620
0.7962
0.8280
2.3028
0.5456
39.6907
0.5650
0.5079
0.2791
1.0845
0.0691
0.0800
0.0039
0.2435
0.1614
0.0312
0.0374
0.0335
0.0069
0.0611
0.0451
0.0212
0.0365
0.1008
0.0714
0.1152
0.0754
0.0581
0.0531
0.2343
0.2413
0.0239
0.0584
0.4130
0.7694
2.4505
