0.1194
0.0487
0.0031
0.0252
0.0113
0.0017
0.0072
0.0016
0.0025
0.0122
0.0077
0.0012
0.0048
0.0020
0.0062
0.0039
0.0054
0.0009
0.0007
0.0036
0.0045
0.0054
0.0066
0.0029
0.0002
0.0049
0.0079
0.0006
0.0084
0.0017
0.0023
0.0014
0.0003
0.0019
0.0012
0.0007
0.0039
0.0031
0.0014
0.0002
0.0030
0.0022
0.0049
0.0037
0.0015
0.0048
0.0017
0.0036
0.0088
0.0043
0.0039
0.0116
0.0082
0.0057
0.0061
0.0241
0.0062
0.0250
0.0634
0.0186
0.1243
0.1142
1.6566
0.5014
0.0662
0.0219
0.0073
0.0138
0.0000
0.0006
0.0050
0.0019
0.0013
0.0067
0.0045
0.0020
0.0053
0.0032
0.0039
0.0006
0.0033
0.0023
0.0003
0.0023
0.0073
0.0007
0.0015
0.0133
0.0017
0.0096
0.0318
0.0130
0.0560
0.0338
1.6612
0.5002
0.0722
0.0227
0.0149
0.0151
0.0027
0.0105
0.0030
0.0052
0.0030
0.0046
0.0002
0.0042
0.0034
0.0026
0.0015
0.0006
0.0011
0.0028
0.0008
0.0028
0.0059
0.0025
0.0011
0.0090
0.0081
0.0052
0.0293
0.0206
0.0455
