4.0162
1.1370
2.3014
0.3284
0.4910
0.4715
0.2799
0.1777
0.0981
0.2211
0.0341
0.0742
0.1794
0.1073
0.0275
0.2129
0.1912
0.1124
0.3175
0.1864
0.0621
0.1655
0.1826
0.1465
0.2104
0.0930
0.1280
0.1762
0.1203
0.1484
0.1168
0.0584
0.0448
0.0133
0.0625
0.0891
0.0705
0.1377
0.0482
0.0637
0.1500
0.0311
0.2222
0.1311
0.1008
0.1515
0.0579
0.0340
0.1634
0.2685
0.4582
0.4820
0.5089
0.2742
0.3141
1.2143
1.1707
1.2104
0.5702
0.3323
10.4240
2.1497
52.8624
0.5552
1.4842
0.5398
1.1816
0.0182
0.4584
0.4333
0.2527
0.0723
0.0815
0.0578
0.1726
0.1382
0.2123
0.0812
0.0172
0.0184
0.0219
0.0594
0.2334
0.2713
0.2272
0.0986
0.1250
0.5044
0.4800
0.6108
0.0007
0.2200
5.3706
0.9831
52.6244
0.8127
0.5616
0.5864
1.2136
0.1475
0.5084
0.4968
0.2138
0.0307
0.2405
0.3638
0.2322
0.1657
0.1223
0.0427
0.2492
0.0890
0.0893
0.0875
0.1341
0.2630
0.2798
0.3005
0.0908
0.2487
0.2833
0.7794
0.5182
0.4475
5.6208
