0.3249
0.3292
0.0317
0.0700
0.0930
0.0193
0.0245
0.0141
0.0066
0.0148
0.0102
0.0057
0.0146
0.0214
0.0089
0.0106
0.0004
0.0198
0.0186
0.0112
0.0169
0.0165
0.0164
0.0156
0.0141
0.0130
0.0231
0.0160
0.0182
0.0217
0.0153
0.0027
0.0003
0.0054
0.0051
0.0005
0.0086
0.0055
0.0030
0.0052
0.0011
0.0118
0.0169
0.0089
0.0080
0.0116
0.0162
0.0144
0.0243
0.0162
0.0494
0.0341
0.0465
0.0588
0.0281
0.0768
0.0731
0.0868
0.0835
0.5411
0.0346
0.6051
2.5300
0.5141
0.1674
0.2031
0.0044
0.0458
0.0537
0.0049
0.0166
0.0099
0.0145
0.0167
0.0245
0.0125
0.0111
0.0149
0.0109
0.0004
0.0021
0.0081
0.0139
0.0099
0.0250
0.0333
0.0117
0.0388
0.0209
0.0345
0.0444
0.2452
0.0016
0.2761
2.5509
0.5247
0.1440
0.2493
0.0045
0.0441
0.0464
0.0213
0.0116
0.0240
0.0264
0.0196
0.0275
0.0135
0.0255
0.0146
0.0229
0.0003
0.0006
0.0112
0.0071
0.0117
0.0126
0.0309
0.0094
0.0444
0.0003
0.0227
0.0507
0.1810
0.0249
