0.1676
0.1115
0.0509
0.0008
0.0060
0.0286
0.0360
0.0171
0.0152
0.0200
0.0253
0.0158
0.0118
0.0143
0.0148
0.0151
0.0153
0.0144
0.0147
0.0208
0.0179
0.0149
0.0147
0.0123
0.0146
0.0207
0.0128
0.0140
0.0118
0.0175
0.0140
0.0039
0.0026
0.0018
0.0010
0.0045
0.0068
0.0074
0.0054
0.0062
0.0073
0.0109
0.0146
0.0135
0.0139
0.0160
0.0116
0.0155
0.0108
0.0163
0.0190
0.0311
0.0255
0.0094
0.0197
0.0157
0.0468
0.0370
0.0995
0.1543
0.5908
0.3946
2.0361
0.5065
0.0548
0.0677
0.0135
0.0077
0.0074
0.0161
0.0206
0.0094
0.0152
0.0198
0.0190
0.0147
0.0127
0.0170
0.0092
0.0019
0.0014
0.0054
0.0005
0.0117
0.0109
0.0056
0.0047
0.0025
0.0195
0.0170
0.0575
0.0697
0.3038
0.1712
2.0501
0.5066
0.0089
0.0684
0.0068
0.0023
0.0096
0.0078
0.0110
0.0070
0.0144
0.0132
0.0091
0.0120
0.0128
0.0173
0.0139
0.0039
0.0079
0.0088
0.0025
0.0058
0.0059
0.0103
0.0009
0.0059
0.0284
0.0247
0.0645
0.0534
0.3120
