2.7289
1.1048
0.3812
0.3017
0.0449
0.1268
0.0781
0.0860
0.0642
0.1149
0.1020
0.1160
0.0117
0.0186
0.0339
0.0848
0.0978
0.0029
0.0148
0.0634
0.0286
0.0010
0.0396
0.0307
0.0085
0.0244
0.0504
0.0132
0.0123
0.0554
0.0496
0.0095
0.0096
0.0124
0.0217
0.0502
0.0009
0.0200
0.0097
0.0657
0.0075
0.0538
0.0230
0.0206
0.0217
0.0257
0.0529
0.1063
0.0199
0.0376
0.0367
0.0199
0.1800
0.2368
0.2900
0.0141
0.2185
0.0043
0.3021
0.7116
1.7549
8.9617
12.0690
0.2728
1.2828
0.5914
0.1706
0.1311
0.0660
0.0467
0.0825
0.0256
0.0076
0.0546
0.0370
0.0464
0.0185
0.0505
0.0255
0.0552
0.0498
0.0186
0.0381
0.0120
0.1057
0.0900
0.1123
0.0458
0.0948
0.0257
0.1650
0.2682
0.9984
4.5033
12.0184
0.1341
1.0932
0.6254
0.0647
0.1386
0.1019
0.0263
0.1523
0.1069
0.1014
0.0001
0.0237
0.0101
0.0165
0.0283
0.0283
0.0143
0.0269
0.0389
0.0545
0.0549
0.0765
0.1065
0.0237
0.0615
0.0108
0.1516
0.2332
0.1086
1.2534
