0.5518
0.0403
0.2305
0.0261
0.0344
0.0427
0.0037
0.0142
0.0102
0.0114
0.0261
0.0111
0.0184
0.0033
0.0103
0.0139
0.0078
0.0144
0.0092
0.0100
0.0053
0.0084
0.0119
0.0139
0.0087
0.0062
0.0131
0.0099
0.0069
0.0097
0.0114
0.0065
0.0033
0.0047
0.0013
0.0004
0.0045
0.0037
0.0042
0.0064
0.0012
0.0070
0.0134
0.0108
0.0136
0.0010
0.0036
0.0247
0.0336
0.0154
0.0114
0.0265
0.0402
0.0582
0.0085
0.0454
0.1294
0.0941
0.2090
0.0304
0.4546
0.0457
2.5205
0.4979
0.2516
0.0203
0.0928
0.0003
0.0382
0.0120
0.0067
0.0203
0.0023
0.0028
0.0141
0.0137
0.0187
0.0096
0.0037
0.0151
0.0054
0.0037
0.0134
0.0155
0.0172
0.0249
0.0042
0.0288
0.0539
0.0479
0.1260
0.0210
0.2532
0.0494
2.5077
0.5052
0.2135
0.0026
0.0472
0.0301
0.0511
0.0004
0.0017
0.0290
0.0236
0.0182
0.0007
0.0138
0.0221
0.0213
0.0096
0.0015
0.0036
0.0077
0.0039
0.0208
0.0169
0.0166
0.0140
0.0444
0.0418
0.0302
0.1591
0.0149
0.3037
