0.0945
0.0111
0.0243
0.0099
0.0111
0.0020
0.0124
0.0124
0.0211
0.0098
0.0119
0.0030
0.0020
0.0102
0.0101
0.0059
0.0046
0.0063
0.0047
0.0068
0.0091
0.0099
0.0062
0.0083
0.0014
0.0086
0.0104
0.0089
0.0033
0.0044
0.0093
0.0010
0.0012
0.0068
0.0009
0.0020
0.0027
0.0068
0.0024
0.0080
0.0009
0.0013
0.0047
0.0036
0.0100
0.0091
0.0095
0.0029
0.0023
0.0053
0.0110
0.0102
0.0178
0.0048
0.0205
0.0262
0.0466
0.0498
0.1571
0.0841
0.3248
0.0584
1.8865
0.4976
0.0634
0.0148
0.0253
0.0009
0.0133
0.0084
0.0071
0.0073
0.0109
0.0067
0.0059
0.0043
0.0063
0.0065
0.0087
0.0018
0.0001
0.0008
0.0010
0.0013
0.0051
0.0020
0.0076
0.0121
0.0175
0.0243
0.0768
0.0449
0.1559
0.0043
1.8842
0.5053
0.0868
0.0144
0.0479
0.0091
0.0188
0.0085
0.0112
0.0040
0.0120
0.0054
0.0087
0.0045
0.0068
0.0057
0.0080
0.0004
0.0041
0.0036
0.0012
0.0013
0.0044
0.0022
0.0062
0.0135
0.0183
0.0276
0.0632
0.0400
0.1447
