0.1052
0.0758
0.0502
0.0314
0.0379
0.0181
0.0220
0.0180
0.0207
0.0172
0.0144
0.0064
0.0090
0.0092
0.0076
0.0127
0.0102
0.0146
0.0124
0.0127
0.0069
0.0137
0.0100
0.0100
0.0081
0.0110
0.0118
0.0028
0.0090
0.0067
0.0167
0.0032
0.0005
0.0036
0.0018
0.0027
0.0033
0.0033
0.0049
0.0078
0.0078
0.0083
0.0040
0.0057
0.0135
0.0068
0.0083
0.0182
0.0206
0.0210
0.0270
0.0358
0.0139
0.0051
0.0071
0.0125
0.0069
0.0955
0.0897
0.1868
0.1050
0.0231
2.1105
0.5009
0.0520
0.0237
0.0175
0.0054
0.0151
0.0095
0.0130
0.0093
0.0153
0.0171
0.0176
0.0120
0.0169
0.0120
0.0063
0.0103
0.0061
0.0077
0.0083
0.0083
0.0005
0.0018
0.0096
0.0146
0.0077
0.0523
0.0475
0.1007
0.0558
0.0142
2.1012
0.5052
0.0256
0.0025
0.0017
0.0123
0.0108
0.0070
0.0018
0.0022
0.0069
0.0191
0.0134
0.0136
0.0125
0.0112
0.0069
0.0008
0.0041
0.0031
0.0001
0.0018
0.0018
0.0008
0.0008
0.0022
0.0248
0.0488
0.0582
0.1013
0.0618
