0.0613
0.0620
0.0697
0.0048
0.0002
0.0100
0.0239
0.0096
0.0074
0.0070
0.0081
0.0016
0.0025
0.0016
0.0081
0.0019
0.0009
0.0012
0.0071
0.0015
0.0008
0.0023
0.0004
0.0010
0.0042
0.0034
0.0027
0.0003
0.0027
0.0029
0.0005
0.0007
0.0006
0.0043
0.0036
0.0042
0.0024
0.0038
0.0008
0.0003
0.0004
0.0032
0.0001
0.0049
0.0015
0.0013
0.0007
0.0060
0.0008
0.0018
0.0087
0.0076
0.0014
0.0062
0.0064
0.0255
0.0136
0.0412
0.0501
0.0330
0.3743
0.2434
1.6490
0.5055
0.0131
0.0279
0.0303
0.0077
0.0037
0.0031
0.0113
0.0035
0.0023
0.0007
0.0069
0.0020
0.0021
0.0009
0.0036
0.0030
0.0002
0.0005
0.0030
0.0065
0.0004
0.0071
0.0020
0.0163
0.0079
0.0180
0.0320
0.0202
0.1886
0.0974
1.6507
0.5111
0.0244
0.0199
0.0171
0.0169
0.0024
0.0110
0.0081
0.0050
0.0005
0.0048
0.0038
0.0012
0.0020
0.0031
0.0047
0.0016
0.0008
0.0022
0.0053
0.0028
0.0045
0.0070
0.0088
0.0099
0.0054
0.0136
0.0419
0.0277
0.1877
