1.1194
0.2909
0.0141
0.1376
0.1200
0.0550
0.1416
0.1245
0.0140
0.0572
0.0178
0.0282
0.0510
0.0613
0.0353
0.0310
0.0357
0.0390
0.0296
0.0377
0.0276
0.0272
0.0195
0.0331
0.0272
0.0212
0.0219
0.0247
0.0216
0.0259
0.0279
0.0049
0.0191
0.0064
0.0038
0.0061
0.0074
0.0070
0.0105
0.0057
0.0130
0.0054
0.0416
0.0271
0.0103
0.0201
0.0146
0.0080
0.0134
0.1068
0.0270
0.0652
0.0665
0.1520
0.0928
0.2619
0.0726
0.0369
0.1678
0.4736
0.4272
1.7499
3.1026
0.4541
0.5778
0.1126
0.0097
0.0675
0.0415
0.0147
0.0802
0.0845
0.0209
0.0468
0.0223
0.0523
0.0321
0.0335
0.0267
0.0142
0.0036
0.0430
0.0009
0.0198
0.0321
0.0443
0.0215
0.1348
0.0545
0.0033
0.0788
0.2576
0.1556
0.8904
3.1168
0.3434
0.5763
0.0493
0.0581
0.0446
0.0239
0.0804
0.0600
0.0812
0.0339
0.0268
0.0255
0.0525
0.0026
0.0019
0.0022
0.0112
0.0067
0.0012
0.0198
0.0040
0.0198
0.0134
0.0244
0.1063
0.0830
0.0182
0.0632
0.2856
0.0503
