0.2995
0.0523
0.0330
0.0048
0.0058
0.0253
0.0201
0.0072
0.0168
0.0001
0.0080
0.0079
0.0027
0.0065
0.0002
0.0046
0.0009
0.0030
0.0009
0.0023
0.0032
0.0006
0.0046
0.0014
0.0007
0.0031
0.0026
0.0000
0.0047
0.0007
0.0007
0.0053
0.0027
0.0015
0.0015
0.0027
0.0035
0.0004
0.0021
0.0035
0.0008
0.0021
0.0008
0.0031
0.0031
0.0074
0.0037
0.0008
0.0010
0.0084
0.0022
0.0096
0.0099
0.0264
0.0159
0.0207
0.0541
0.0404
0.0226
0.1357
0.4558
0.5295
1.7789
0.4822
0.1726
0.0327
0.0155
0.0059
0.0111
0.0185
0.0073
0.0035
0.0057
0.0004
0.0035
0.0027
0.0031
0.0035
0.0025
0.0032
0.0012
0.0063
0.0021
0.0022
0.0031
0.0136
0.0157
0.0069
0.0220
0.0169
0.0063
0.0659
0.2132
0.2865
1.7805
0.4593
0.2114
0.0512
0.0193
0.0190
0.0234
0.0172
0.0035
0.0104
0.0034
0.0030
0.0055
0.0063
0.0048
0.0026
0.0021
0.0013
0.0003
0.0005
0.0038
0.0008
0.0077
0.0071
0.0117
0.0065
0.0160
0.0111
0.0001
0.0542
0.1729
