0.2225
0.4104
0.0850
0.0003
0.0010
0.0474
0.0153
0.0162
0.0158
0.0020
0.0011
0.0107
0.0101
0.0021
0.0074
0.0002
0.0032
0.0046
0.0124
0.0066
0.0040
0.0008
0.0109
0.0040
0.0060
0.0039
0.0065
0.0046
0.0066
0.0058
0.0024
0.0021
0.0022
0.0044
0.0019
0.0012
0.0001
0.0039
0.0026
0.0025
0.0063
0.0030
0.0031
0.0056
0.0108
0.0005
0.0055
0.0026
0.0065
0.0064
0.0133
0.0060
0.0003
0.0187
0.0060
0.0265
0.0309
0.0216
0.0721
0.0460
0.1744
0.2102
1.9793
0.5067
0.1027
0.2076
0.0366
0.0025
0.0068
0.0257
0.0094
0.0049
0.0113
0.0027
0.0054
0.0067
0.0081
0.0020
0.0091
0.0009
0.0020
0.0043
0.0069
0.0030
0.0053
0.0099
0.0007
0.0017
0.0171
0.0100
0.0450
0.0091
0.1004
0.0791
1.9715
0.5140
0.0883
0.1985
0.0121
0.0039
0.0086
0.0245
0.0035
0.0068
0.0005
0.0027
0.0057
0.0087
0.0053
0.0069
0.0068
0.0009
0.0015
0.0090
0.0051
0.0042
0.0018
0.0137
0.0003
0.0179
0.0133
0.0110
0.0487
0.0684
0.1184
