0.4230
0.3274
0.1466
0.1391
0.0296
0.0808
0.2675
0.0453
0.1199
0.0297
0.0199
0.0087
0.0489
0.0225
0.0014
0.0273
0.0117
0.0137
0.0133
0.0190
0.0091
0.0012
0.0042
0.0221
0.0243
0.0078
0.0160
0.0217
0.0058
0.0000
0.0053
0.0084
0.0004
0.0152
0.0007
0.0087
0.0024
0.0017
0.0007
0.0209
0.0064
0.0201
0.0076
0.0012
0.0313
0.0003
0.0039
0.0092
0.0242
0.0170
0.0211
0.0249
0.1893
0.0298
0.1355
0.2543
0.1037
0.0636
0.1468
0.0743
0.7091
2.2329
4.2505
0.4492
0.1752
0.1593
0.0577
0.0552
0.0385
0.0042
0.1485
0.0025
0.0059
0.0031
0.0049
0.0031
0.0322
0.0125
0.0073
0.0073
0.0203
0.0045
0.0083
0.0112
0.1055
0.0056
0.0145
0.1422
0.0569
0.0475
0.0962
0.0608
0.3722
1.1397
4.2350
0.3263
0.1004
0.1268
0.0253
0.0289
0.0474
0.0751
0.1295
0.0112
0.1030
0.0046
0.0278
0.0132
0.0240
0.0235
0.0198
0.0024
0.0029
0.0131
0.0102
0.0268
0.0814
0.0480
0.1079
0.1067
0.0202
0.0729
0.0963
0.1013
0.4076
