0.0767
0.1091
0.0388
0.0829
0.0454
0.3098
0.0416
0.0445
0.0411
0.0111
0.0128
0.0073
0.0487
0.0448
0.0469
0.0699
0.0134
0.0363
0.0194
0.0356
0.0306
0.0112
0.0251
0.0257
0.0274
0.0350
0.0309
0.0436
0.0328
0.0501
0.0183
0.0070
0.0096
0.0020
0.0173
0.0163
0.0049
0.0159
0.0221
0.0031
0.0256
0.0151
0.0140
0.0203
0.0220
0.0044
0.0082
0.0106
0.0619
0.0257
0.0367
0.0802
0.0779
0.0302
0.0048
0.0237
0.1774
0.1898
0.0313
0.2282
0.5058
0.3378
2.7622
0.5051
0.0667
0.0709
0.0209
0.0633
0.0008
0.1533
0.0251
0.0268
0.0403
0.0185
0.0150
0.0210
0.0389
0.0274
0.0146
0.0033
0.0091
0.0094
0.0068
0.0505
0.0277
0.0014
0.0142
0.0385
0.0961
0.0848
0.0087
0.1109
0.2488
0.1486
2.7857
0.4929
0.0761
0.0713
0.0014
0.0717
0.0413
0.0716
0.0098
0.0255
0.0429
0.0338
0.0253
0.0147
0.0355
0.0122
0.0061
0.0083
0.0187
0.0225
0.0223
0.0237
0.0164
0.0048
0.0084
0.0994
0.0936
0.0544
0.0188
0.0849
0.2322
