0.6302
0.0976
0.2033
0.0216
0.0294
0.0579
0.0059
0.0111
0.0306
0.0018
0.0152
0.0065
0.0137
0.0060
0.0089
0.0087
0.0121
0.0089
0.0084
0.0098
0.0068
0.0111
0.0106
0.0094
0.0073
0.0117
0.0100
0.0103
0.0098
0.0115
0.0092
0.0000
0.0013
0.0020
0.0012
0.0009
0.0036
0.0036
0.0006
0.0090
0.0040
0.0051
0.0063
0.0106
0.0038
0.0129
0.0112
0.0141
0.0134
0.0165
0.0281
0.0129
0.0223
0.0532
0.0078
0.0518
0.0600
0.0649
0.0392
0.1643
0.1108
0.5322
1.8795
0.5125
0.3202
0.0390
0.1041
0.0029
0.0225
0.0372
0.0042
0.0211
0.0159
0.0038
0.0180
0.0073
0.0094
0.0128
0.0069
0.0029
0.0020
0.0001
0.0104
0.0068
0.0038
0.0211
0.0051
0.0168
0.0235
0.0357
0.0011
0.0898
0.0234
0.2422
1.8727
0.5242
0.3074
0.0167
0.0869
0.0080
0.0242
0.0339
0.0005
0.0239
0.0150
0.0089
0.0143
0.0134
0.0121
0.0126
0.0108
0.0004
0.0019
0.0019
0.0014
0.0108
0.0025
0.0111
0.0143
0.0031
0.0171
0.0365
0.0335
0.1002
0.0351
