1.8788
0.0431
0.1038
0.1271
0.2288
0.2401
0.0218
0.1101
0.0351
0.0017
0.0155
0.0085
0.0692
0.0061
0.0167
0.0346
0.0157
0.0169
0.0022
0.0027
0.0075
0.0181
0.0008
0.0034
0.0095
0.0229
0.0061
0.0042
0.0140
0.0072
0.0126
0.0035
0.0185
0.0066
0.0046
0.0175
0.0024
0.0051
0.0006
0.0167
0.0133
0.0039
0.0003
0.0012
0.0178
0.0040
0.0034
0.0216
0.0645
0.0548
0.0583
0.0167
0.0354
0.0735
0.2037
0.0495
0.1966
0.0986
0.1398
0.7199
0.0458
2.9730
3.7279
0.5597
0.9252
0.0817
0.0438
0.0473
0.0759
0.0965
0.0314
0.0664
0.0144
0.0042
0.0037
0.0099
0.0652
0.0062
0.0233
0.0006
0.0085
0.0162
0.0254
0.0086
0.0247
0.0075
0.0924
0.0661
0.1178
0.0672
0.0765
0.3473
0.1135
1.4621
3.7191
0.7174
0.8989
0.1647
0.0032
0.0210
0.0041
0.0476
0.0900
0.0560
0.0234
0.0144
0.0227
0.0361
0.0066
0.0213
0.0081
0.0090
0.0336
0.0141
0.0106
0.0095
0.0150
0.0394
0.0475
0.1206
0.1488
0.0738
0.0804
0.3088
0.2967
