12.2772
8.5099
1.1280
0.9424
2.6339
0.2597
0.1553
2.0640
2.1142
0.9157
1.2258
0.4264
0.6968
0.4642
0.5291
1.0404
0.9576
0.0790
0.6624
0.8434
0.7981
0.5451
0.4491
0.6577
0.4816
0.6953
0.7764
0.8259
0.6521
0.8802
0.5804
0.2077
0.3732
0.1291
0.1083
0.1842
0.1823
0.3195
0.6091
0.0336
0.5100
0.4274
0.4846
0.2757
0.5417
0.7121
0.2216
0.0604
1.2882
1.3250
0.2954
2.0799
0.8444
1.8113
1.9225
2.4115
3.0848
2.3679
1.7923
6.6140
22.4422
62.2190
88.5961
2.1659
4.7831
4.7137
0.6541
0.2174
1.0346
0.4496
0.4997
1.4541
1.0948
1.0435
0.8020
0.6385
0.8641
0.4468
0.2006
0.0691
0.4032
0.3105
0.1581
0.7899
0.0049
0.3699
0.9209
1.2230
1.7021
1.1155
0.9498
2.6663
11.6601
31.0383
88.0224
4.4329
3.2918
4.6779
0.4737
0.2911
0.0678
0.7435
0.7062
1.1504
0.4035
1.0903
0.3338
1.2150
0.6950
0.2861
0.5577
0.4196
0.0522
0.1987
0.1988
0.0079
0.2459
0.1197
1.3107
0.8746
2.5261
1.6835
0.8502
1.5719
12.6778
