0.0802
0.0480
0.0086
0.0075
0.0291
0.0268
0.0073
0.0052
0.0099
0.0004
0.0077
0.0057
0.0007
0.0068
0.0018
0.0030
0.0008
0.0009
0.0011
0.0054
0.0030
0.0003
0.0013
0.0001
0.0020
0.0037
0.0001
0.0027
0.0030
0.0026
0.0008
0.0049
0.0021
0.0000
0.0003
0.0005
0.0036
0.0005
0.0006
0.0004
0.0007
0.0010
0.0011
0.0054
0.0003
0.0014
0.0008
0.0049
0.0019
0.0033
0.0070
0.0072
0.0015
0.0082
0.0056
0.0166
0.0128
0.0517
0.0855
0.0070
0.1262
0.1484
1.5315
0.5024
0.0471
0.0256
0.0071
0.0101
0.0116
0.0079
0.0021
0.0051
0.0027
0.0013
0.0048
0.0042
0.0003
0.0000
0.0003
0.0034
0.0006
0.0006
0.0012
0.0013
0.0028
0.0031
0.0021
0.0133
0.0078
0.0242
0.0425
0.0071
0.0615
0.0495
1.5327
0.5017
0.0545
0.0207
0.0209
0.0165
0.0082
0.0008
0.0004
0.0041
0.0009
0.0040
0.0020
0.0027
0.0003
0.0004
0.0010
0.0013
0.0009
0.0026
0.0050
0.0036
0.0070
0.0019
0.0029
0.0156
0.0144
0.0182
0.0366
0.0169
0.0527
