0.1620
0.3311
0.2009
0.0623
0.0157
0.0005
0.0337
0.0238
0.0135
0.0382
0.0008
0.0034
0.0178
0.0158
0.0036
0.0100
0.0097
0.0121
0.0003
0.0095
0.0219
0.0031
0.0058
0.0024
0.0172
0.0136
0.0134
0.0057
0.0172
0.0064
0.0070
0.0037
0.0013
0.0002
0.0077
0.0012
0.0026
0.0079
0.0067
0.0042
0.0074
0.0028
0.0149
0.0116
0.0036
0.0067
0.0085
0.0200
0.0009
0.0211
0.0310
0.0119
0.0166
0.0855
0.0444
0.0397
0.0973
0.1920
0.1032
0.0911
0.2028
1.5061
3.9582
0.4621
0.0925
0.1591
0.0847
0.0561
0.0247
0.0101
0.0268
0.0075
0.0079
0.0237
0.0094
0.0127
0.0041
0.0159
0.0007
0.0040
0.0088
0.0074
0.0087
0.0026
0.0079
0.0431
0.0138
0.0236
0.0496
0.0897
0.0698
0.0719
0.0913
0.7772
3.9455
0.3984
0.1160
0.1386
0.0654
0.0801
0.0310
0.0207
0.0247
0.0386
0.0052
0.0081
0.0250
0.0208
0.0015
0.0077
0.0274
0.0037
0.0032
0.0124
0.0103
0.0093
0.0038
0.0308
0.0116
0.0023
0.0324
0.0634
0.1050
0.1178
0.0664
