0.1333
0.0778
0.0554
0.0383
0.0207
0.0408
0.0140
0.0331
0.0205
0.0041
0.0032
0.0031
0.0023
0.0079
0.0090
0.0088
0.0080
0.0119
0.0100
0.0098
0.0069
0.0024
0.0058
0.0044
0.0101
0.0129
0.0109
0.0006
0.0067
0.0043
0.0041
0.0052
0.0040
0.0080
0.0053
0.0001
0.0017
0.0037
0.0032
0.0056
0.0068
0.0005
0.0068
0.0107
0.0054
0.0123
0.0064
0.0140
0.0177
0.0308
0.0296
0.0275
0.0344
0.0121
0.0039
0.0007
0.0234
0.0814
0.0795
0.1907
0.1074
0.0446
2.1780
0.4993
0.0605
0.0252
0.0180
0.0091
0.0131
0.0198
0.0086
0.0197
0.0207
0.0102
0.0116
0.0151
0.0089
0.0120
0.0117
0.0004
0.0066
0.0101
0.0139
0.0147
0.0108
0.0010
0.0004
0.0049
0.0094
0.0490
0.0437
0.1042
0.0590
0.0010
2.1662
0.5082
0.0391
0.0032
0.0102
0.0077
0.0254
0.0097
0.0011
0.0123
0.0162
0.0178
0.0169
0.0175
0.0140
0.0136
0.0074
0.0009
0.0033
0.0053
0.0019
0.0037
0.0036
0.0056
0.0027
0.0110
0.0058
0.0477
0.0506
0.1055
0.0688
