0.1082
0.0530
0.0185
0.0530
0.0216
0.0114
0.0057
0.0182
0.0144
0.0032
0.0058
0.0117
0.0116
0.0002
0.0082
0.0090
0.0114
0.0054
0.0085
0.0068
0.0061
0.0030
0.0138
0.0066
0.0083
0.0072
0.0085
0.0074
0.0127
0.0067
0.0075
0.0022
0.0004
0.0007
0.0019
0.0084
0.0020
0.0001
0.0048
0.0066
0.0040
0.0039
0.0043
0.0054
0.0088
0.0061
0.0039
0.0039
0.0036
0.0174
0.0232
0.0132
0.0035
0.0186
0.0249
0.0133
0.0398
0.0666
0.0595
0.0015
0.1051
0.4368
1.9813
0.5083
0.0573
0.0257
0.0027
0.0373
0.0124
0.0013
0.0025
0.0141
0.0085
0.0079
0.0101
0.0103
0.0079
0.0065
0.0040
0.0014
0.0009
0.0049
0.0096
0.0040
0.0016
0.0062
0.0142
0.0104
0.0162
0.0259
0.0287
0.0040
0.0521
0.1908
1.9849
0.5169
0.0604
0.0209
0.0012
0.0382
0.0192
0.0002
0.0055
0.0137
0.0032
0.0079
0.0138
0.0106
0.0036
0.0078
0.0024
0.0083
0.0025
0.0002
0.0023
0.0032
0.0004
0.0017
0.0156
0.0148
0.0112
0.0159
0.0341
0.0071
0.0335
