0.1488
0.1195
0.0466
0.0209
0.0551
0.0270
0.0368
0.0064
0.0158
0.0031
0.0066
0.0109
0.0115
0.0056
0.0097
0.0032
0.0032
0.0046
0.0025
0.0031
0.0020
0.0015
0.0029
0.0010
0.0025
0.0029
0.0046
0.0064
0.0064
0.0016
0.0037
0.0054
0.0008
0.0029
0.0026
0.0010
0.0010
0.0002
0.0030
0.0023
0.0009
0.0017
0.0049
0.0047
0.0011
0.0001
0.0016
0.0078
0.0085
0.0097
0.0116
0.0109
0.0290
0.0168
0.0444
0.0163
0.0421
0.0444
0.0152
0.0153
0.3723
0.6680
1.6117
0.4823
0.0932
0.0603
0.0210
0.0048
0.0198
0.0086
0.0271
0.0051
0.0014
0.0066
0.0043
0.0013
0.0119
0.0092
0.0027
0.0009
0.0008
0.0131
0.0036
0.0072
0.0143
0.0060
0.0139
0.0137
0.0312
0.0233
0.0102
0.0009
0.1779
0.3576
1.6156
0.4459
0.1252
0.0551
0.0147
0.0082
0.0005
0.0011
0.0271
0.0088
0.0157
0.0081
0.0073
0.0041
0.0004
0.0004
0.0018
0.0006
0.0036
0.0031
0.0064
0.0039
0.0079
0.0008
0.0083
0.0147
0.0356
0.0226
0.0193
0.0185
0.1558
