0.6103
0.3496
0.0013
0.0055
0.1503
0.0057
0.0029
0.0183
0.0544
0.0712
0.0170
0.2282
0.1149
0.1554
0.0403
0.0734
0.1355
0.0522
0.1121
0.1132
0.0930
0.0969
0.0662
0.0465
0.0483
0.0776
0.0882
0.0622
0.0961
0.0834
0.0628
0.0353
0.0023
0.0056
0.0156
0.0251
0.0143
0.0301
0.0038
0.0515
0.0780
0.0555
0.0675
0.0243
0.0199
0.1567
0.0540
0.1033
0.0901
0.1036
0.1211
0.0931
0.1334
0.1399
0.3226
0.1123
0.2710
0.2704
0.6911
0.7705
2.5788
0.2456
13.2985
0.5117
0.4384
0.1167
0.0623
0.0117
0.1150
0.0214
0.0590
0.0369
0.0561
0.0274
0.0678
0.1245
0.0792
0.1503
0.0380
0.0320
0.0129
0.0403
0.0583
0.0403
0.0505
0.0715
0.1645
0.0537
0.1326
0.1258
0.3737
0.4199
1.2710
0.1119
13.2109
0.5925
0.5861
0.0545
0.1192
0.0295
0.1031
0.0298
0.1307
0.0441
0.0558
0.0414
0.0854
0.0797
0.0417
0.0967
0.1263
0.0077
0.0008
0.0610
0.0793
0.0685
0.0738
0.0901
0.1432
0.1297
0.0794
0.1562
0.3371
0.4747
1.1786
