0.2287
0.4598
0.1141
0.0003
0.0115
0.0289
0.0182
0.0302
0.0124
0.0066
0.0075
0.0041
0.0019
0.0048
0.0022
0.0013
0.0055
0.0066
0.0036
0.0084
0.0047
0.0018
0.0058
0.0024
0.0031
0.0025
0.0022
0.0021
0.0068
0.0004
0.0016
0.0014
0.0026
0.0007
0.0007
0.0003
0.0041
0.0005
0.0034
0.0036
0.0028
0.0048
0.0015
0.0027
0.0007
0.0063
0.0008
0.0104
0.0009
0.0078
0.0002
0.0084
0.0215
0.0110
0.0039
0.0581
0.0005
0.0076
0.0717
0.1342
0.2152
0.3111
2.1585
0.5053
0.1064
0.2375
0.0493
0.0040
0.0048
0.0254
0.0068
0.0167
0.0106
0.0040
0.0034
0.0081
0.0029
0.0029
0.0026
0.0033
0.0031
0.0025
0.0002
0.0019
0.0029
0.0012
0.0055
0.0191
0.0031
0.0007
0.0460
0.0305
0.1182
0.1315
2.1568
0.5187
0.0791
0.2370
0.0281
0.0017
0.0049
0.0293
0.0003
0.0089
0.0142
0.0049
0.0010
0.0003
0.0038
0.0048
0.0039
0.0036
0.0024
0.0040
0.0035
0.0005
0.0021
0.0118
0.0111
0.0010
0.0071
0.0051
0.0617
0.0372
0.1363
