25.7983
6.3714
12.8186
2.2834
0.2294
2.2205
1.6043
2.1211
0.9029
2.3259
1.2744
0.4265
0.5960
0.1419
0.7507
2.0571
0.7226
0.5119
1.0594
1.1754
0.2819
0.8874
0.9186
0.9177
1.1488
0.4404
0.5825
0.7539
0.3780
0.7664
0.8485
0.0057
0.0231
0.2102
0.1854
0.3213
0.5522
0.8246
0.3243
0.1580
0.7800
0.7580
1.4306
0.4121
0.1136
0.2841
0.5849
1.5980
0.9690
0.5654
2.1372
0.9022
1.2077
2.0660
6.0649
7.7854
4.0770
4.0981
5.9965
0.3358
59.8896
15.5339
336.5984
0.5978
9.8855
2.9836
6.8834
0.8794
0.5982
0.7774
1.9898
1.6798
0.5536
0.9659
0.7762
0.2965
0.3431
0.6836
0.9078
1.0755
1.2966
0.2026
0.7953
1.0877
0.3920
0.5616
2.6639
4.0523
2.2761
2.5161
1.6305
0.4361
30.5425
7.8706
334.9012
1.9555
4.5352
3.7243
7.3519
0.3859
0.7989
2.4980
2.6264
1.3757
0.4288
0.9235
1.5566
1.0975
0.7212
0.6872
1.2168
0.2017
0.6892
0.9768
1.4807
2.0947
0.7656
0.3517
1.1619
3.5436
2.4711
3.1084
1.5842
1.6626
32.6909
