0.2163
0.0598
0.2158
0.1049
0.0295
0.0120
0.0146
0.0022
0.0349
0.0024
0.0030
0.0140
0.0122
0.0102
0.0058
0.0046
0.0046
0.0019
0.0047
0.0080
0.0010
0.0049
0.0063
0.0002
0.0062
0.0002
0.0023
0.0023
0.0028
0.0001
0.0032
0.0036
0.0018
0.0091
0.0045
0.0085
0.0046
0.0005
0.0075
0.0023
0.0070
0.0062
0.0019
0.0035
0.0030
0.0022
0.0063
0.0188
0.0232
0.0111
0.0014
0.0147
0.0006
0.0085
0.0086
0.0466
0.0132
0.0086
0.0907
0.0746
0.2876
0.2313
2.1680
0.5013
0.1207
0.0314
0.0967
0.0498
0.0137
0.0139
0.0001
0.0042
0.0178
0.0061
0.0040
0.0003
0.0039
0.0019
0.0040
0.0121
0.0118
0.0066
0.0048
0.0018
0.0076
0.0020
0.0045
0.0210
0.0023
0.0073
0.0664
0.0331
0.1317
0.0910
2.1684
0.5148
0.1456
0.0425
0.0649
0.0405
0.0155
0.0213
0.0022
0.0072
0.0038
0.0110
0.0007
0.0083
0.0117
0.0075
0.0088
0.0017
0.0020
0.0080
0.0007
0.0055
0.0165
0.0025
0.0139
0.0072
0.0126
0.0349
0.0968
0.0198
0.1037
