0.1017
0.0188
0.0041
0.0202
0.0062
0.0150
0.0074
0.0152
0.0002
0.0027
0.0100
0.0076
0.0015
0.0049
0.0044
0.0051
0.0029
0.0044
0.0032
0.0052
0.0036
0.0045
0.0048
0.0024
0.0080
0.0068
0.0084
0.0081
0.0068
0.0032
0.0064
0.0010
0.0033
0.0001
0.0001
0.0008
0.0016
0.0080
0.0051
0.0031
0.0011
0.0028
0.0027
0.0024
0.0061
0.0059
0.0074
0.0066
0.0058
0.0032
0.0120
0.0128
0.0017
0.0002
0.0173
0.0206
0.0124
0.0509
0.0650
0.0120
0.1389
0.2543
1.7128
0.5073
0.0566
0.0062
0.0025
0.0176
0.0024
0.0004
0.0062
0.0073
0.0010
0.0044
0.0063
0.0046
0.0032
0.0048
0.0078
0.0011
0.0005
0.0017
0.0062
0.0074
0.0007
0.0029
0.0048
0.0111
0.0072
0.0235
0.0305
0.0023
0.0619
0.1021
1.7186
0.5076
0.0658
0.0178
0.0129
0.0240
0.0012
0.0018
0.0068
0.0016
0.0010
0.0085
0.0044
0.0022
0.0063
0.0038
0.0070
0.0003
0.0040
0.0003
0.0007
0.0048
0.0031
0.0018
0.0065
0.0184
0.0063
0.0155
0.0308
0.0000
0.0529
