0.7870
0.0687
0.0919
0.0220
0.0386
0.0070
0.0550
0.0729
0.0035
0.0456
0.0259
0.0308
0.0142
0.0171
0.0245
0.0406
0.0130
0.0178
0.0321
0.0257
0.0180
0.0219
0.0199
0.0277
0.0273
0.0249
0.0255
0.0358
0.0205
0.0210
0.0270
0.0028
0.0018
0.0050
0.0054
0.0089
0.0178
0.0036
0.0122
0.0095
0.0057
0.0157
0.0304
0.0244
0.0288
0.0092
0.0137
0.0182
0.0284
0.0263
0.0648
0.0622
0.0475
0.0147
0.1008
0.0227
0.1515
0.1148
0.3378
0.3099
0.0886
1.9202
3.7783
0.4498
0.3805
0.0118
0.0783
0.0047
0.0093
0.0030
0.0447
0.0396
0.0110
0.0348
0.0354
0.0277
0.0149
0.0237
0.0210
0.0117
0.0050
0.0027
0.0238
0.0144
0.0217
0.0081
0.0403
0.0143
0.0738
0.0592
0.1572
0.1552
0.0825
0.9867
3.7537
0.3796
0.3919
0.0124
0.1048
0.0105
0.0215
0.0005
0.0518
0.0125
0.0337
0.0351
0.0398
0.0236
0.0380
0.0209
0.0158
0.0052
0.0174
0.0087
0.0195
0.0000
0.0298
0.0028
0.0232
0.0378
0.0923
0.0697
0.1313
0.1654
0.1688
