0.2850
0.0189
0.0972
0.2710
0.2694
0.1583
0.1177
0.1973
0.0049
0.0124
0.0203
0.0325
0.0316
0.0166
0.0430
0.0259
0.0368
0.0030
0.0368
0.0372
0.0213
0.0289
0.0228
0.0151
0.0366
0.0081
0.0202
0.0350
0.0356
0.0312
0.0158
0.0091
0.0181
0.0144
0.0084
0.0093
0.0036
0.0094
0.0293
0.0033
0.0190
0.0254
0.0172
0.0121
0.0415
0.0054
0.0298
0.0502
0.0594
0.0994
0.0027
0.1106
0.1461
0.0265
0.2194
0.1116
0.1127
0.0458
0.2288
0.1423
0.8050
1.8075
4.5431
0.4528
0.0922
0.0025
0.0236
0.1208
0.1185
0.0988
0.0104
0.0965
0.0441
0.0492
0.0205
0.0425
0.0458
0.0254
0.0281
0.0309
0.0102
0.0255
0.0065
0.0370
0.0622
0.0601
0.1155
0.0266
0.0857
0.0440
0.1268
0.0642
0.4221
0.9274
4.5104
0.3965
0.0575
0.0016
0.0009
0.1070
0.0198
0.1051
0.0782
0.0149
0.0802
0.0478
0.0146
0.0697
0.0347
0.0474
0.0152
0.0007
0.0118
0.0053
0.0198
0.0212
0.0454
0.1126
0.1331
0.0725
0.1176
0.1374
0.1406
0.0991
0.4263
