0.3507
0.2044
0.0691
0.0486
0.1156
0.0362
0.0100
0.0295
0.0031
0.0115
0.0092
0.0253
0.0062
0.0011
0.0139
0.0112
0.0278
0.0069
0.0158
0.0220
0.0256
0.0100
0.0192
0.0332
0.0101
0.0171
0.0200
0.0146
0.0107
0.0136
0.0186
0.0045
0.0084
0.0110
0.0063
0.0159
0.0159
0.0098
0.0030
0.0045
0.0197
0.0041
0.0110
0.0163
0.0025
0.0025
0.0191
0.0266
0.0220
0.0269
0.0031
0.0037
0.0366
0.0347
0.0770
0.0211
0.0059
0.1249
0.0398
0.3427
0.6502
0.6485
3.2513
0.4878
0.1436
0.0756
0.0349
0.0422
0.0540
0.0297
0.0239
0.0234
0.0060
0.0106
0.0049
0.0239
0.0106
0.0077
0.0187
0.0143
0.0135
0.0011
0.0002
0.0073
0.0148
0.0039
0.0336
0.0140
0.0117
0.0541
0.0109
0.1832
0.3443
0.3499
3.2252
0.4591
0.0889
0.0267
0.0592
0.0546
0.0344
0.0040
0.0337
0.0263
0.0138
0.0002
0.0046
0.0176
0.0059
0.0167
0.0219
0.0002
0.0014
0.0008
0.0067
0.0056
0.0213
0.0056
0.0177
0.0004
0.0274
0.0420
0.0086
0.2091
0.3594
