0.6880
0.0701
0.0607
0.0058
0.0174
0.0189
0.0309
0.0014
0.0053
0.0085
0.0016
0.0181
0.0023
0.0047
0.0025
0.0243
0.0002
0.0189
0.0039
0.0022
0.0102
0.0104
0.0109
0.0121
0.0093
0.0069
0.0097
0.0050
0.0044
0.0078
0.0091
0.0001
0.0029
0.0014
0.0003
0.0043
0.0031
0.0053
0.0113
0.0058
0.0176
0.0065
0.0110
0.0040
0.0105
0.0072
0.0143
0.0179
0.0054
0.0296
0.0053
0.0307
0.0310
0.0356
0.0326
0.0427
0.0375
0.0988
0.0504
0.1621
0.4664
0.0610
3.7926
0.4984
0.3196
0.0211
0.0249
0.0107
0.0019
0.0002
0.0230
0.0079
0.0099
0.0129
0.0005
0.0202
0.0025
0.0155
0.0049
0.0134
0.0006
0.0119
0.0034
0.0133
0.0125
0.0191
0.0112
0.0260
0.0152
0.0493
0.0281
0.0846
0.2638
0.0558
3.7813
0.5060
0.2682
0.0117
0.0243
0.0231
0.0035
0.0121
0.0219
0.0175
0.0117
0.0205
0.0131
0.0152
0.0105
0.0131
0.0251
0.0004
0.0064
0.0022
0.0097
0.0053
0.0157
0.0145
0.0076
0.0289
0.0280
0.0495
0.0419
0.0815
0.3263
