0.0640
0.0807
0.0305
0.0083
0.0226
0.0226
0.0162
0.0214
0.0195
0.0116
0.0223
0.0111
0.0146
0.0110
0.0128
0.0157
0.0079
0.0194
0.0111
0.0110
0.0122
0.0110
0.0098
0.0100
0.0084
0.0114
0.0098
0.0108
0.0143
0.0061
0.0135
0.0018
0.0023
0.0023
0.0000
0.0048
0.0033
0.0074
0.0030
0.0052
0.0095
0.0045
0.0070
0.0055
0.0019
0.0120
0.0070
0.0063
0.0179
0.0117
0.0163
0.0305
0.0268
0.0367
0.0273
0.0597
0.0522
0.0410
0.1299
0.0762
0.3674
0.2153
1.8071
0.4942
0.0152
0.0340
0.0004
0.0071
0.0186
0.0228
0.0143
0.0189
0.0176
0.0135
0.0136
0.0127
0.0093
0.0116
0.0077
0.0021
0.0040
0.0044
0.0031
0.0115
0.0083
0.0117
0.0117
0.0233
0.0182
0.0198
0.0666
0.0412
0.1854
0.1319
1.7991
0.4905
0.0124
0.0316
0.0136
0.0097
0.0205
0.0268
0.0143
0.0198
0.0126
0.0200
0.0097
0.0053
0.0111
0.0050
0.0022
0.0042
0.0036
0.0020
0.0021
0.0044
0.0007
0.0070
0.0091
0.0156
0.0193
0.0200
0.0706
0.0585
0.1888
