0.2422
0.0897
0.0162
0.0046
0.0484
0.0051
0.0234
0.0350
0.0176
0.0233
0.0175
0.0014
0.0040
0.0077
0.0127
0.0016
0.0007
0.0077
0.0019
0.0006
0.0018
0.0001
0.0052
0.0006
0.0014
0.0000
0.0015
0.0030
0.0037
0.0024
0.0011
0.0023
0.0012
0.0041
0.0008
0.0004
0.0061
0.0012
0.0037
0.0067
0.0019
0.0062
0.0019
0.0097
0.0003
0.0003
0.0018
0.0090
0.0099
0.0008
0.0142
0.0070
0.0280
0.0212
0.0110
0.0119
0.0941
0.0888
0.1698
0.1122
0.2130
0.0644
2.0350
0.4985
0.1301
0.0316
0.0277
0.0043
0.0087
0.0065
0.0157
0.0282
0.0169
0.0102
0.0089
0.0042
0.0018
0.0008
0.0074
0.0056
0.0014
0.0003
0.0097
0.0032
0.0044
0.0019
0.0013
0.0060
0.0550
0.0496
0.0814
0.0597
0.0966
0.0063
2.0329
0.5031
0.1500
0.0164
0.0540
0.0315
0.0190
0.0046
0.0125
0.0143
0.0128
0.0015
0.0106
0.0008
0.0082
0.0076
0.0056
0.0048
0.0008
0.0073
0.0078
0.0103
0.0060
0.0136
0.0037
0.0080
0.0466
0.0346
0.0668
0.0705
0.0675
