0.3106
0.0771
0.0593
0.0219
0.0321
0.0321
0.0398
0.0410
0.0418
0.0361
0.0259
0.0261
0.0322
0.0335
0.0374
0.0411
0.0340
0.0355
0.0402
0.0375
0.0351
0.0355
0.0362
0.0344
0.0391
0.0428
0.0419
0.0373
0.0336
0.0344
0.0339
0.0025
0.0048
0.0110
0.0113
0.0116
0.0074
0.0049
0.0082
0.0153
0.0223
0.0197
0.0220
0.0273
0.0307
0.0366
0.0390
0.0379
0.0428
0.0516
0.0583
0.0681
0.0736
0.0756
0.0939
0.1072
0.0979
0.1547
0.2625
0.2711
0.4658
2.2911
3.2716
0.5571
0.1754
0.0182
0.0008
0.0325
0.0297
0.0333
0.0393
0.0399
0.0368
0.0332
0.0301
0.0301
0.0327
0.0363
0.0430
0.0028
0.0032
0.0104
0.0214
0.0258
0.0288
0.0319
0.0409
0.0452
0.0451
0.0786
0.1385
0.1380
0.2176
1.1226
3.3113
0.6260
0.1766
0.0139
0.0186
0.0340
0.0250
0.0401
0.0433
0.0364
0.0397
0.0356
0.0371
0.0426
0.0392
0.0388
0.0396
0.0096
0.0076
0.0112
0.0142
0.0159
0.0243
0.0300
0.0335
0.0463
0.0502
0.0751
0.1471
0.1550
0.1891
