3.6319
0.8056
3.1480
0.7899
0.4001
0.2454
0.1189
0.4331
0.1837
0.1271
0.0944
0.0442
0.0245
0.0747
0.1521
0.0541
0.0904
0.0745
0.1193
0.0311
0.0683
0.0741
0.0250
0.0380
0.0116
0.0198
0.0322
0.0171
0.0383
0.0491
0.0265
0.0907
0.0323
0.0138
0.0405
0.0412
0.0061
0.0066
0.0724
0.1107
0.0479
0.1362
0.0395
0.1698
0.0527
0.0232
0.0284
0.0720
0.0509
0.0558
0.1550
0.0763
0.0825
0.1547
0.5347
0.2912
0.1938
1.1908
0.2680
1.8749
0.4044
3.5861
35.7990
0.4019
1.7819
0.5541
1.5811
0.2185
0.1911
0.0847
0.0327
0.1519
0.0439
0.0908
0.0414
0.0083
0.1002
0.0543
0.0930
0.0101
0.0130
0.0602
0.1027
0.0711
0.0595
0.0508
0.2577
0.1394
0.1432
0.6684
0.1908
0.9159
0.3716
1.8779
35.7906
0.2581
1.7628
0.7977
1.4104
0.1440
0.0623
0.0648
0.1702
0.2168
0.0051
0.1378
0.1540
0.0742
0.0498
0.0525
0.1815
0.0086
0.0721
0.1460
0.0107
0.0329
0.1052
0.2351
0.2199
0.2278
0.1523
0.7318
0.6936
0.6896
0.7570
