1.0572
0.0869
0.1457
0.1367
0.0253
0.1169
0.0252
0.0152
0.0348
0.0404
0.0338
0.0094
0.0218
0.0401
0.0182
0.0168
0.0194
0.0357
0.0395
0.0094
0.0065
0.0129
0.0263
0.0200
0.0136
0.0171
0.0119
0.0059
0.0172
0.0031
0.0244
0.0111
0.0047
0.0149
0.0040
0.0034
0.0047
0.0149
0.0196
0.0143
0.0282
0.0231
0.0165
0.0272
0.0320
0.0221
0.0307
0.0172
0.0452
0.0465
0.0095
0.0040
0.1316
0.0851
0.0218
0.0231
0.0631
0.1086
0.2071
0.4363
0.2428
1.5832
2.7791
0.4627
0.5446
0.0138
0.0511
0.0509
0.0185
0.0583
0.0025
0.0201
0.0177
0.0112
0.0008
0.0226
0.0191
0.0310
0.0310
0.0075
0.0216
0.0299
0.0195
0.0036
0.0605
0.0408
0.0220
0.0334
0.0240
0.0761
0.1190
0.2170
0.0687
0.8191
2.7998
0.3602
0.5257
0.0331
0.0095
0.0038
0.0424
0.0181
0.0043
0.0331
0.0690
0.0182
0.0043
0.0232
0.0386
0.0157
0.0256
0.0049
0.0208
0.0215
0.0311
0.0170
0.0511
0.0409
0.0277
0.0735
0.0052
0.0749
0.1117
0.2264
0.0364
