6.9550
2.2457
4.0193
0.3527
0.2557
0.0517
0.6923
0.4349
0.1504
0.7823
0.1328
0.0005
0.0489
0.1797
0.3646
0.4543
0.2079
0.1459
0.5065
0.2540
0.1601
0.3675
0.2901
0.2159
0.3629
0.1331
0.1795
0.2283
0.1273
0.3488
0.4267
0.0771
0.0415
0.0351
0.1023
0.1404
0.1211
0.2488
0.0196
0.0681
0.3549
0.1237
0.3794
0.2512
0.0990
0.0398
0.0404
0.4535
0.3888
0.3068
0.8699
0.7169
0.2632
0.3820
1.3946
2.5469
1.3915
1.5740
1.0851
0.2207
17.8653
4.1293
95.4230
0.6289
2.5879
1.0760
2.0703
0.0200
0.4151
0.4203
0.6818
0.1943
0.0246
0.1117
0.3294
0.2203
0.2180
0.1867
0.2066
0.1876
0.0258
0.0314
0.5044
0.5332
0.1159
0.0019
0.5823
1.2300
0.6365
0.7772
0.0631
0.2346
9.2345
1.9142
95.0691
1.0760
1.0267
1.2013
2.1428
0.1318
0.4653
0.8591
0.8230
0.1171
0.0829
0.4894
0.4415
0.3879
0.4129
0.0618
0.1985
0.0757
0.1182
0.2686
0.3869
0.6717
0.3832
0.1204
0.2077
0.9106
0.5515
1.1052
0.8457
0.6854
9.6507
