0.0971
0.0632
0.0860
0.0013
0.0081
0.0036
0.0065
0.0020
0.0051
0.0088
0.0060
0.0126
0.0087
0.0048
0.0180
0.0083
0.0117
0.0096
0.0119
0.0121
0.0063
0.0139
0.0123
0.0095
0.0137
0.0100
0.0095
0.0101
0.0117
0.0115
0.0125
0.0019
0.0002
0.0007
0.0022
0.0045
0.0023
0.0075
0.0082
0.0025
0.0104
0.0121
0.0113
0.0110
0.0053
0.0144
0.0102
0.0115
0.0184
0.0166
0.0254
0.0241
0.0277
0.0346
0.0329
0.0469
0.0289
0.0066
0.0922
0.0299
0.3531
0.0072
2.1106
0.4994
0.0303
0.0279
0.0346
0.0011
0.0085
0.0075
0.0124
0.0099
0.0132
0.0133
0.0121
0.0107
0.0097
0.0083
0.0121
0.0015
0.0053
0.0023
0.0096
0.0096
0.0109
0.0207
0.0136
0.0222
0.0146
0.0027
0.0524
0.0187
0.1776
0.0211
2.0975
0.5095
0.0093
0.0321
0.0177
0.0066
0.0058
0.0138
0.0090
0.0124
0.0162
0.0168
0.0186
0.0133
0.0162
0.0165
0.0063
0.0056
0.0000
0.0042
0.0086
0.0106
0.0159
0.0154
0.0173
0.0269
0.0159
0.0161
0.0685
0.0322
0.1893
