3.8788
1.2813
2.3664
0.2300
0.3416
0.0915
0.4582
0.2504
0.2756
0.2751
0.1320
0.0945
0.0365
0.1255
0.1685
0.2027
0.1020
0.1793
0.3013
0.1766
0.0654
0.1502
0.2365
0.1582
0.1315
0.1345
0.0450
0.1495
0.0612
0.1671
0.1922
0.0185
0.0193
0.0450
0.0969
0.0611
0.0234
0.1073
0.0319
0.0819
0.1119
0.1142
0.0988
0.2183
0.1125
0.0375
0.0385
0.1811
0.2124
0.2007
0.4342
0.4965
0.2581
0.0848
0.7784
1.4113
0.8772
0.8814
0.5350
0.2717
9.9542
2.2123
54.2799
0.5303
1.3978
0.6316
1.2112
0.0054
0.2975
0.2294
0.3819
0.0793
0.0303
0.0319
0.1174
0.1755
0.0966
0.1167
0.0952
0.0503
0.0590
0.0089
0.2494
0.3217
0.1153
0.0219
0.3206
0.6439
0.3831
0.4617
0.0533
0.2236
5.1332
1.0046
54.1708
0.8231
0.5712
0.6689
1.3154
0.1392
0.2898
0.5085
0.4556
0.0662
0.1503
0.3045
0.2431
0.2465
0.1881
0.1096
0.0754
0.0152
0.0648
0.1737
0.1814
0.3702
0.3248
0.0881
0.0662
0.5425
0.2653
0.6594
0.5668
0.4311
5.3593
