0.2577
0.1043
0.0390
0.0081
0.0253
0.0033
0.0472
0.0414
0.0381
0.0439
0.0317
0.0225
0.0261
0.0242
0.0276
0.0308
0.0284
0.0273
0.0290
0.0318
0.0279
0.0272
0.0279
0.0279
0.0270
0.0282
0.0305
0.0265
0.0272
0.0318
0.0342
0.0045
0.0056
0.0066
0.0048
0.0055
0.0082
0.0121
0.0142
0.0148
0.0152
0.0171
0.0226
0.0205
0.0226
0.0277
0.0274
0.0281
0.0416
0.0439
0.0438
0.0513
0.0605
0.0481
0.0559
0.0611
0.0395
0.0923
0.2428
0.2713
0.3593
1.9036
2.9401
0.5448
0.1486
0.0324
0.0045
0.0118
0.0091
0.0123
0.0374
0.0363
0.0359
0.0381
0.0308
0.0302
0.0327
0.0253
0.0222
0.0030
0.0107
0.0108
0.0108
0.0171
0.0205
0.0106
0.0150
0.0306
0.0251
0.0480
0.1240
0.1432
0.1683
0.9285
2.9674
0.6053
0.1487
0.0146
0.0303
0.0144
0.0106
0.0134
0.0254
0.0243
0.0347
0.0305
0.0272
0.0321
0.0305
0.0287
0.0298
0.0052
0.0033
0.0109
0.0124
0.0073
0.0157
0.0174
0.0175
0.0410
0.0453
0.0512
0.1304
0.1599
0.1427
