0.1316
0.0140
0.0463
0.0057
0.0116
0.0058
0.0054
0.0036
0.0153
0.0039
0.0061
0.0028
0.0009
0.0100
0.0080
0.0060
0.0044
0.0025
0.0048
0.0043
0.0030
0.0103
0.0046
0.0089
0.0049
0.0056
0.0070
0.0098
0.0052
0.0103
0.0032
0.0008
0.0048
0.0027
0.0024
0.0007
0.0031
0.0049
0.0067
0.0027
0.0014
0.0018
0.0045
0.0063
0.0065
0.0078
0.0086
0.0040
0.0054
0.0074
0.0066
0.0035
0.0125
0.0101
0.0108
0.0215
0.0389
0.0421
0.1427
0.0837
0.3111
0.0168
1.8454
0.4987
0.0831
0.0129
0.0341
0.0003
0.0159
0.0059
0.0057
0.0004
0.0082
0.0037
0.0053
0.0009
0.0044
0.0074
0.0110
0.0026
0.0001
0.0035
0.0003
0.0009
0.0005
0.0031
0.0029
0.0113
0.0159
0.0181
0.0648
0.0424
0.1468
0.0347
1.8346
0.5002
0.0997
0.0156
0.0523
0.0068
0.0140
0.0060
0.0066
0.0054
0.0065
0.0063
0.0067
0.0097
0.0083
0.0077
0.0082
0.0019
0.0040
0.0045
0.0045
0.0053
0.0000
0.0067
0.0088
0.0092
0.0127
0.0230
0.0492
0.0390
0.1326
