0.9567
0.2432
0.0111
0.0333
0.0571
0.0643
0.0401
0.1212
0.0286
0.0804
0.0063
0.0450
0.0170
0.0305
0.0233
0.0596
0.0411
0.0498
0.0388
0.0519
0.0281
0.0327
0.0471
0.0386
0.0318
0.0426
0.0509
0.0402
0.0271
0.0432
0.0254
0.0018
0.0067
0.0042
0.0186
0.0039
0.0081
0.0149
0.0156
0.0161
0.0168
0.0398
0.0245
0.0216
0.0385
0.0382
0.0367
0.0480
0.0500
0.0753
0.0651
0.0482
0.0906
0.0687
0.1840
0.0605
0.1892
0.2204
0.4395
0.2895
0.1383
2.2477
4.6501
0.4468
0.4739
0.0964
0.0556
0.0514
0.0025
0.0240
0.0534
0.0700
0.0334
0.0620
0.0228
0.0510
0.0473
0.0432
0.0128
0.0198
0.0089
0.0200
0.0335
0.0045
0.0285
0.0082
0.0810
0.0412
0.1032
0.1051
0.2185
0.1653
0.1124
1.1471
4.6093
0.3779
0.4712
0.0758
0.0899
0.0549
0.0336
0.0051
0.0714
0.0389
0.0555
0.0294
0.0472
0.0417
0.0455
0.0332
0.0484
0.0029
0.0227
0.0057
0.0271
0.0091
0.0267
0.0071
0.0572
0.0827
0.1168
0.0964
0.2041
0.2018
0.2238
