0.5237
0.1363
0.0349
0.0295
0.0523
0.0451
0.0021
0.0083
0.0384
0.0293
0.0002
0.0005
0.0077
0.0095
0.0050
0.0124
0.0004
0.0042
0.0129
0.0093
0.0046
0.0121
0.0000
0.0003
0.0116
0.0108
0.0041
0.0047
0.0087
0.0060
0.0099
0.0011
0.0047
0.0016
0.0007
0.0004
0.0087
0.0041
0.0009
0.0028
0.0017
0.0095
0.0064
0.0053
0.0019
0.0001
0.0161
0.0042
0.0071
0.0121
0.0044
0.0044
0.0166
0.0057
0.0092
0.0591
0.0627
0.0116
0.1938
0.2852
0.2456
1.4737
2.5892
0.4663
0.2729
0.0482
0.0008
0.0199
0.0380
0.0289
0.0016
0.0022
0.0235
0.0189
0.0017
0.0014
0.0019
0.0106
0.0105
0.0012
0.0047
0.0041
0.0043
0.0069
0.0065
0.0101
0.0055
0.0181
0.0232
0.0001
0.1042
0.1486
0.0945
0.7604
2.5785
0.3953
0.2867
0.0110
0.0349
0.0121
0.0311
0.0363
0.0034
0.0002
0.0097
0.0013
0.0031
0.0174
0.0003
0.0005
0.0114
0.0052
0.0004
0.0034
0.0087
0.0043
0.0124
0.0101
0.0086
0.0047
0.0058
0.0037
0.0960
0.1608
0.0378
