0.4230
0.1768
0.3233
0.1527
0.0135
0.0655
0.0098
0.0153
0.0086
0.0782
0.0593
0.0326
0.0279
0.0423
0.0134
0.0357
0.0312
0.0485
0.0241
0.0366
0.0257
0.0150
0.0075
0.0156
0.0188
0.0065
0.0156
0.0077
0.0129
0.0032
0.0047
0.0173
0.0048
0.0173
0.0094
0.0070
0.0171
0.0035
0.0039
0.0007
0.0005
0.0203
0.0135
0.0177
0.0113
0.0347
0.0164
0.0141
0.0025
0.0719
0.0071
0.0488
0.1191
0.0377
0.3204
0.1213
0.2363
0.0586
0.2965
0.0242
0.0357
0.9769
4.1629
0.4795
0.2191
0.0839
0.1845
0.0811
0.0366
0.0511
0.0485
0.0221
0.0245
0.0352
0.0161
0.0436
0.0191
0.0479
0.0099
0.0000
0.0050
0.0326
0.0092
0.0227
0.0662
0.0149
0.1553
0.0502
0.1141
0.0026
0.1149
0.0021
0.0437
0.5197
4.1864
0.4120
0.1876
0.0805
0.2042
0.0715
0.0866
0.0759
0.1453
0.0295
0.0510
0.0112
0.0139
0.0218
0.0052
0.0018
0.0013
0.0067
0.0086
0.0051
0.0219
0.0379
0.0232
0.0051
0.0699
0.0043
0.0812
0.0138
0.0321
0.0194
0.0704
