0.3348
0.8044
0.5134
0.1222
0.4861
0.6173
0.5837
0.4933
0.4198
0.4211
0.4435
0.3828
0.3892
0.3958
0.4333
0.3866
0.3743
0.3730
0.3468
0.3573
0.3786
0.4092
0.3735
0.4058
0.4237
0.4036
0.3643
0.3591
0.4030
0.3874
0.3745
0.0590
0.0004
0.0818
0.0719
0.0852
0.1168
0.1679
0.1463
0.1728
0.2537
0.2773
0.2710
0.2433
0.2754
0.2814
0.3740
0.4471
0.4734
0.4700
0.5092
0.6556
0.7526
0.8847
1.0206
1.2610
1.5491
1.8727
1.9700
2.3102
5.1486
17.4701
21.6698
0.9163
0.0855
0.2164
0.0181
0.3317
0.4709
0.5157
0.5057
0.4550
0.3632
0.3632
0.3994
0.3887
0.3683
0.3694
0.4163
0.0848
0.0669
0.0724
0.1203
0.2259
0.2617
0.3230
0.3954
0.4863
0.6297
0.8806
1.0698
1.2602
2.6040
8.7041
22.0409
1.3764
0.2279
0.2083
0.0468
0.4103
0.5134
0.4776
0.4289
0.4183
0.4308
0.4240
0.3557
0.3612
0.3722
0.3998
0.3652
0.0077
0.0536
0.1101
0.1678
0.2086
0.2826
0.2778
0.3100
0.3984
0.6287
0.9403
1.2080
1.3813
2.6227
