1.6062
3.0838
1.1944
0.9080
0.2493
0.0155
0.2949
0.3948
0.1033
0.3866
0.4205
0.0398
0.1442
0.2966
0.0699
0.0786
0.2705
0.1297
0.0814
0.1995
0.1332
0.1159
0.1384
0.1555
0.1382
0.1051
0.1757
0.1446
0.1173
0.1103
0.1648
0.0095
0.0058
0.0180
0.0057
0.0086
0.0789
0.0295
0.0481
0.0302
0.0887
0.0738
0.0744
0.1179
0.1691
0.0943
0.0401
0.1646
0.2227
0.0050
0.2242
0.3862
0.1945
0.0428
0.2235
0.4636
0.2873
0.7593
1.1243
1.7194
2.8203
4.9691
25.1115
0.3837
0.6644
1.6376
0.7073
0.5408
0.1729
0.0931
0.1807
0.1929
0.0114
0.3002
0.2328
0.0151
0.2065
0.1701
0.0281
0.0595
0.0708
0.0054
0.0076
0.0884
0.1286
0.0865
0.0636
0.2239
0.1075
0.2517
0.4521
0.6204
1.4995
2.4977
25.2757
0.0043
0.4681
1.6377
0.6905
0.5016
0.1103
0.1315
0.0896
0.0863
0.0938
0.1676
0.1309
0.0975
0.1070
0.1066
0.1464
0.0938
0.0649
0.1463
0.0867
0.0629
0.2158
0.0554
0.0107
0.2249
0.1047
0.0512
0.1962
0.1977
1.6330
