0.2501
0.0744
0.0288
0.0482
0.0007
0.0153
0.0048
0.0077
0.0197
0.0171
0.0146
0.0151
0.0138
0.0137
0.0086
0.0081
0.0103
0.0139
0.0144
0.0103
0.0121
0.0096
0.0125
0.0082
0.0113
0.0112
0.0116
0.0120
0.0145
0.0089
0.0110
0.0027
0.0023
0.0041
0.0024
0.0050
0.0052
0.0039
0.0034
0.0043
0.0039
0.0012
0.0039
0.0019
0.0068
0.0034
0.0031
0.0002
0.0064
0.0051
0.0038
0.0053
0.0162
0.0211
0.0367
0.0115
0.0308
0.0177
0.1520
0.1608
0.3500
0.0766
1.6794
0.4977
0.1092
0.0479
0.0286
0.0247
0.0014
0.0059
0.0041
0.0092
0.0125
0.0055
0.0084
0.0069
0.0125
0.0031
0.0065
0.0013
0.0004
0.0003
0.0024
0.0000
0.0047
0.0077
0.0207
0.0093
0.0174
0.0023
0.0727
0.0739
0.1829
0.0645
1.6875
0.4796
0.0761
0.0622
0.0481
0.0176
0.0072
0.0022
0.0121
0.0097
0.0087
0.0049
0.0027
0.0035
0.0052
0.0030
0.0061
0.0001
0.0029
0.0005
0.0009
0.0010
0.0001
0.0085
0.0176
0.0184
0.0195
0.0019
0.0581
0.0604
0.2064
