0.0483
0.1858
0.0718
0.0699
0.0297
0.0382
0.0004
0.0059
0.0007
0.0142
0.0105
0.0040
0.0048
0.0090
0.0056
0.0079
0.0078
0.0028
0.0041
0.0099
0.0025
0.0030
0.0093
0.0051
0.0010
0.0097
0.0049
0.0048
0.0087
0.0074
0.0015
0.0057
0.0008
0.0000
0.0004
0.0023
0.0000
0.0056
0.0019
0.0005
0.0044
0.0012
0.0010
0.0067
0.0072
0.0021
0.0054
0.0036
0.0055
0.0052
0.0163
0.0055
0.0022
0.0000
0.0073
0.0115
0.0202
0.0062
0.0032
0.0492
0.4441
0.4075
2.0951
0.4924
0.0483
0.0899
0.0335
0.0341
0.0166
0.0191
0.0002
0.0033
0.0012
0.0093
0.0075
0.0061
0.0037
0.0071
0.0018
0.0027
0.0009
0.0013
0.0057
0.0010
0.0012
0.0025
0.0040
0.0002
0.0013
0.0043
0.0089
0.0384
0.2178
0.2273
2.0895
0.4688
0.0809
0.0755
0.0246
0.0225
0.0166
0.0127
0.0014
0.0013
0.0050
0.0008
0.0072
0.0045
0.0017
0.0003
0.0073
0.0030
0.0029
0.0022
0.0042
0.0019
0.0064
0.0015
0.0055
0.0094
0.0018
0.0208
0.0145
0.0611
0.2050
