1.8287
0.7346
0.3233
0.2152
0.0946
0.0533
0.0847
0.0314
0.0176
0.0670
0.0400
0.1077
0.0479
0.0314
0.0517
0.0345
0.0443
0.0351
0.0462
0.0216
0.0078
0.0340
0.0127
0.0155
0.0327
0.0098
0.0487
0.0505
0.0226
0.0410
0.0407
0.0279
0.0166
0.0007
0.0169
0.0130
0.0179
0.0049
0.0204
0.0531
0.0067
0.0390
0.0280
0.0295
0.0264
0.0083
0.0881
0.0608
0.0208
0.0612
0.0241
0.0365
0.2409
0.1721
0.1687
0.0246
0.1363
0.0485
0.0131
0.6694
1.2267
5.7401
8.2369
0.3620
0.8375
0.4152
0.1507
0.0988
0.0621
0.0172
0.0676
0.0256
0.0559
0.0260
0.0183
0.0778
0.0188
0.0310
0.0815
0.0241
0.0040
0.0051
0.0068
0.0027
0.1154
0.0850
0.0555
0.0266
0.0490
0.0485
0.0217
0.2781
0.7039
2.8838
8.2265
0.1155
0.7395
0.4535
0.1157
0.0859
0.0937
0.0130
0.0934
0.0596
0.1136
0.0398
0.0202
0.0309
0.0065
0.0327
0.0329
0.0072
0.0116
0.0259
0.0086
0.0184
0.0435
0.0594
0.0344
0.0560
0.0309
0.1410
0.0653
0.1419
0.8569
