0.5510
0.2394
0.1163
0.1552
0.0645
0.0447
0.0613
0.0412
0.0013
0.0163
0.0019
0.0205
0.0006
0.0144
0.0135
0.0080
0.0069
0.0008
0.0042
0.0072
0.0013
0.0089
0.0040
0.0045
0.0047
0.0022
0.0009
0.0029
0.0065
0.0002
0.0027
0.0029
0.0055
0.0001
0.0023
0.0076
0.0097
0.0002
0.0020
0.0010
0.0033
0.0053
0.0122
0.0027
0.0181
0.0166
0.0040
0.0237
0.0004
0.0147
0.0106
0.0393
0.0103
0.0404
0.0473
0.0689
0.1033
0.0191
0.1936
0.0468
0.1077
0.7004
3.1760
0.4841
0.2685
0.1189
0.0404
0.0823
0.0513
0.0342
0.0174
0.0150
0.0017
0.0004
0.0014
0.0031
0.0029
0.0106
0.0132
0.0123
0.0063
0.0115
0.0114
0.0277
0.0016
0.0183
0.0334
0.0223
0.0314
0.0039
0.1115
0.0040
0.0830
0.3760
3.1653
0.4422
0.2469
0.1232
0.0121
0.0604
0.0571
0.0433
0.0058
0.0134
0.0038
0.0146
0.0085
0.0105
0.0073
0.0079
0.0091
0.0020
0.0067
0.0093
0.0011
0.0103
0.0032
0.0262
0.0370
0.0021
0.0121
0.0417
0.1157
0.0311
0.1330
