0.0806
0.1177
0.0681
0.0009
0.0156
0.0252
0.0064
0.0068
0.0171
0.0303
0.0009
0.0048
0.0058
0.0118
0.0091
0.0035
0.0171
0.0075
0.0074
0.0045
0.0054
0.0092
0.0073
0.0085
0.0003
0.0094
0.0082
0.0097
0.0077
0.0048
0.0134
0.0008
0.0005
0.0030
0.0054
0.0042
0.0043
0.0041
0.0007
0.0071
0.0031
0.0086
0.0046
0.0008
0.0030
0.0064
0.0044
0.0036
0.0197
0.0086
0.0013
0.0021
0.0259
0.0148
0.0123
0.0046
0.0132
0.0048
0.0389
0.0606
0.4759
0.3456
1.8496
0.5041
0.0163
0.0631
0.0290
0.0003
0.0073
0.0135
0.0012
0.0078
0.0129
0.0125
0.0002
0.0018
0.0105
0.0065
0.0046
0.0018
0.0086
0.0045
0.0005
0.0085
0.0053
0.0055
0.0040
0.0046
0.0078
0.0026
0.0247
0.0211
0.2401
0.1492
1.8524
0.5133
0.0227
0.0636
0.0204
0.0034
0.0039
0.0015
0.0047
0.0040
0.0136
0.0002
0.0044
0.0075
0.0073
0.0029
0.0037
0.0010
0.0002
0.0047
0.0040
0.0052
0.0014
0.0044
0.0016
0.0060
0.0176
0.0044
0.0376
0.0058
0.2416
