0.6718
0.1026
0.0931
0.0017
0.0115
0.0500
0.0272
0.0033
0.0137
0.0017
0.0018
0.0068
0.0041
0.0010
0.0075
0.0096
0.0082
0.0009
0.0044
0.0003
0.0063
0.0016
0.0015
0.0014
0.0032
0.0032
0.0051
0.0048
0.0014
0.0037
0.0003
0.0019
0.0036
0.0035
0.0007
0.0013
0.0010
0.0036
0.0054
0.0046
0.0112
0.0044
0.0016
0.0029
0.0061
0.0003
0.0040
0.0082
0.0032
0.0174
0.0127
0.0201
0.0132
0.0049
0.0253
0.0008
0.0014
0.0957
0.0118
0.1764
0.4217
0.0390
3.6398
0.5032
0.3111
0.0382
0.0429
0.0064
0.0040
0.0224
0.0179
0.0012
0.0003
0.0065
0.0045
0.0053
0.0037
0.0113
0.0040
0.0059
0.0047
0.0090
0.0083
0.0098
0.0038
0.0041
0.0055
0.0097
0.0029
0.0466
0.0040
0.0956
0.2436
0.0050
3.6365
0.5029
0.2668
0.0112
0.0440
0.0272
0.0116
0.0121
0.0153
0.0011
0.0061
0.0133
0.0007
0.0139
0.0051
0.0033
0.0126
0.0049
0.0006
0.0069
0.0032
0.0010
0.0176
0.0005
0.0004
0.0247
0.0059
0.0436
0.0182
0.1025
0.2998
