1.3759
0.1538
0.1472
0.2140
0.1812
0.1796
0.1443
0.0935
0.1510
0.1462
0.0918
0.1270
0.1214
0.1144
0.1316
0.0934
0.1311
0.1084
0.1314
0.1127
0.1146
0.1328
0.1217
0.1203
0.1208
0.1081
0.1273
0.1116
0.1268
0.1191
0.1074
0.0076
0.0012
0.0266
0.0208
0.0212
0.0368
0.0406
0.0484
0.0520
0.0672
0.0653
0.0691
0.1031
0.1036
0.0837
0.1348
0.1321
0.1391
0.0953
0.1984
0.2171
0.1551
0.1833
0.4109
0.2459
0.2811
0.4480
0.6227
0.7669
1.2132
2.2343
9.0156
0.5552
0.7414
0.1315
0.1344
0.1494
0.1391
0.1309
0.1568
0.0880
0.1163
0.1325
0.1139
0.0989
0.1321
0.1031
0.1223
0.0081
0.0267
0.0012
0.0801
0.0616
0.0436
0.0825
0.1623
0.0974
0.1177
0.2004
0.3006
0.3617
0.5398
1.0995
9.1254
0.5395
0.7315
0.1318
0.1381
0.1631
0.1010
0.1004
0.1790
0.0740
0.0883
0.1253
0.1243
0.0914
0.1101
0.1091
0.1128
0.0096
0.0197
0.0331
0.0463
0.0438
0.0613
0.0933
0.1223
0.0823
0.1194
0.1756
0.2787
0.3708
0.4124
