0.4503
0.3091
0.7509
0.1904
0.3087
0.0678
0.1525
0.0746
0.0692
0.0764
0.0776
0.1330
0.0909
0.1101
0.0841
0.0908
0.0873
0.0737
0.0995
0.0891
0.0870
0.0823
0.0878
0.0826
0.0643
0.0899
0.0940
0.0861
0.0759
0.0754
0.0922
0.0156
0.0017
0.0250
0.0034
0.0142
0.0433
0.0060
0.0497
0.0343
0.0401
0.0637
0.0371
0.0867
0.0357
0.0560
0.0786
0.0672
0.0956
0.0847
0.1240
0.1405
0.1980
0.1184
0.1394
0.1790
0.1216
0.4954
0.0958
0.5180
2.3146
2.9651
7.4722
0.4421
0.1141
0.2010
0.3796
0.1553
0.1693
0.0058
0.1168
0.0621
0.0960
0.0846
0.0770
0.1005
0.0833
0.0832
0.0800
0.0004
0.0253
0.0147
0.0449
0.0496
0.0770
0.0484
0.0488
0.0921
0.0174
0.2219
0.0270
0.2386
1.1732
1.5015
7.3876
0.3652
0.0548
0.1714
0.2750
0.1838
0.0906
0.0285
0.0660
0.0488
0.1029
0.0799
0.0816
0.0725
0.0723
0.0491
0.0840
0.0015
0.0012
0.0051
0.0295
0.0415
0.0572
0.0549
0.0442
0.1347
0.0237
0.1734
0.1276
0.2045
1.2020
