0.1249
0.1569
0.0276
0.0204
0.0367
0.0326
0.0223
0.0220
0.0017
0.0020
0.0158
0.0238
0.0171
0.0163
0.0084
0.0150
0.0248
0.0162
0.0038
0.0092
0.0121
0.0112
0.0102
0.0126
0.0153
0.0140
0.0209
0.0097
0.0108
0.0151
0.0193
0.0043
0.0055
0.0007
0.0055
0.0024
0.0066
0.0038
0.0037
0.0076
0.0080
0.0061
0.0007
0.0106
0.0128
0.0140
0.0087
0.0152
0.0105
0.0178
0.0201
0.0314
0.0325
0.0215
0.0313
0.0574
0.0532
0.0065
0.0646
0.1263
0.2211
0.8694
2.2107
0.5231
0.0691
0.0880
0.0065
0.0055
0.0242
0.0266
0.0167
0.0167
0.0102
0.0060
0.0138
0.0190
0.0115
0.0117
0.0143
0.0023
0.0001
0.0017
0.0081
0.0162
0.0179
0.0059
0.0081
0.0222
0.0239
0.0053
0.0366
0.0530
0.1044
0.4078
2.2213
0.5422
0.0780
0.0867
0.0119
0.0155
0.0214
0.0326
0.0146
0.0118
0.0170
0.0159
0.0144
0.0116
0.0077
0.0126
0.0147
0.0037
0.0067
0.0017
0.0026
0.0126
0.0192
0.0082
0.0089
0.0135
0.0169
0.0225
0.0425
0.0278
0.0936
