0.6918
0.0877
0.0736
0.0590
0.0308
0.0286
0.0586
0.0843
0.0008
0.0348
0.0110
0.0260
0.0017
0.0140
0.0292
0.0196
0.0197
0.0230
0.0273
0.0227
0.0142
0.0216
0.0214
0.0213
0.0245
0.0236
0.0166
0.0171
0.0119
0.0166
0.0176
0.0067
0.0109
0.0041
0.0069
0.0031
0.0089
0.0045
0.0069
0.0092
0.0041
0.0138
0.0176
0.0212
0.0230
0.0242
0.0042
0.0158
0.0169
0.0294
0.0459
0.0486
0.0111
0.0332
0.0439
0.0044
0.1214
0.1319
0.3534
0.3235
0.0978
1.8815
3.5190
0.4547
0.3444
0.0193
0.0750
0.0505
0.0001
0.0227
0.0357
0.0432
0.0050
0.0371
0.0248
0.0259
0.0089
0.0172
0.0128
0.0000
0.0028
0.0100
0.0162
0.0066
0.0052
0.0022
0.0053
0.0033
0.0714
0.0600
0.1696
0.1643
0.0808
0.9608
3.4996
0.3754
0.3391
0.0067
0.1096
0.0484
0.0167
0.0091
0.0236
0.0247
0.0181
0.0271
0.0185
0.0290
0.0234
0.0228
0.0102
0.0115
0.0090
0.0061
0.0155
0.0075
0.0272
0.0120
0.0051
0.0114
0.0677
0.0409
0.1418
0.1778
0.1573
