0.1472
0.0417
0.0660
0.0908
0.0373
0.0514
0.0039
0.0368
0.0129
0.0104
0.0017
0.0174
0.0044
0.0013
0.0042
0.0044
0.0070
0.0108
0.0082
0.0033
0.0021
0.0072
0.0082
0.0065
0.0029
0.0003
0.0042
0.0064
0.0082
0.0074
0.0038
0.0019
0.0046
0.0012
0.0009
0.0058
0.0036
0.0006
0.0025
0.0006
0.0025
0.0094
0.0092
0.0083
0.0060
0.0064
0.0115
0.0214
0.0167
0.0166
0.0056
0.0021
0.0348
0.0309
0.0276
0.0825
0.0512
0.0917
0.1029
0.0686
0.3709
0.3108
2.1578
0.4909
0.0525
0.0262
0.0203
0.0540
0.0263
0.0122
0.0014
0.0247
0.0156
0.0026
0.0010
0.0079
0.0077
0.0046
0.0039
0.0131
0.0053
0.0135
0.0019
0.0018
0.0097
0.0067
0.0149
0.0495
0.0168
0.0321
0.0573
0.0303
0.1932
0.1819
2.1609
0.4787
0.0243
0.0420
0.0016
0.0722
0.0300
0.0198
0.0099
0.0158
0.0206
0.0018
0.0007
0.0075
0.0123
0.0125
0.0171
0.0068
0.0035
0.0033
0.0067
0.0121
0.0034
0.0079
0.0129
0.0502
0.0093
0.0038
0.0636
0.0173
0.2014
