0.1129
0.0371
0.0328
0.0037
0.0072
0.0474
0.0174
0.0303
0.0151
0.0002
0.0022
0.0065
0.0005
0.0017
0.0108
0.0058
0.0031
0.0001
0.0021
0.0022
0.0027
0.0001
0.0039
0.0069
0.0041
0.0058
0.0040
0.0046
0.0032
0.0062
0.0042
0.0027
0.0009
0.0002
0.0008
0.0015
0.0027
0.0031
0.0059
0.0045
0.0025
0.0008
0.0046
0.0076
0.0024
0.0087
0.0020
0.0054
0.0003
0.0121
0.0180
0.0194
0.0434
0.0259
0.0198
0.0139
0.0126
0.0446
0.0544
0.2299
0.0573
0.0148
2.0429
0.4992
0.0548
0.0002
0.0094
0.0070
0.0083
0.0195
0.0111
0.0186
0.0195
0.0068
0.0057
0.0024
0.0034
0.0041
0.0012
0.0003
0.0023
0.0057
0.0060
0.0112
0.0182
0.0041
0.0061
0.0116
0.0063
0.0201
0.0269
0.1187
0.0356
0.0289
2.0425
0.4918
0.0449
0.0300
0.0043
0.0129
0.0116
0.0044
0.0124
0.0172
0.0241
0.0084
0.0108
0.0105
0.0082
0.0058
0.0038
0.0076
0.0033
0.0092
0.0029
0.0041
0.0015
0.0048
0.0008
0.0235
0.0003
0.0231
0.0365
0.1162
0.0423
