0.1080
0.0159
0.0136
0.0457
0.0214
0.0108
0.0002
0.0200
0.0075
0.0002
0.0091
0.0049
0.0029
0.0082
0.0048
0.0053
0.0002
0.0019
0.0055
0.0040
0.0018
0.0002
0.0047
0.0050
0.0038
0.0034
0.0003
0.0045
0.0085
0.0079
0.0065
0.0011
0.0007
0.0022
0.0029
0.0013
0.0007
0.0027
0.0052
0.0037
0.0039
0.0048
0.0055
0.0040
0.0056
0.0040
0.0023
0.0050
0.0033
0.0080
0.0107
0.0126
0.0036
0.0034
0.0164
0.0205
0.0144
0.0656
0.0611
0.0327
0.1389
0.2604
1.7899
0.5047
0.0592
0.0101
0.0121
0.0297
0.0126
0.0006
0.0024
0.0088
0.0050
0.0029
0.0072
0.0069
0.0000
0.0024
0.0037
0.0050
0.0022
0.0036
0.0032
0.0018
0.0013
0.0045
0.0080
0.0062
0.0050
0.0236
0.0301
0.0149
0.0618
0.1039
1.7941
0.5108
0.0705
0.0151
0.0195
0.0342
0.0122
0.0037
0.0054
0.0012
0.0008
0.0074
0.0032
0.0034
0.0070
0.0018
0.0038
0.0024
0.0024
0.0004
0.0017
0.0000
0.0018
0.0060
0.0063
0.0109
0.0013
0.0123
0.0250
0.0090
0.0525
