3.8564
0.1132
0.2658
0.0991
0.0333
0.2164
0.2637
0.4081
0.4356
0.0999
0.0110
0.0400
0.0671
0.0525
0.0519
0.1024
0.0551
0.0348
0.0312
0.0291
0.0298
0.0518
0.0234
0.0550
0.0028
0.0063
0.0092
0.0085
0.0058
0.0355
0.0388
0.0185
0.0065
0.0155
0.0085
0.0211
0.0384
0.0052
0.0312
0.0091
0.1031
0.0327
0.0067
0.0551
0.0672
0.0069
0.1028
0.0336
0.0618
0.0189
0.0733
0.2430
0.1846
0.0366
0.1975
0.1948
0.4665
0.4997
0.8593
0.2946
3.3549
1.5541
30.2754
0.4671
1.7325
0.0816
0.0734
0.0270
0.0694
0.1394
0.2289
0.1802
0.1377
0.0019
0.0249
0.0054
0.0039
0.0160
0.0965
0.0461
0.0186
0.0165
0.0586
0.0838
0.1676
0.0692
0.0383
0.0590
0.2276
0.2122
0.4358
0.1640
1.8431
0.7965
30.2795
0.3523
1.3605
0.0041
0.1752
0.0841
0.1819
0.1372
0.1866
0.0962
0.0551
0.1682
0.0738
0.0277
0.0342
0.0440
0.1081
0.0136
0.0502
0.0088
0.0450
0.0366
0.2428
0.1739
0.1117
0.0563
0.1665
0.1990
0.4026
0.1291
2.1947
