0.0612
0.0929
0.3066
0.1038
0.0695
0.1311
0.0368
0.0192
0.0048
0.0166
0.0004
0.0028
0.0079
0.0033
0.0036
0.0019
0.0017
0.0042
0.0006
0.0117
0.0103
0.0045
0.0091
0.0009
0.0021
0.0071
0.0020
0.0059
0.0015
0.0082
0.0029
0.0020
0.0018
0.0001
0.0071
0.0133
0.0058
0.0048
0.0042
0.0108
0.0014
0.0019
0.0132
0.0012
0.0090
0.0184
0.0101
0.0044
0.0015
0.0310
0.0152
0.0284
0.0102
0.0123
0.0203
0.0666
0.0235
0.1483
0.1300
0.1528
0.0268
2.5152
4.1385
0.5633
0.0292
0.0310
0.1632
0.0304
0.0317
0.0647
0.0076
0.0112
0.0016
0.0099
0.0014
0.0054
0.0022
0.0040
0.0082
0.0030
0.0029
0.0079
0.0063
0.0043
0.0040
0.0019
0.0146
0.0111
0.0031
0.0804
0.0329
0.0800
0.0133
1.2381
4.1407
0.6816
0.0315
0.0084
0.1646
0.0110
0.0301
0.0615
0.0043
0.0087
0.0038
0.0159
0.0060
0.0155
0.0005
0.0043
0.0107
0.0011
0.0110
0.0092
0.0077
0.0092
0.0034
0.0055
0.0261
0.0461
0.0200
0.0874
0.0308
0.0861
0.0066
