0.2758
0.0598
0.3386
0.1329
0.1054
0.0743
0.0310
0.0495
0.0305
0.0497
0.0352
0.0101
0.0336
0.0000
0.0475
0.0413
0.0357
0.0085
0.0179
0.0297
0.0318
0.0304
0.0445
0.0254
0.0237
0.0306
0.0392
0.0322
0.0463
0.0285
0.0212
0.0075
0.0134
0.0075
0.0002
0.0149
0.0225
0.0153
0.0011
0.0184
0.0238
0.0333
0.0255
0.0387
0.0115
0.0581
0.0323
0.0246
0.0771
0.0432
0.0161
0.0419
0.0586
0.1140
0.0692
0.3218
0.0294
0.0771
0.1845
0.1060
0.6745
1.6317
4.3458
0.4615
0.1038
0.0335
0.1532
0.0518
0.0347
0.0920
0.0041
0.0456
0.0352
0.0424
0.0259
0.0338
0.0299
0.0236
0.0536
0.0103
0.0333
0.0059
0.0078
0.0036
0.0244
0.0440
0.0508
0.1419
0.0316
0.0602
0.1192
0.0427
0.3528
0.8364
4.3084
0.4039
0.0606
0.0248
0.1091
0.0533
0.0384
0.1451
0.0180
0.0633
0.0257
0.0216
0.0234
0.0391
0.0397
0.0358
0.0153
0.0320
0.0160
0.0267
0.0067
0.0102
0.0225
0.0218
0.0551
0.0767
0.0720
0.0944
0.1927
0.0433
0.3698
