0.0323
0.0586
0.0439
0.0322
0.0084
0.0038
0.0002
0.0105
0.0155
0.0131
0.0235
0.0027
0.0113
0.0139
0.0000
0.0178
0.0158
0.0136
0.0181
0.0102
0.0145
0.0095
0.0148
0.0163
0.0148
0.0168
0.0158
0.0139
0.0139
0.0139
0.0156
0.0017
0.0060
0.0027
0.0036
0.0062
0.0110
0.0098
0.0022
0.0032
0.0039
0.0072
0.0080
0.0173
0.0167
0.0175
0.0163
0.0201
0.0164
0.0153
0.0247
0.0298
0.0286
0.0454
0.0428
0.0547
0.0367
0.0260
0.1091
0.0513
0.3465
0.1146
2.0508
0.4961
0.0027
0.0260
0.0113
0.0094
0.0023
0.0132
0.0067
0.0167
0.0124
0.0147
0.0176
0.0112
0.0136
0.0170
0.0070
0.0038
0.0013
0.0047
0.0059
0.0100
0.0107
0.0180
0.0214
0.0256
0.0208
0.0166
0.0590
0.0296
0.1753
0.0805
2.0350
0.5027
0.0194
0.0295
0.0004
0.0121
0.0034
0.0150
0.0165
0.0225
0.0160
0.0198
0.0170
0.0180
0.0172
0.0163
0.0229
0.0028
0.0074
0.0107
0.0054
0.0078
0.0111
0.0174
0.0196
0.0279
0.0285
0.0320
0.0651
0.0422
0.1753
