0.0731
0.0906
0.0165
0.0357
0.0029
0.0231
0.0184
0.0059
0.0081
0.0135
0.0165
0.0125
0.0120
0.0107
0.0141
0.0108
0.0132
0.0108
0.0196
0.0115
0.0096
0.0123
0.0145
0.0110
0.0139
0.0117
0.0189
0.0135
0.0115
0.0158
0.0096
0.0017
0.0050
0.0023
0.0035
0.0040
0.0016
0.0026
0.0016
0.0072
0.0062
0.0081
0.0079
0.0117
0.0162
0.0126
0.0128
0.0136
0.0240
0.0172
0.0092
0.0169
0.0316
0.0416
0.0324
0.0264
0.0577
0.0921
0.0726
0.0045
0.1640
0.6117
1.9595
0.5121
0.0446
0.0451
0.0049
0.0063
0.0120
0.0171
0.0174
0.0120
0.0127
0.0112
0.0081
0.0136
0.0159
0.0146
0.0125
0.0021
0.0040
0.0043
0.0061
0.0019
0.0139
0.0189
0.0141
0.0099
0.0294
0.0504
0.0430
0.0079
0.0763
0.2794
1.9693
0.5222
0.0493
0.0274
0.0044
0.0089
0.0170
0.0121
0.0124
0.0188
0.0149
0.0102
0.0073
0.0134
0.0155
0.0118
0.0149
0.0006
0.0024
0.0051
0.0100
0.0032
0.0104
0.0144
0.0133
0.0076
0.0300
0.0579
0.0442
0.0149
0.0693
