0.1468
0.1018
0.0110
0.0207
0.0613
0.0048
0.0124
0.0321
0.0233
0.0199
0.0289
0.0173
0.0260
0.0188
0.0304
0.0205
0.0243
0.0227
0.0171
0.0261
0.0202
0.0210
0.0209
0.0226
0.0198
0.0205
0.0203
0.0173
0.0236
0.0204
0.0197
0.0008
0.0015
0.0049
0.0002
0.0082
0.0013
0.0095
0.0095
0.0082
0.0120
0.0157
0.0196
0.0136
0.0245
0.0171
0.0293
0.0237
0.0289
0.0280
0.0165
0.0404
0.0222
0.0542
0.0696
0.0261
0.0890
0.1653
0.1221
0.2377
0.4775
1.0003
2.4900
0.5233
0.0954
0.0677
0.0162
0.0105
0.0402
0.0028
0.0090
0.0314
0.0153
0.0289
0.0181
0.0164
0.0252
0.0192
0.0295
0.0062
0.0007
0.0083
0.0056
0.0140
0.0035
0.0204
0.0374
0.0146
0.0346
0.0812
0.0604
0.1075
0.2307
0.4741
2.5106
0.5465
0.1183
0.0772
0.0181
0.0340
0.0420
0.0001
0.0217
0.0265
0.0150
0.0228
0.0190
0.0180
0.0197
0.0220
0.0223
0.0048
0.0050
0.0058
0.0067
0.0130
0.0147
0.0155
0.0403
0.0284
0.0226
0.0851
0.0626
0.0958
0.2123
