0.2391
0.4240
0.1002
0.0076
0.0092
0.0392
0.0020
0.0273
0.0139
0.0094
0.0001
0.0105
0.0066
0.0026
0.0026
0.0013
0.0034
0.0015
0.0036
0.0016
0.0031
0.0040
0.0001
0.0016
0.0005
0.0042
0.0006
0.0036
0.0024
0.0034
0.0025
0.0025
0.0043
0.0032
0.0038
0.0013
0.0072
0.0022
0.0010
0.0051
0.0012
0.0035
0.0041
0.0052
0.0014
0.0049
0.0071
0.0038
0.0080
0.0123
0.0035
0.0102
0.0057
0.0011
0.0034
0.0450
0.0279
0.0261
0.0539
0.1195
0.1425
0.2878
2.1023
0.5056
0.1081
0.2184
0.0413
0.0023
0.0014
0.0277
0.0054
0.0130
0.0097
0.0032
0.0048
0.0120
0.0039
0.0025
0.0018
0.0022
0.0044
0.0029
0.0016
0.0070
0.0035
0.0071
0.0009
0.0159
0.0164
0.0144
0.0355
0.0298
0.0829
0.1188
2.1018
0.5177
0.0933
0.2162
0.0257
0.0063
0.0070
0.0302
0.0000
0.0011
0.0052
0.0075
0.0019
0.0025
0.0042
0.0008
0.0043
0.0015
0.0029
0.0023
0.0027
0.0045
0.0066
0.0117
0.0013
0.0052
0.0120
0.0146
0.0476
0.0378
0.1023
