0.2289
0.4313
0.0921
0.0052
0.0055
0.0355
0.0107
0.0238
0.0153
0.0083
0.0012
0.0125
0.0040
0.0015
0.0065
0.0025
0.0011
0.0030
0.0044
0.0023
0.0006
0.0004
0.0002
0.0005
0.0012
0.0047
0.0021
0.0019
0.0017
0.0048
0.0047
0.0018
0.0018
0.0018
0.0036
0.0009
0.0046
0.0016
0.0002
0.0024
0.0037
0.0028
0.0032
0.0035
0.0037
0.0034
0.0028
0.0010
0.0052
0.0082
0.0032
0.0058
0.0065
0.0066
0.0008
0.0404
0.0245
0.0129
0.0805
0.1126
0.1262
0.2798
2.0502
0.5091
0.1068
0.2255
0.0360
0.0029
0.0092
0.0242
0.0075
0.0110
0.0107
0.0036
0.0047
0.0113
0.0019
0.0018
0.0045
0.0006
0.0035
0.0002
0.0020
0.0047
0.0047
0.0075
0.0028
0.0142
0.0107
0.0061
0.0509
0.0272
0.0746
0.1124
2.0492
0.5165
0.0952
0.2197
0.0134
0.0064
0.0099
0.0270
0.0013
0.0024
0.0044
0.0055
0.0005
0.0009
0.0014
0.0018
0.0016
0.0010
0.0013
0.0057
0.0025
0.0060
0.0082
0.0116
0.0009
0.0033
0.0058
0.0035
0.0569
0.0402
0.0947
