0.0827
0.0231
0.0462
0.0044
0.0374
0.0106
0.0088
0.0070
0.0321
0.0263
0.0190
0.0150
0.0060
0.0050
0.0085
0.0110
0.0042
0.0070
0.0024
0.0017
0.0062
0.0095
0.0049
0.0055
0.0005
0.0019
0.0037
0.0093
0.0099
0.0124
0.0017
0.0033
0.0016
0.0038
0.0005
0.0039
0.0052
0.0039
0.0050
0.0036
0.0015
0.0005
0.0051
0.0015
0.0099
0.0015
0.0027
0.0045
0.0215
0.0187
0.0184
0.0160
0.0137
0.0171
0.0074
0.0094
0.0049
0.1089
0.0985
0.2037
0.1282
0.0553
2.1447
0.4999
0.0368
0.0013
0.0138
0.0149
0.0164
0.0040
0.0063
0.0060
0.0154
0.0139
0.0146
0.0129
0.0131
0.0059
0.0097
0.0016
0.0085
0.0024
0.0028
0.0020
0.0008
0.0040
0.0027
0.0096
0.0043
0.0528
0.0558
0.1020
0.0708
0.0513
2.1428
0.4980
0.0181
0.0282
0.0022
0.0340
0.0165
0.0015
0.0079
0.0043
0.0099
0.0121
0.0109
0.0065
0.0127
0.0077
0.0097
0.0006
0.0005
0.0046
0.0044
0.0013
0.0062
0.0030
0.0136
0.0038
0.0240
0.0440
0.0589
0.0974
0.0731
