2.3347
1.6080
0.1912
0.1609
0.3194
0.0408
0.0216
0.2958
0.0296
0.0659
0.1550
0.0585
0.1767
0.1150
0.0282
0.0363
0.0748
0.0250
0.0084
0.0003
0.0319
0.0399
0.0096
0.0039
0.0568
0.0555
0.0176
0.0106
0.0772
0.0210
0.1077
0.0325
0.0296
0.0046
0.0549
0.0147
0.0069
0.0231
0.0481
0.0104
0.0358
0.0165
0.0278
0.0548
0.0120
0.0704
0.0358
0.0085
0.1608
0.1867
0.1943
0.1499
0.1588
0.0529
0.0545
0.0026
0.3360
0.0701
0.8898
0.0543
3.7831
11.8349
16.4595
0.7886
0.9681
0.8088
0.0137
0.0888
0.1177
0.0309
0.0365
0.1060
0.0043
0.0249
0.1111
0.1046
0.1212
0.0605
0.0694
0.0808
0.0127
0.0774
0.0414
0.0629
0.0642
0.1376
0.0252
0.0146
0.2508
0.0775
0.4826
0.0922
1.9626
5.8939
16.4295
1.3451
0.5457
0.7113
0.1985
0.0156
0.0049
0.0016
0.0324
0.0247
0.0914
0.0699
0.0688
0.0664
0.0245
0.0455
0.0318
0.0015
0.0715
0.0283
0.0950
0.0185
0.0067
0.1306
0.0124
0.0671
0.2355
0.0624
0.3888
0.3516
2.1258
