0.0812
0.0342
0.0067
0.0111
0.0280
0.0115
0.0017
0.0128
0.0243
0.0357
0.0218
0.0214
0.0191
0.0063
0.0030
0.0084
0.0005
0.0002
0.0089
0.0119
0.0041
0.0031
0.0090
0.0047
0.0075
0.0101
0.0054
0.0055
0.0084
0.0079
0.0000
0.0013
0.0037
0.0025
0.0018
0.0001
0.0032
0.0065
0.0059
0.0061
0.0046
0.0064
0.0063
0.0019
0.0071
0.0064
0.0058
0.0165
0.0132
0.0128
0.0113
0.0082
0.0084
0.0006
0.0087
0.0126
0.0194
0.1008
0.1084
0.2106
0.1270
0.1042
2.0825
0.5008
0.0380
0.0022
0.0109
0.0202
0.0067
0.0054
0.0039
0.0073
0.0130
0.0168
0.0162
0.0135
0.0120
0.0082
0.0046
0.0056
0.0001
0.0026
0.0015
0.0052
0.0033
0.0035
0.0038
0.0088
0.0138
0.0483
0.0557
0.1076
0.0665
0.0761
2.0790
0.4928
0.0181
0.0220
0.0235
0.0275
0.0048
0.0106
0.0006
0.0002
0.0049
0.0035
0.0054
0.0057
0.0133
0.0110
0.0156
0.0021
0.0054
0.0085
0.0044
0.0073
0.0051
0.0021
0.0102
0.0020
0.0196
0.0399
0.0548
0.1042
0.0662
