0.6493
0.0282
0.1404
0.0218
0.0497
0.0528
0.0418
0.0158
0.0134
0.0551
0.0189
0.0070
0.0029
0.0194
0.0155
0.0194
0.0154
0.0278
0.0091
0.0147
0.0215
0.0150
0.0113
0.0187
0.0139
0.0176
0.0185
0.0235
0.0155
0.0183
0.0186
0.0005
0.0028
0.0015
0.0069
0.0098
0.0089
0.0084
0.0024
0.0128
0.0076
0.0191
0.0178
0.0048
0.0057
0.0264
0.0189
0.0161
0.0201
0.0234
0.0283
0.0486
0.0389
0.0091
0.0164
0.0028
0.0919
0.0418
0.3164
0.3191
0.1437
1.8472
3.3789
0.4535
0.3183
0.0362
0.0967
0.0175
0.0085
0.0283
0.0190
0.0139
0.0022
0.0444
0.0212
0.0181
0.0090
0.0182
0.0183
0.0028
0.0133
0.0185
0.0023
0.0038
0.0233
0.0026
0.0027
0.0075
0.0537
0.0204
0.1478
0.1529
0.1040
0.9535
3.3627
0.3765
0.3043
0.0667
0.1333
0.0087
0.0129
0.0032
0.0085
0.0020
0.0225
0.0258
0.0214
0.0132
0.0253
0.0145
0.0104
0.0068
0.0057
0.0104
0.0161
0.0108
0.0212
0.0081
0.0025
0.0060
0.0657
0.0199
0.1010
0.1444
0.1693
