0.2817
0.1914
0.0036
0.0849
0.0569
0.0528
0.0286
0.0066
0.0367
0.0415
0.0241
0.0307
0.0328
0.0342
0.0260
0.0279
0.0388
0.0295
0.0402
0.0314
0.0262
0.0430
0.0314
0.0352
0.0357
0.0317
0.0411
0.0326
0.0336
0.0281
0.0266
0.0068
0.0005
0.0012
0.0004
0.0095
0.0050
0.0149
0.0156
0.0200
0.0156
0.0128
0.0258
0.0285
0.0286
0.0265
0.0315
0.0340
0.0259
0.0422
0.0417
0.0726
0.0650
0.0825
0.1126
0.0888
0.0588
0.0630
0.1638
0.5461
0.3829
1.6904
3.3296
0.5433
0.1602
0.1345
0.0171
0.0553
0.0359
0.0388
0.0353
0.0224
0.0362
0.0396
0.0267
0.0331
0.0276
0.0272
0.0322
0.0006
0.0045
0.0044
0.0112
0.0248
0.0233
0.0421
0.0455
0.0312
0.0251
0.0240
0.0864
0.2597
0.1759
0.8195
3.3694
0.5900
0.1542
0.1723
0.0169
0.0239
0.0216
0.0395
0.0487
0.0323
0.0353
0.0441
0.0260
0.0239
0.0264
0.0320
0.0408
0.0009
0.0071
0.0143
0.0218
0.0137
0.0133
0.0438
0.0445
0.0364
0.0271
0.0156
0.0888
0.2322
0.1495
