0.6354
0.1745
0.0902
0.0247
0.1162
0.0125
0.0061
0.0359
0.0351
0.0170
0.0435
0.0261
0.0224
0.0076
0.0379
0.0172
0.0249
0.0307
0.0293
0.0281
0.0311
0.0321
0.0236
0.0303
0.0330
0.0237
0.0263
0.0262
0.0293
0.0382
0.0243
0.0038
0.0093
0.0055
0.0155
0.0026
0.0109
0.0092
0.0127
0.0078
0.0127
0.0224
0.0414
0.0320
0.0232
0.0352
0.0322
0.0011
0.0343
0.0636
0.0504
0.0915
0.0384
0.1116
0.0693
0.0475
0.0852
0.2082
0.2743
0.1466
0.0465
1.6781
3.8672
0.4581
0.3143
0.0730
0.0138
0.0359
0.0371
0.0062
0.0129
0.0460
0.0290
0.0314
0.0376
0.0406
0.0257
0.0087
0.0356
0.0068
0.0081
0.0085
0.0077
0.0404
0.0023
0.0387
0.0386
0.0316
0.0581
0.0921
0.1464
0.0877
0.0082
0.8666
3.8442
0.4023
0.3440
0.0762
0.0141
0.0608
0.0225
0.0001
0.0191
0.0593
0.0267
0.0441
0.0375
0.0425
0.0300
0.0289
0.0300
0.0165
0.0077
0.0085
0.0119
0.0265
0.0158
0.0289
0.0526
0.0424
0.0862
0.0939
0.1641
0.1205
0.0787
