0.2657
1.0059
1.2265
0.1580
0.1542
0.3831
0.0625
0.1499
0.0826
0.1248
0.0158
0.0448
0.0552
0.0037
0.0167
0.0805
0.0653
0.0661
0.0847
0.1215
0.0720
0.0945
0.0912
0.0669
0.0811
0.0731
0.0927
0.0983
0.0643
0.0633
0.0102
0.0289
0.0362
0.0251
0.0299
0.0183
0.0062
0.0476
0.0218
0.0511
0.0708
0.0426
0.0959
0.0170
0.0255
0.0630
0.0918
0.1206
0.0813
0.1092
0.0840
0.2284
0.3702
0.3610
0.0937
0.2847
0.2237
0.3905
0.6893
0.2190
4.6482
0.5882
22.2949
0.4971
0.1164
0.4673
0.4877
0.1214
0.0985
0.2115
0.0621
0.0278
0.1035
0.1295
0.0683
0.0386
0.0139
0.0456
0.0702
0.0437
0.0253
0.0417
0.0299
0.0908
0.1313
0.1911
0.0410
0.0885
0.1040
0.1622
0.4254
0.1918
2.3343
0.2632
22.2320
0.6246
0.4537
0.4964
0.4006
0.1094
0.0633
0.1980
0.0425
0.1456
0.2092
0.1069
0.0543
0.1156
0.0707
0.1212
0.1400
0.0444
0.0241
0.0312
0.0792
0.0265
0.0824
0.1968
0.0508
0.0035
0.0718
0.1596
0.6624
0.3619
2.2773
