1.3509
0.2223
0.0102
0.0514
0.0361
0.0332
0.1031
0.0597
0.0381
0.0040
0.0572
0.0810
0.0427
0.0019
0.0244
0.0089
0.0021
0.0082
0.0029
0.0145
0.0027
0.0220
0.0114
0.0222
0.0131
0.0051
0.0012
0.0074
0.0002
0.0058
0.0125
0.0001
0.0018
0.0031
0.0087
0.0092
0.0223
0.0164
0.0067
0.0060
0.0153
0.0033
0.0043
0.0003
0.0061
0.0056
0.0063
0.0010
0.0401
0.0742
0.0430
0.0535
0.0251
0.0960
0.0346
0.1851
0.1187
0.0401
0.1542
0.4526
0.3821
2.3368
2.9187
0.4401
0.6901
0.0724
0.0120
0.0358
0.0125
0.0298
0.0445
0.0488
0.0227
0.0105
0.0294
0.0614
0.0017
0.0028
0.0038
0.0040
0.0281
0.0094
0.0173
0.0199
0.0035
0.0288
0.0343
0.0964
0.0610
0.0011
0.0696
0.2337
0.1248
1.1952
2.9388
0.3218
0.6981
0.0097
0.0560
0.0333
0.0400
0.0699
0.0062
0.0505
0.0176
0.0238
0.0144
0.0242
0.0283
0.0105
0.0260
0.0001
0.0100
0.0519
0.0269
0.0009
0.0171
0.0191
0.0499
0.0638
0.0518
0.0090
0.0514
0.2518
0.0131
