0.3597
0.0516
0.0820
0.0252
0.0705
0.0707
0.0588
0.0640
0.0639
0.0533
0.0461
0.0526
0.0588
0.0512
0.0462
0.0544
0.0503
0.0503
0.0590
0.0572
0.0520
0.0604
0.0628
0.0462
0.0448
0.0545
0.0553
0.0518
0.0539
0.0555
0.0558
0.0000
0.0084
0.0112
0.0062
0.0133
0.0181
0.0211
0.0255
0.0302
0.0212
0.0252
0.0353
0.0397
0.0369
0.0540
0.0703
0.0586
0.0596
0.0721
0.0811
0.0825
0.1027
0.1239
0.1412
0.1428
0.1471
0.2062
0.2817
0.3345
0.8014
3.2344
4.3320
0.5781
0.2241
0.0022
0.0134
0.0409
0.0535
0.0566
0.0607
0.0634
0.0572
0.0526
0.0510
0.0527
0.0561
0.0552
0.0577
0.0042
0.0133
0.0221
0.0264
0.0323
0.0384
0.0480
0.0608
0.0576
0.0597
0.1039
0.1532
0.1646
0.3745
1.5923
4.3694
0.6817
0.2361
0.0036
0.0044
0.0408
0.0462
0.0533
0.0552
0.0560
0.0573
0.0523
0.0503
0.0510
0.0502
0.0567
0.0642
0.0057
0.0072
0.0161
0.0218
0.0263
0.0290
0.0371
0.0484
0.0577
0.0697
0.1066
0.1691
0.1875
0.3513
