0.3795
0.0625
0.0657
0.0717
0.0786
0.0139
0.0302
0.0704
0.0475
0.0250
0.0468
0.0584
0.0397
0.0404
0.0506
0.0498
0.0404
0.0508
0.0538
0.0448
0.0382
0.0446
0.0513
0.0465
0.0464
0.0435
0.0457
0.0459
0.0455
0.0452
0.0445
0.0017
0.0066
0.0108
0.0070
0.0089
0.0140
0.0172
0.0148
0.0192
0.0248
0.0251
0.0321
0.0370
0.0425
0.0380
0.0464
0.0553
0.0557
0.0547
0.0698
0.0848
0.0811
0.0949
0.1238
0.1255
0.1328
0.2042
0.2717
0.2601
0.5760
2.8709
3.9020
0.5748
0.2164
0.0087
0.0073
0.0591
0.0603
0.0375
0.0420
0.0528
0.0454
0.0437
0.0507
0.0519
0.0458
0.0461
0.0464
0.0143
0.0088
0.0090
0.0247
0.0339
0.0210
0.0307
0.0592
0.0570
0.0499
0.0937
0.1460
0.1342
0.2714
1.4155
3.9553
0.6591
0.2183
0.0140
0.0117
0.0655
0.0502
0.0344
0.0429
0.0460
0.0473
0.0528
0.0423
0.0428
0.0508
0.0500
0.0465
0.0072
0.0090
0.0107
0.0225
0.0382
0.0308
0.0259
0.0532
0.0710
0.0556
0.0884
0.1606
0.1466
0.2323
