0.0993
0.0610
0.0310
0.0296
0.0391
0.0278
0.0029
0.0225
0.0233
0.0256
0.0236
0.0159
0.0074
0.0019
0.0080
0.0148
0.0074
0.0114
0.0068
0.0091
0.0050
0.0078
0.0055
0.0071
0.0038
0.0068
0.0071
0.0070
0.0107
0.0125
0.0135
0.0031
0.0026
0.0040
0.0018
0.0058
0.0017
0.0071
0.0055
0.0053
0.0057
0.0034
0.0095
0.0049
0.0051
0.0096
0.0106
0.0155
0.0181
0.0207
0.0333
0.0245
0.0272
0.0024
0.0028
0.0149
0.0043
0.0983
0.1021
0.2197
0.1177
0.0585
2.1085
0.4998
0.0415
0.0137
0.0020
0.0003
0.0179
0.0145
0.0043
0.0128
0.0177
0.0157
0.0214
0.0175
0.0162
0.0124
0.0128
0.0024
0.0040
0.0070
0.0098
0.0064
0.0068
0.0092
0.0022
0.0091
0.0055
0.0485
0.0538
0.1146
0.0602
0.0542
2.0993
0.4969
0.0170
0.0149
0.0091
0.0165
0.0192
0.0010
0.0003
0.0008
0.0136
0.0179
0.0165
0.0088
0.0084
0.0105
0.0053
0.0065
0.0022
0.0043
0.0061
0.0046
0.0011
0.0013
0.0068
0.0063
0.0249
0.0513
0.0572
0.1163
0.0673
