0.1180
0.0425
0.0933
0.0102
0.0127
0.0050
0.0048
0.0018
0.0122
0.0100
0.0085
0.0130
0.0092
0.0070
0.0173
0.0021
0.0122
0.0143
0.0098
0.0189
0.0126
0.0148
0.0093
0.0084
0.0134
0.0105
0.0070
0.0143
0.0120
0.0150
0.0114
0.0071
0.0012
0.0031
0.0054
0.0003
0.0063
0.0014
0.0055
0.0092
0.0105
0.0117
0.0132
0.0128
0.0079
0.0120
0.0134
0.0114
0.0170
0.0185
0.0229
0.0259
0.0401
0.0281
0.0342
0.0547
0.0313
0.0186
0.0838
0.0408
0.3746
0.0111
2.0972
0.5024
0.0387
0.0181
0.0360
0.0005
0.0106
0.0068
0.0112
0.0120
0.0170
0.0128
0.0152
0.0119
0.0097
0.0068
0.0170
0.0027
0.0054
0.0065
0.0081
0.0101
0.0165
0.0162
0.0125
0.0261
0.0145
0.0102
0.0498
0.0219
0.1919
0.0182
2.0801
0.5114
0.0132
0.0232
0.0224
0.0079
0.0087
0.0180
0.0107
0.0088
0.0234
0.0131
0.0187
0.0143
0.0117
0.0189
0.0126
0.0002
0.0008
0.0060
0.0093
0.0119
0.0152
0.0168
0.0194
0.0299
0.0165
0.0209
0.0714
0.0330
0.2021
