0.2085
0.0369
0.0596
0.0223
0.0147
0.0029
0.0299
0.0310
0.0010
0.0098
0.0010
0.0039
0.0101
0.0058
0.0055
0.0083
0.0046
0.0050
0.0032
0.0101
0.0092
0.0027
0.0071
0.0063
0.0064
0.0046
0.0051
0.0056
0.0021
0.0038
0.0071
0.0025
0.0015
0.0033
0.0019
0.0037
0.0019
0.0015
0.0060
0.0038
0.0041
0.0031
0.0031
0.0064
0.0018
0.0027
0.0083
0.0014
0.0076
0.0102
0.0030
0.0111
0.0154
0.0003
0.0230
0.0370
0.0680
0.0047
0.0225
0.1385
0.5118
0.4431
1.9624
0.4898
0.1294
0.0087
0.0308
0.0097
0.0016
0.0092
0.0184
0.0115
0.0085
0.0074
0.0015
0.0014
0.0043
0.0056
0.0090
0.0007
0.0022
0.0034
0.0001
0.0011
0.0066
0.0029
0.0022
0.0152
0.0335
0.0016
0.0069
0.0679
0.2440
0.2467
1.9747
0.4570
0.1703
0.0191
0.0269
0.0009
0.0234
0.0152
0.0153
0.0040
0.0092
0.0067
0.0026
0.0079
0.0067
0.0010
0.0003
0.0039
0.0030
0.0075
0.0018
0.0021
0.0035
0.0097
0.0036
0.0112
0.0207
0.0039
0.0019
0.0675
0.2180
