4.0329
1.3619
1.3370
0.5540
0.1450
0.1648
0.3230
0.3715
0.0608
0.1828
0.1508
0.0112
0.0851
0.0853
0.2112
0.2338
0.1590
0.0946
0.1765
0.2361
0.1249
0.1744
0.2140
0.1315
0.1969
0.1050
0.0942
0.1317
0.1272
0.1663
0.1890
0.0451
0.0437
0.0659
0.0371
0.0371
0.0971
0.0523
0.0346
0.1063
0.0900
0.1337
0.2385
0.1649
0.0326
0.1034
0.0944
0.1872
0.1998
0.3315
0.3851
0.2811
0.1365
0.3696
0.8579
1.2733
0.6115
1.0509
0.3445
0.3153
9.0565
2.6878
41.3631
0.4461
1.5607
0.7157
0.6607
0.1446
0.2028
0.1231
0.3080
0.2536
0.0577
0.0262
0.1334
0.1087
0.0831
0.1430
0.2322
0.1024
0.0828
0.0648
0.1917
0.1531
0.0741
0.1074
0.3800
0.6059
0.2876
0.5670
0.0535
0.0147
4.7206
1.3586
41.0695
0.1675
0.7794
0.8230
0.7740
0.0007
0.1378
0.4231
0.3551
0.2008
0.1229
0.1583
0.3011
0.2456
0.1591
0.1857
0.1272
0.0598
0.0558
0.1336
0.2462
0.2770
0.2513
0.0711
0.2079
0.5574
0.3072
0.7045
0.3539
0.2297
4.9930
