0.0378
0.0118
0.0243
0.0182
0.0153
0.0032
0.0089
0.0013
0.0048
0.0083
0.0006
0.0038
0.0042
0.0033
0.0014
0.0024
0.0001
0.0007
0.0038
0.0001
0.0011
0.0046
0.0034
0.0032
0.0036
0.0067
0.0035
0.0038
0.0017
0.0007
0.0021
0.0001
0.0000
0.0020
0.0015
0.0002
0.0017
0.0026
0.0017
0.0013
0.0001
0.0045
0.0012
0.0028
0.0016
0.0002
0.0047
0.0024
0.0032
0.0058
0.0065
0.0037
0.0074
0.0040
0.0040
0.0231
0.0061
0.0182
0.0464
0.0442
0.1367
0.0620
1.5914
0.4993
0.0270
0.0032
0.0170
0.0115
0.0046
0.0046
0.0035
0.0015
0.0052
0.0065
0.0003
0.0030
0.0007
0.0039
0.0004
0.0019
0.0003
0.0040
0.0019
0.0007
0.0036
0.0001
0.0015
0.0124
0.0071
0.0099
0.0195
0.0202
0.0651
0.0065
1.5962
0.4966
0.0350
0.0018
0.0215
0.0102
0.0048
0.0085
0.0003
0.0036
0.0083
0.0027
0.0008
0.0069
0.0021
0.0001
0.0043
0.0039
0.0018
0.0002
0.0030
0.0049
0.0005
0.0055
0.0003
0.0106
0.0123
0.0051
0.0137
0.0222
0.0622
