0.1987
0.3652
0.0930
0.0057
0.0024
0.0354
0.0219
0.0096
0.0167
0.0055
0.0055
0.0081
0.0103
0.0040
0.0061
0.0034
0.0077
0.0003
0.0111
0.0044
0.0022
0.0005
0.0093
0.0012
0.0022
0.0037
0.0043
0.0028
0.0013
0.0016
0.0012
0.0016
0.0014
0.0027
0.0019
0.0030
0.0009
0.0025
0.0001
0.0002
0.0054
0.0009
0.0029
0.0002
0.0108
0.0009
0.0058
0.0003
0.0038
0.0032
0.0111
0.0087
0.0004
0.0107
0.0062
0.0178
0.0389
0.0155
0.0752
0.0416
0.2165
0.1609
1.8597
0.5024
0.0860
0.1878
0.0399
0.0004
0.0059
0.0242
0.0105
0.0036
0.0108
0.0013
0.0063
0.0045
0.0090
0.0015
0.0102
0.0006
0.0020
0.0052
0.0092
0.0022
0.0069
0.0063
0.0032
0.0009
0.0171
0.0084
0.0456
0.0064
0.1178
0.0551
1.8533
0.5077
0.0684
0.1743
0.0154
0.0005
0.0130
0.0167
0.0054
0.0054
0.0025
0.0042
0.0041
0.0053
0.0007
0.0006
0.0051
0.0008
0.0012
0.0028
0.0001
0.0006
0.0058
0.0083
0.0055
0.0111
0.0151
0.0087
0.0552
0.0589
0.1338
