0.2000
0.1352
0.0392
0.0075
0.0429
0.0395
0.0325
0.0051
0.0073
0.0037
0.0022
0.0001
0.0023
0.0119
0.0189
0.0121
0.0089
0.0086
0.0108
0.0090
0.0103
0.0104
0.0069
0.0104
0.0107
0.0083
0.0091
0.0041
0.0087
0.0043
0.0082
0.0017
0.0020
0.0002
0.0036
0.0007
0.0023
0.0027
0.0033
0.0032
0.0049
0.0058
0.0030
0.0097
0.0073
0.0071
0.0087
0.0116
0.0066
0.0037
0.0120
0.0302
0.0284
0.0213
0.0147
0.0265
0.0626
0.0052
0.0747
0.0785
0.5143
0.0700
1.7008
0.4979
0.0723
0.0701
0.0267
0.0036
0.0330
0.0236
0.0206
0.0045
0.0017
0.0040
0.0038
0.0009
0.0103
0.0113
0.0202
0.0002
0.0043
0.0010
0.0059
0.0122
0.0143
0.0095
0.0012
0.0061
0.0207
0.0036
0.0316
0.0285
0.2627
0.0579
1.7143
0.4803
0.0301
0.0714
0.0317
0.0006
0.0327
0.0167
0.0137
0.0088
0.0141
0.0186
0.0073
0.0034
0.0079
0.0076
0.0029
0.0044
0.0061
0.0108
0.0033
0.0127
0.0152
0.0125
0.0041
0.0014
0.0094
0.0074
0.0266
0.0115
0.2754
