0.8757
0.1862
0.1283
0.1430
0.0085
0.0719
0.0555
0.0121
0.0012
0.0320
0.0401
0.0419
0.0046
0.0172
0.0075
0.0083
0.0105
0.0056
0.0016
0.0059
0.0089
0.0238
0.0037
0.0013
0.0005
0.0004
0.0027
0.0021
0.0053
0.0057
0.0016
0.0005
0.0030
0.0062
0.0011
0.0005
0.0002
0.0025
0.0137
0.0146
0.0025
0.0022
0.0093
0.0004
0.0008
0.0022
0.0015
0.0020
0.0057
0.0074
0.0231
0.0479
0.0467
0.0650
0.0125
0.0213
0.0402
0.0074
0.1050
0.2529
0.4370
1.3839
2.2760
0.4701
0.4586
0.0764
0.0499
0.0710
0.0052
0.0354
0.0278
0.0112
0.0047
0.0234
0.0117
0.0108
0.0019
0.0094
0.0018
0.0009
0.0002
0.0144
0.0167
0.0063
0.0188
0.0211
0.0051
0.0174
0.0190
0.0172
0.0649
0.1394
0.1725
0.7221
2.2856
0.3841
0.4751
0.0292
0.0197
0.0525
0.0162
0.0057
0.0138
0.0415
0.0244
0.0247
0.0143
0.0150
0.0106
0.0075
0.0069
0.0052
0.0039
0.0170
0.0073
0.0106
0.0023
0.0190
0.0118
0.0375
0.0143
0.0435
0.0808
0.1523
0.0842
