0.5549
0.2128
0.0846
0.1214
0.0081
0.1143
0.0190
0.0671
0.0459
0.0065
0.0234
0.0066
0.0006
0.0082
0.0012
0.0032
0.0009
0.0141
0.0078
0.0150
0.0039
0.0011
0.0156
0.0042
0.0072
0.0048
0.0004
0.0017
0.0053
0.0023
0.0018
0.0015
0.0061
0.0085
0.0092
0.0071
0.0036
0.0042
0.0029
0.0029
0.0028
0.0122
0.0091
0.0026
0.0074
0.0023
0.0078
0.0099
0.0367
0.0013
0.0355
0.0147
0.0058
0.0006
0.1328
0.1151
0.1051
0.0570
0.0038
0.0870
0.2822
0.1873
2.8255
0.4906
0.2960
0.0931
0.0461
0.0608
0.0128
0.0721
0.0388
0.0309
0.0220
0.0116
0.0158
0.0001
0.0142
0.0132
0.0088
0.0072
0.0162
0.0040
0.0060
0.0052
0.0063
0.0118
0.0700
0.0412
0.0483
0.0114
0.0070
0.0573
0.1104
0.1162
2.8149
0.4855
0.3047
0.0849
0.0363
0.0632
0.0372
0.0764
0.0657
0.0083
0.0012
0.0071
0.0196
0.0009
0.0164
0.0079
0.0185
0.0097
0.0004
0.0041
0.0182
0.0119
0.0326
0.0292
0.0217
0.0329
0.0456
0.0141
0.0248
0.0897
0.0557
