0.5279
0.0074
0.0797
0.1670
0.0972
0.0496
0.0936
0.0846
0.0866
0.0637
0.0877
0.0838
0.0742
0.0762
0.0495
0.0786
0.0713
0.0722
0.0675
0.0512
0.0686
0.0637
0.0545
0.0641
0.0507
0.0719
0.0668
0.0556
0.0652
0.0533
0.0643
0.0029
0.0017
0.0152
0.0067
0.0174
0.0109
0.0273
0.0192
0.0315
0.0382
0.0339
0.0431
0.0337
0.0512
0.0584
0.0555
0.0764
0.0603
0.0842
0.0996
0.0988
0.1543
0.1259
0.1663
0.1977
0.2792
0.3509
0.4415
0.0370
1.3556
0.8126
4.2901
0.4701
0.1929
0.0024
0.0841
0.1189
0.0913
0.0585
0.0750
0.0744
0.0833
0.0580
0.0763
0.0686
0.0663
0.0787
0.0457
0.0058
0.0049
0.0182
0.0284
0.0265
0.0527
0.0456
0.0603
0.0914
0.1176
0.1567
0.2146
0.0126
0.7118
0.4293
4.2338
0.4935
0.1127
0.0453
0.1054
0.1311
0.1019
0.0647
0.0774
0.0566
0.0708
0.0645
0.0612
0.0545
0.0493
0.0537
0.0665
0.0057
0.0127
0.0031
0.0152
0.0290
0.0269
0.0387
0.0442
0.0910
0.1047
0.1169
0.1989
0.0457
0.7444
