0.5502
0.0123
0.1129
0.4513
0.0702
0.0527
0.0708
0.0341
0.0201
0.0129
0.0446
0.0204
0.0089
0.0344
0.0453
0.0381
0.0582
0.0273
0.0642
0.0376
0.0158
0.0151
0.0137
0.0210
0.0308
0.0197
0.0208
0.0322
0.0172
0.0327
0.0037
0.0003
0.0105
0.0025
0.0051
0.0053
0.0277
0.0097
0.0056
0.0106
0.0164
0.0055
0.0079
0.0336
0.0296
0.0514
0.0887
0.0615
0.0145
0.0175
0.0631
0.0398
0.0051
0.0473
0.0623
0.1017
0.0131
0.2318
0.0143
0.4651
1.0745
1.9193
4.0490
0.4533
0.2182
0.0248
0.0521
0.2566
0.0298
0.0099
0.0483
0.0220
0.0094
0.0018
0.0423
0.0294
0.0204
0.0535
0.0846
0.0032
0.0189
0.0094
0.0273
0.0270
0.0169
0.0122
0.0151
0.0536
0.0001
0.0632
0.0093
0.2213
0.5751
0.9868
4.0285
0.3845
0.1345
0.0720
0.0821
0.2231
0.0398
0.0174
0.0469
0.0317
0.0088
0.0160
0.0227
0.0264
0.0151
0.0375
0.0745
0.0073
0.0345
0.0286
0.0041
0.0279
0.0278
0.0231
0.0067
0.0782
0.0538
0.0427
0.0403
0.2269
0.6052
