0.6868
0.3217
0.1079
0.2717
0.0277
0.1632
0.0831
0.0325
0.1051
0.0699
0.0712
0.0491
0.0789
0.0553
0.0596
0.0522
0.0577
0.0495
0.0561
0.0575
0.0532
0.0545
0.0522
0.0543
0.0491
0.0551
0.0587
0.0638
0.0464
0.0586
0.0559
0.0041
0.0017
0.0101
0.0150
0.0125
0.0157
0.0190
0.0216
0.0216
0.0217
0.0346
0.0381
0.0313
0.0437
0.0343
0.0546
0.0525
0.0609
0.0516
0.0621
0.1181
0.0664
0.0921
0.1701
0.1934
0.0906
0.2398
0.2667
0.3616
0.5598
1.4068
5.5253
0.5331
0.3624
0.1886
0.0269
0.1595
0.0000
0.1135
0.0703
0.0388
0.0642
0.0673
0.0525
0.0378
0.0691
0.0494
0.0530
0.0085
0.0041
0.0125
0.0152
0.0409
0.0119
0.0380
0.0678
0.0662
0.0454
0.0853
0.1452
0.1601
0.2444
0.6808
5.5738
0.5441
0.3606
0.1806
0.0143
0.1411
0.0016
0.1011
0.0775
0.0357
0.0363
0.0676
0.0368
0.0474
0.0409
0.0461
0.0503
0.0042
0.0052
0.0179
0.0154
0.0234
0.0029
0.0465
0.0473
0.0253
0.0827
0.0350
0.1729
0.1237
0.1803
