0.1161
0.0110
0.0335
0.0111
0.0133
0.0043
0.0097
0.0102
0.0188
0.0057
0.0058
0.0009
0.0043
0.0061
0.0064
0.0008
0.0100
0.0042
0.0087
0.0044
0.0091
0.0064
0.0026
0.0067
0.0025
0.0062
0.0103
0.0044
0.0028
0.0106
0.0022
0.0000
0.0004
0.0013
0.0035
0.0056
0.0020
0.0034
0.0013
0.0048
0.0033
0.0030
0.0066
0.0010
0.0053
0.0069
0.0090
0.0047
0.0051
0.0025
0.0063
0.0047
0.0154
0.0092
0.0131
0.0213
0.0392
0.0435
0.1532
0.0883
0.3163
0.0164
1.8646
0.5003
0.0706
0.0119
0.0310
0.0008
0.0121
0.0081
0.0069
0.0051
0.0121
0.0052
0.0079
0.0024
0.0028
0.0062
0.0100
0.0040
0.0009
0.0036
0.0010
0.0026
0.0035
0.0060
0.0020
0.0119
0.0162
0.0237
0.0727
0.0431
0.1507
0.0176
1.8628
0.5037
0.0947
0.0160
0.0505
0.0095
0.0168
0.0066
0.0065
0.0068
0.0068
0.0042
0.0073
0.0043
0.0076
0.0071
0.0093
0.0002
0.0037
0.0027
0.0025
0.0016
0.0026
0.0024
0.0054
0.0107
0.0163
0.0231
0.0578
0.0422
0.1399
