0.8028
0.5777
0.1618
0.2068
0.1336
0.0555
0.1408
0.0094
0.0737
0.0437
0.0892
0.1348
0.1239
0.1338
0.0802
0.0494
0.0873
0.1337
0.0923
0.1076
0.0649
0.0730
0.0651
0.0592
0.0980
0.0832
0.1082
0.0887
0.1050
0.0856
0.0685
0.0166
0.0008
0.0136
0.0049
0.0130
0.0040
0.0325
0.0351
0.0724
0.0556
0.0615
0.0740
0.0424
0.0979
0.0733
0.0589
0.1046
0.1111
0.0626
0.0822
0.0294
0.0148
0.2770
0.3189
0.1428
0.2907
0.2845
0.9259
0.4857
2.6496
0.1494
13.8027
0.5108
0.5296
0.2592
0.0182
0.1262
0.0907
0.0769
0.0021
0.0909
0.0651
0.0418
0.0633
0.1000
0.1264
0.1053
0.0737
0.0166
0.0128
0.0255
0.0122
0.0009
0.0085
0.1225
0.1845
0.0604
0.1425
0.1119
0.4836
0.2655
1.2958
0.0584
13.6828
0.5811
0.6858
0.2406
0.1083
0.1053
0.1168
0.0495
0.0805
0.1140
0.0300
0.0042
0.0525
0.0242
0.0943
0.0938
0.0711
0.0342
0.0024
0.0034
0.0406
0.0901
0.0633
0.1350
0.2069
0.0849
0.0904
0.0997
0.4617
0.3799
1.1848
