0.6899
0.2427
0.1976
0.1690
0.0828
0.0306
0.0388
0.0588
0.0178
0.0289
0.0284
0.0171
0.0228
0.0001
0.0048
0.0050
0.0101
0.0111
0.0012
0.0056
0.0026
0.0112
0.0094
0.0007
0.0023
0.0042
0.0029
0.0071
0.0023
0.0039
0.0010
0.0011
0.0032
0.0013
0.0034
0.0064
0.0012
0.0044
0.0003
0.0067
0.0110
0.0062
0.0064
0.0045
0.0221
0.0004
0.0191
0.0038
0.0191
0.0304
0.0340
0.0449
0.0133
0.0585
0.0557
0.0439
0.0716
0.0798
0.0700
0.1616
0.5159
1.1311
2.1749
0.4664
0.3722
0.1123
0.0924
0.0924
0.0324
0.0221
0.0264
0.0193
0.0016
0.0012
0.0250
0.0165
0.0217
0.0074
0.0149
0.0024
0.0096
0.0145
0.0045
0.0253
0.0124
0.0500
0.0196
0.0177
0.0457
0.0152
0.0555
0.0976
0.2263
0.5889
2.1750
0.4147
0.4093
0.0754
0.0658
0.0896
0.0057
0.0276
0.0310
0.0164
0.0004
0.0256
0.0157
0.0098
0.0109
0.0013
0.0022
0.0033
0.0030
0.0077
0.0154
0.0152
0.0142
0.0290
0.0042
0.0002
0.0563
0.0340
0.0800
0.1203
0.1443
