2.0484
3.2401
0.5414
1.1916
0.4872
0.9247
1.4933
1.8351
1.0958
2.4194
0.6761
1.9984
1.0102
0.9996
1.1205
0.7792
0.0980
0.6199
1.1112
1.0742
0.9464
0.1353
0.8880
0.7253
0.1904
0.9385
3.2894
0.0874
0.9494
0.3007
1.9731
2.0430
0.1933
0.5570
0.4004
1.0904
0.6659
2.8810
0.6529
0.3911
0.6378
1.8167
0.7821
1.6226
1.1039
0.0008
0.4590
0.8074
2.5437
2.1628
0.1304
1.1661
1.4904
0.6546
1.1526
0.6859
2.9353
0.9779
1.1478
0.7222
1.1935
3.5651
17.2731
0.9462
0.6044
1.0664
0.2430
1.0647
0.8527
0.3473
0.8499
1.4397
0.2959
0.6404
2.2150
0.0166
0.1651
1.3469
0.6712
0.5489
0.0411
0.7795
0.3658
0.6639
0.0784
0.8301
1.1665
1.6701
0.4108
0.4770
1.1919
2.3023
0.9687
2.7966
16.8565
0.7831
0.7684
1.1262
1.3170
0.1181
0.2937
0.1790
0.3111
0.0910
0.2169
0.8052
0.9917
2.9692
0.8284
0.9363
0.3377
0.1759
0.0472
0.9502
0.2525
2.3318
0.2728
0.9514
1.0411
0.4011
0.0407
0.7270
0.8112
1.6297
0.3997
