1.5484
0.0449
0.1758
0.3229
0.2201
0.1699
0.0405
0.0684
0.0372
0.0720
0.0687
0.1032
0.0465
0.0461
0.1054
0.0989
0.0933
0.0831
0.0580
0.0694
0.0855
0.0691
0.0792
0.0959
0.0523
0.0767
0.0914
0.0685
0.0695
0.0821
0.0840
0.0006
0.0033
0.0120
0.0325
0.0169
0.0325
0.0219
0.0101
0.0479
0.0259
0.0483
0.0929
0.0828
0.0633
0.0566
0.0473
0.0876
0.1491
0.1631
0.1565
0.0969
0.1159
0.2681
0.2778
0.3610
0.1640
0.0706
0.5677
0.9867
0.4013
3.8467
11.7500
0.3953
0.7535
0.0401
0.1482
0.1601
0.0752
0.1585
0.0805
0.0301
0.0452
0.0571
0.0860
0.1171
0.0941
0.0734
0.0749
0.0251
0.0600
0.0440
0.0266
0.0034
0.0501
0.1472
0.1307
0.1498
0.1062
0.0075
0.2647
0.4954
0.2971
1.9514
11.6612
0.2966
0.7668
0.1093
0.1719
0.1961
0.0560
0.1566
0.1062
0.1162
0.0594
0.0608
0.1076
0.0911
0.1002
0.1060
0.0787
0.0132
0.0215
0.0251
0.0461
0.0418
0.0571
0.1623
0.1216
0.1012
0.2271
0.1446
0.2286
0.4826
0.4377
