1.5425
0.3693
0.2063
0.0499
0.1286
0.0694
0.1204
0.0284
0.0398
0.0314
0.0188
0.0554
0.0805
0.0397
0.0131
0.0489
0.0813
0.0034
0.0479
0.0704
0.0420
0.0213
0.0517
0.0480
0.0463
0.0609
0.0528
0.0545
0.0737
0.0444
0.0144
0.0045
0.0064
0.0013
0.0160
0.0202
0.0338
0.0189
0.0325
0.0384
0.0225
0.0155
0.0348
0.0549
0.0612
0.0370
0.0223
0.1023
0.0731
0.0390
0.0453
0.0834
0.1737
0.0100
0.1395
0.0875
0.0976
0.1340
0.2861
0.9220
1.0663
4.9506
7.4193
0.3797
0.7020
0.2589
0.1222
0.0362
0.0591
0.0013
0.0832
0.0044
0.0299
0.0575
0.0185
0.0319
0.0674
0.0561
0.0093
0.0288
0.0004
0.0222
0.0272
0.0473
0.0857
0.0086
0.0465
0.0590
0.0743
0.0498
0.1270
0.4426
0.6124
2.4870
7.3658
0.1911
0.6478
0.3207
0.1305
0.0230
0.0404
0.0081
0.0773
0.0178
0.0940
0.0401
0.0532
0.0613
0.0468
0.0751
0.0698
0.0132
0.0029
0.0056
0.0714
0.0395
0.0902
0.0575
0.0266
0.0974
0.0311
0.0843
0.1032
0.3616
0.7571
