0.2154
0.3286
0.0780
0.0135
0.0259
0.0359
0.0168
0.0154
0.0177
0.0022
0.0065
0.0058
0.0055
0.0027
0.0079
0.0016
0.0043
0.0050
0.0062
0.0050
0.0032
0.0055
0.0036
0.0057
0.0028
0.0076
0.0038
0.0045
0.0001
0.0080
0.0047
0.0032
0.0001
0.0022
0.0008
0.0028
0.0011
0.0066
0.0003
0.0044
0.0039
0.0086
0.0037
0.0047
0.0038
0.0111
0.0000
0.0001
0.0037
0.0120
0.0018
0.0009
0.0119
0.0196
0.0074
0.0129
0.0154
0.0378
0.0561
0.0564
0.1430
0.0659
1.7623
0.5014
0.1039
0.1591
0.0329
0.0123
0.0141
0.0142
0.0062
0.0105
0.0061
0.0045
0.0030
0.0058
0.0019
0.0057
0.0047
0.0044
0.0034
0.0050
0.0033
0.0026
0.0083
0.0065
0.0053
0.0157
0.0076
0.0156
0.0351
0.0550
0.0833
0.0089
1.7577
0.5029
0.0841
0.1389
0.0146
0.0139
0.0125
0.0033
0.0012
0.0110
0.0040
0.0005
0.0015
0.0070
0.0019
0.0047
0.0000
0.0026
0.0001
0.0011
0.0004
0.0052
0.0057
0.0015
0.0067
0.0215
0.0011
0.0138
0.0453
0.0968
0.1018
