0.2427
0.1646
0.0508
0.0941
0.1274
0.0114
0.0497
0.0348
0.0020
0.0176
0.0112
0.0181
0.0047
0.0006
0.0000
0.0098
0.0012
0.0181
0.0124
0.0033
0.0048
0.0104
0.0069
0.0017
0.0091
0.0064
0.0033
0.0021
0.0043
0.0044
0.0006
0.0109
0.0038
0.0020
0.0012
0.0043
0.0072
0.0079
0.0076
0.0074
0.0062
0.0031
0.0065
0.0019
0.0074
0.0009
0.0052
0.0074
0.0213
0.0177
0.0125
0.0087
0.0114
0.0175
0.0029
0.0288
0.0043
0.0650
0.1779
0.0229
0.1387
0.1552
1.8759
0.5038
0.1278
0.0797
0.0074
0.0363
0.0587
0.0068
0.0200
0.0123
0.0073
0.0075
0.0102
0.0049
0.0058
0.0048
0.0025
0.0064
0.0069
0.0043
0.0017
0.0004
0.0008
0.0168
0.0155
0.0117
0.0116
0.0426
0.0915
0.0208
0.0571
0.0538
1.8761
0.5090
0.1350
0.0685
0.0289
0.0155
0.0406
0.0169
0.0138
0.0017
0.0048
0.0025
0.0106
0.0163
0.0076
0.0016
0.0037
0.0014
0.0078
0.0021
0.0074
0.0093
0.0027
0.0187
0.0215
0.0012
0.0503
0.0535
0.0851
0.0474
0.0316
