2454.6821
241.7334
449.7187
13.7190
105.7011
266.3326
32.8204
144.4041
26.1216
131.0422
145.9493
10.0655
18.5476
6.0291
79.0853
34.8146
66.2697
61.7056
5.4883
61.7678
57.0184
20.1246
35.7256
50.1671
44.9487
91.5058
67.9615
31.3081
50.5231
25.9054
13.0932
10.8067
1.2456
24.5820
16.7030
30.1688
29.6960
2.0852
50.9957
51.0527
7.5703
72.7868
29.5497
10.4891
19.1037
116.2905
58.2953
60.5228
32.0362
35.1134
66.3982
42.2092
101.1092
242.2224
524.6625
525.1231
450.7024
325.9117
707.1838
214.1717
3729.0327
1163.9399
23503.1992
3.1322
1050.4496
119.9540
247.1357
43.3006
103.9067
21.6772
80.9681
107.3115
59.1743
33.9742
29.4503
20.1835
17.5303
66.3605
44.2196
16.9008
13.4117
21.8041
56.5540
37.1571
32.3050
104.3420
233.5480
280.4386
191.5113
170.9672
272.7186
78.4442
1968.6079
566.4359
23480.7461
153.4921
717.8095
200.0947
427.8813
56.4536
154.9838
149.1985
220.6365
133.1544
57.7716
6.3012
101.0891
63.8736
53.9250
60.1066
81.3495
48.6814
58.0095
28.1668
98.3582
147.7393
45.9751
42.5762
183.5380
300.9071
144.8384
161.7370
132.5284
9.0926
2153.3750
