0.3877
0.1446
0.0178
0.0722
0.0425
0.0642
0.0708
0.0376
0.0385
0.0112
0.0139
0.0156
0.0106
0.0032
0.0187
0.0059
0.0098
0.0020
0.0008
0.0126
0.0067
0.0046
0.0035
0.0004
0.0000
0.0004
0.0053
0.0068
0.0013
0.0058
0.0027
0.0053
0.0054
0.0068
0.0018
0.0041
0.0040
0.0077
0.0001
0.0086
0.0087
0.0029
0.0036
0.0033
0.0294
0.0339
0.0116
0.0079
0.0304
0.0045
0.0224
0.0023
0.0072
0.0524
0.0502
0.0817
0.0962
0.0529
0.0847
0.0836
0.2976
0.0327
2.2308
0.4963
0.2042
0.0625
0.0002
0.0304
0.0068
0.0202
0.0249
0.0051
0.0183
0.0015
0.0013
0.0044
0.0197
0.0205
0.0073
0.0069
0.0138
0.0054
0.0159
0.0088
0.0157
0.0332
0.0371
0.0529
0.0498
0.0386
0.0439
0.0496
0.1294
0.0103
2.2338
0.4998
0.2351
0.0538
0.0163
0.0118
0.0214
0.0191
0.0060
0.0174
0.0005
0.0084
0.0116
0.0069
0.0178
0.0106
0.0171
0.0111
0.0116
0.0058
0.0076
0.0006
0.0166
0.0261
0.0412
0.0469
0.0482
0.0443
0.0434
0.0722
0.0836
