0.7221
0.0009
0.1462
0.0242
0.0260
0.0317
0.0356
0.0290
0.0033
0.0509
0.0135
0.0337
0.0081
0.0017
0.0184
0.0433
0.0148
0.0267
0.0221
0.0114
0.0023
0.0226
0.0155
0.0129
0.0239
0.0230
0.0173
0.0263
0.0239
0.0210
0.0247
0.0024
0.0081
0.0071
0.0041
0.0179
0.0136
0.0026
0.0036
0.0167
0.0065
0.0124
0.0215
0.0116
0.0102
0.0258
0.0120
0.0105
0.0310
0.0253
0.0409
0.0421
0.0654
0.0146
0.0100
0.0009
0.1577
0.0791
0.2744
0.3502
0.1943
1.9066
3.5622
0.4560
0.3494
0.0272
0.0957
0.0252
0.0152
0.0165
0.0172
0.0236
0.0130
0.0321
0.0235
0.0291
0.0095
0.0203
0.0187
0.0052
0.0138
0.0105
0.0140
0.0031
0.0276
0.0060
0.0034
0.0059
0.0863
0.0367
0.1225
0.1770
0.1360
0.9761
3.5345
0.3743
0.3321
0.0491
0.1254
0.0201
0.0414
0.0048
0.0096
0.0026
0.0378
0.0186
0.0209
0.0150
0.0243
0.0167
0.0216
0.0167
0.0113
0.0043
0.0092
0.0083
0.0287
0.0084
0.0033
0.0078
0.0829
0.0325
0.0868
0.1638
0.1983
