0.0906
0.0897
0.0646
0.0512
0.0124
0.0164
0.0838
0.1030
0.0742
0.0501
0.0637
0.0526
0.0585
0.0603
0.0664
0.0639
0.0734
0.0774
0.0602
0.0528
0.0735
0.0662
0.0583
0.0731
0.0636
0.0617
0.0723
0.0651
0.0578
0.0659
0.0625
0.0080
0.0121
0.0071
0.0164
0.0234
0.0094
0.0247
0.0268
0.0232
0.0419
0.0522
0.0323
0.0470
0.0568
0.0576
0.0541
0.0644
0.0734
0.0862
0.1079
0.1235
0.1130
0.1376
0.1795
0.1587
0.1270
0.1681
0.4097
0.6650
0.9928
3.1415
4.4453
0.5770
0.0969
0.0009
0.0781
0.0479
0.0224
0.0400
0.0768
0.0798
0.0732
0.0631
0.0571
0.0665
0.0624
0.0626
0.0630
0.0090
0.0119
0.0290
0.0323
0.0339
0.0356
0.0503
0.0681
0.0829
0.0641
0.0765
0.1997
0.3398
0.4870
1.5464
4.5106
0.6605
0.1284
0.0455
0.0859
0.0265
0.0160
0.0412
0.0779
0.0675
0.0595
0.0763
0.0704
0.0599
0.0586
0.0621
0.0582
0.0119
0.0214
0.0258
0.0228
0.0445
0.0415
0.0346
0.0604
0.0931
0.0914
0.0958
0.1912
0.3493
0.4853
