0.3220
0.6841
0.3340
0.1002
0.2636
0.3518
0.3486
0.2861
0.2766
0.3413
0.4108
0.4071
0.3772
0.2975
0.3038
0.3217
0.3840
0.3720
0.4017
0.3488
0.3596
0.3291
0.3483
0.3576
0.3997
0.3565
0.3120
0.3345
0.3837
0.3401
0.2948
0.0398
0.0254
0.0719
0.0551
0.0365
0.1240
0.1512
0.1519
0.1241
0.1742
0.2100
0.2674
0.2742
0.2880
0.3356
0.3837
0.4047
0.4310
0.4700
0.5255
0.5893
0.6805
0.8081
1.0513
1.2124
1.2677
1.2085
1.4287
1.9546
4.6512
14.5984
18.2591
0.8630
0.0377
0.2255
0.0424
0.2351
0.3716
0.3962
0.3724
0.3524
0.3389
0.3320
0.4007
0.3981
0.3699
0.3104
0.3432
0.0447
0.0480
0.0976
0.1448
0.1758
0.2211
0.3561
0.4714
0.5300
0.5791
0.6222
0.7746
1.0502
2.3421
7.2735
18.5987
1.2269
0.2034
0.2154
0.0378
0.1793
0.3722
0.4671
0.4548
0.3756
0.3502
0.3632
0.3437
0.3421
0.3170
0.3695
0.3712
0.0638
0.0664
0.0725
0.1026
0.1918
0.2631
0.3196
0.3663
0.4929
0.6002
0.6907
0.8921
1.1844
2.3646
