0.0969
0.1104
0.0023
0.0257
0.0023
0.0122
0.0066
0.0066
0.0005
0.0099
0.0117
0.0081
0.0103
0.0119
0.0174
0.0124
0.0115
0.0082
0.0171
0.0108
0.0093
0.0093
0.0115
0.0102
0.0126
0.0099
0.0164
0.0100
0.0089
0.0144
0.0086
0.0025
0.0060
0.0018
0.0020
0.0027
0.0003
0.0026
0.0019
0.0047
0.0039
0.0077
0.0071
0.0095
0.0121
0.0085
0.0124
0.0162
0.0269
0.0192
0.0089
0.0173
0.0335
0.0379
0.0228
0.0120
0.0332
0.0645
0.0539
0.0164
0.1529
0.5995
1.9178
0.5127
0.0569
0.0575
0.0106
0.0073
0.0067
0.0077
0.0082
0.0059
0.0088
0.0102
0.0075
0.0104
0.0138
0.0151
0.0137
0.0039
0.0066
0.0043
0.0055
0.0042
0.0164
0.0203
0.0130
0.0029
0.0179
0.0361
0.0273
0.0179
0.0702
0.2709
1.9295
0.5216
0.0607
0.0352
0.0082
0.0043
0.0064
0.0041
0.0059
0.0181
0.0136
0.0110
0.0089
0.0124
0.0161
0.0098
0.0115
0.0029
0.0013
0.0047
0.0084
0.0060
0.0113
0.0180
0.0167
0.0071
0.0239
0.0427
0.0309
0.0257
0.0613
