0.1123
0.1585
0.0003
0.1833
0.0777
0.0553
0.0990
0.1352
0.0524
0.0550
0.0706
0.0308
0.0523
0.0155
0.0721
0.0246
0.0439
0.0370
0.0518
0.0434
0.0397
0.0493
0.0402
0.0344
0.0479
0.0498
0.0475
0.0487
0.0486
0.0443
0.0511
0.0072
0.0098
0.0034
0.0022
0.0155
0.0182
0.0073
0.0125
0.0254
0.0091
0.0304
0.0228
0.0280
0.0642
0.0258
0.0303
0.0236
0.0490
0.0292
0.0431
0.0475
0.0649
0.1136
0.1506
0.1558
0.2594
0.0477
0.3558
0.3963
0.6070
0.2459
3.1805
0.5021
0.0792
0.1065
0.0350
0.0839
0.0046
0.0530
0.0750
0.0951
0.0344
0.0443
0.0503
0.0288
0.0585
0.0127
0.0618
0.0025
0.0016
0.0038
0.0011
0.0106
0.0182
0.0295
0.0569
0.0665
0.1438
0.0461
0.1801
0.1870
0.3061
0.0983
3.2209
0.4759
0.1003
0.1164
0.0621
0.0176
0.0476
0.0707
0.0781
0.0621
0.0368
0.0285
0.0230
0.0288
0.0446
0.0402
0.0106
0.0163
0.0170
0.0212
0.0053
0.0202
0.0108
0.0087
0.0240
0.0551
0.1489
0.0474
0.1682
0.1637
0.2793
