0.1730
0.0453
0.0690
0.0444
0.0499
0.0023
0.0220
0.0306
0.0070
0.0155
0.0101
0.0056
0.0082
0.0015
0.0065
0.0173
0.0087
0.0155
0.0108
0.0052
0.0103
0.0087
0.0099
0.0112
0.0072
0.0083
0.0085
0.0055
0.0092
0.0114
0.0068
0.0029
0.0004
0.0020
0.0024
0.0041
0.0008
0.0004
0.0076
0.0017
0.0077
0.0101
0.0013
0.0146
0.0073
0.0060
0.0167
0.0018
0.0096
0.0083
0.0066
0.0333
0.0340
0.0200
0.0354
0.0269
0.0686
0.0244
0.0518
0.0970
0.6010
0.4312
1.9920
0.4898
0.1141
0.0142
0.0397
0.0266
0.0149
0.0011
0.0186
0.0195
0.0079
0.0194
0.0044
0.0068
0.0084
0.0018
0.0095
0.0011
0.0011
0.0061
0.0005
0.0069
0.0162
0.0028
0.0146
0.0139
0.0399
0.0056
0.0209
0.0503
0.2883
0.2418
2.0005
0.4543
0.1638
0.0049
0.0381
0.0185
0.0134
0.0062
0.0176
0.0141
0.0170
0.0201
0.0037
0.0091
0.0076
0.0046
0.0159
0.0070
0.0017
0.0111
0.0009
0.0026
0.0137
0.0012
0.0083
0.0141
0.0310
0.0027
0.0045
0.0507
0.2617
