0.0304
0.0590
0.0438
0.0285
0.0075
0.0007
0.0017
0.0095
0.0166
0.0136
0.0209
0.0020
0.0116
0.0147
0.0025
0.0183
0.0160
0.0128
0.0142
0.0082
0.0140
0.0103
0.0176
0.0163
0.0146
0.0172
0.0143
0.0138
0.0131
0.0131
0.0170
0.0006
0.0061
0.0041
0.0027
0.0032
0.0102
0.0094
0.0039
0.0055
0.0036
0.0083
0.0081
0.0156
0.0156
0.0149
0.0158
0.0213
0.0159
0.0168
0.0264
0.0303
0.0282
0.0415
0.0410
0.0568
0.0370
0.0238
0.1034
0.0458
0.3513
0.1171
2.0652
0.4965
0.0040
0.0263
0.0110
0.0081
0.0033
0.0125
0.0044
0.0149
0.0125
0.0165
0.0195
0.0118
0.0128
0.0154
0.0050
0.0030
0.0005
0.0046
0.0064
0.0105
0.0110
0.0188
0.0226
0.0261
0.0190
0.0128
0.0555
0.0280
0.1781
0.0826
2.0525
0.5007
0.0212
0.0319
0.0022
0.0132
0.0039
0.0159
0.0168
0.0226
0.0160
0.0197
0.0162
0.0168
0.0166
0.0169
0.0241
0.0023
0.0070
0.0107
0.0052
0.0072
0.0104
0.0176
0.0210
0.0293
0.0280
0.0292
0.0620
0.0402
0.1772
