0.7267
0.1710
0.0968
0.0291
0.1091
0.0193
0.0229
0.0437
0.0462
0.0469
0.0299
0.0161
0.0018
0.0268
0.0410
0.0303
0.0321
0.0410
0.0282
0.0247
0.0361
0.0324
0.0253
0.0361
0.0345
0.0236
0.0341
0.0287
0.0337
0.0292
0.0356
0.0021
0.0081
0.0043
0.0076
0.0181
0.0093
0.0151
0.0059
0.0195
0.0209
0.0070
0.0336
0.0514
0.0177
0.0293
0.0345
0.0217
0.0452
0.0590
0.0366
0.1095
0.0487
0.1158
0.0902
0.0087
0.1397
0.1915
0.3671
0.1749
0.0877
1.9464
4.2011
0.4537
0.3615
0.0749
0.0070
0.0393
0.0231
0.0133
0.0004
0.0466
0.0423
0.0467
0.0308
0.0430
0.0228
0.0255
0.0329
0.0129
0.0199
0.0245
0.0028
0.0258
0.0174
0.0479
0.0500
0.0039
0.0872
0.0945
0.1907
0.0970
0.0091
0.9992
4.1707
0.3861
0.3965
0.0693
0.0313
0.0518
0.0074
0.0061
0.0287
0.0588
0.0328
0.0478
0.0234
0.0468
0.0411
0.0332
0.0329
0.0104
0.0079
0.0237
0.0247
0.0007
0.0172
0.0373
0.0559
0.0213
0.1152
0.0946
0.1947
0.1298
0.0752
