0.1339
0.0094
0.0656
0.0086
0.0214
0.0060
0.0078
0.0064
0.0154
0.0049
0.0069
0.0019
0.0045
0.0043
0.0094
0.0080
0.0053
0.0051
0.0070
0.0093
0.0034
0.0078
0.0065
0.0075
0.0149
0.0077
0.0053
0.0123
0.0100
0.0077
0.0090
0.0002
0.0056
0.0029
0.0026
0.0059
0.0014
0.0025
0.0044
0.0021
0.0064
0.0074
0.0036
0.0042
0.0124
0.0104
0.0085
0.0076
0.0108
0.0111
0.0045
0.0096
0.0061
0.0054
0.0163
0.0268
0.0348
0.0577
0.1372
0.0858
0.2880
0.0454
1.8546
0.4978
0.0824
0.0098
0.0472
0.0043
0.0176
0.0070
0.0101
0.0029
0.0105
0.0051
0.0048
0.0044
0.0076
0.0058
0.0075
0.0005
0.0031
0.0016
0.0006
0.0023
0.0027
0.0001
0.0062
0.0118
0.0158
0.0282
0.0601
0.0410
0.1383
0.0474
1.8424
0.5007
0.0956
0.0177
0.0588
0.0098
0.0143
0.0085
0.0041
0.0028
0.0060
0.0072
0.0077
0.0132
0.0098
0.0090
0.0056
0.0071
0.0066
0.0053
0.0059
0.0084
0.0025
0.0103
0.0083
0.0137
0.0078
0.0305
0.0463
0.0393
0.1193
