1.9285
0.3577
0.2378
0.0619
0.1536
0.2137
0.1130
0.1137
0.0517
0.0461
0.0008
0.0702
0.0874
0.0960
0.0599
0.0560
0.0235
0.0844
0.0876
0.0437
0.0712
0.0745
0.0491
0.0893
0.0734
0.0632
0.0751
0.0855
0.0709
0.0640
0.0786
0.0113
0.0062
0.0098
0.0264
0.0175
0.0052
0.0322
0.0491
0.0500
0.0550
0.0234
0.0441
0.0798
0.0387
0.0553
0.0913
0.0894
0.0631
0.1394
0.1345
0.0091
0.2432
0.0888
0.1048
0.1886
0.0451
0.2597
0.4224
1.2211
1.6544
5.9379
9.0873
0.3370
0.8795
0.2387
0.1904
0.0881
0.0571
0.1179
0.0870
0.0030
0.0919
0.0080
0.0432
0.1006
0.0589
0.0654
0.0598
0.0092
0.0134
0.0489
0.0543
0.0145
0.0977
0.0546
0.0254
0.0594
0.0434
0.1063
0.1991
0.5831
0.9031
2.9862
9.0006
0.1467
0.7622
0.3517
0.1421
0.0573
0.0119
0.0922
0.0617
0.0159
0.1169
0.0540
0.0910
0.0874
0.0854
0.0865
0.0984
0.0314
0.0101
0.0381
0.0620
0.0499
0.0822
0.1631
0.0601
0.0324
0.0185
0.1424
0.1770
0.5008
1.0992
