0.2623
0.0522
0.1261
0.0219
0.0442
0.0358
0.0123
0.0229
0.0108
0.0041
0.0012
0.0235
0.0089
0.0018
0.0031
0.0168
0.0089
0.0099
0.0119
0.0073
0.0132
0.0133
0.0152
0.0142
0.0107
0.0102
0.0168
0.0112
0.0105
0.0124
0.0127
0.0054
0.0032
0.0041
0.0015
0.0022
0.0071
0.0039
0.0039
0.0068
0.0072
0.0117
0.0169
0.0146
0.0110
0.0090
0.0070
0.0257
0.0277
0.0234
0.0009
0.0101
0.0368
0.0418
0.0183
0.0525
0.1090
0.0462
0.1416
0.0057
0.3747
0.2069
2.0194
0.4953
0.1129
0.0239
0.0464
0.0172
0.0387
0.0066
0.0128
0.0224
0.0061
0.0046
0.0055
0.0198
0.0146
0.0136
0.0027
0.0106
0.0083
0.0001
0.0000
0.0007
0.0197
0.0156
0.0096
0.0317
0.0457
0.0200
0.0841
0.0065
0.2001
0.1306
2.0123
0.4848
0.0797
0.0314
0.0200
0.0293
0.0484
0.0070
0.0043
0.0199
0.0139
0.0075
0.0046
0.0128
0.0171
0.0147
0.0115
0.0001
0.0018
0.0020
0.0160
0.0136
0.0164
0.0039
0.0038
0.0364
0.0259
0.0028
0.0978
0.0161
0.2180
