5.2978
3.2303
0.8608
0.1210
0.7603
0.1355
0.0525
0.5740
0.3336
0.0705
0.0651
0.1205
0.1623
0.2402
0.0343
0.2319
0.1141
0.0228
0.1476
0.2103
0.0352
0.0170
0.0582
0.0195
0.1149
0.1827
0.0429
0.0986
0.0859
0.0595
0.1488
0.0960
0.0256
0.1355
0.0405
0.0814
0.0865
0.1309
0.0441
0.0599
0.1523
0.0637
0.0007
0.1427
0.1031
0.1081
0.0323
0.0939
0.3965
0.3481
0.4301
0.2517
0.1618
0.2066
0.2392
0.1545
0.6399
0.2258
1.3416
1.2712
7.6237
24.6776
33.9348
1.1204
2.2609
1.7429
0.2574
0.0355
0.2194
0.1038
0.0481
0.2883
0.1788
0.1243
0.0171
0.0966
0.2266
0.0633
0.0162
0.2034
0.1984
0.0980
0.1721
0.1093
0.1901
0.0382
0.0706
0.0975
0.4587
0.1973
0.8008
0.3201
4.0732
12.3407
33.7846
2.2401
1.4114
1.6529
0.0438
0.1104
0.0737
0.0138
0.1150
0.2674
0.0790
0.1329
0.2701
0.1953
0.2774
0.0414
0.0206
0.0792
0.0892
0.0551
0.0929
0.0756
0.0660
0.2002
0.1534
0.1515
0.6186
0.1577
0.7093
0.0685
4.3496
