0.2414
0.2045
0.0194
0.0683
0.0090
0.0249
0.0030
0.0048
0.0097
0.0098
0.0026
0.0074
0.0038
0.0009
0.0103
0.0056
0.0052
0.0037
0.0078
0.0024
0.0020
0.0081
0.0055
0.0012
0.0027
0.0040
0.0009
0.0025
0.0043
0.0018
0.0004
0.0030
0.0017
0.0012
0.0055
0.0028
0.0027
0.0052
0.0033
0.0020
0.0041
0.0034
0.0009
0.0059
0.0076
0.0062
0.0031
0.0044
0.0058
0.0074
0.0031
0.0151
0.0076
0.0114
0.0001
0.0022
0.0123
0.0149
0.0104
0.0425
0.0410
0.3277
1.3803
0.4899
0.1217
0.1038
0.0072
0.0324
0.0058
0.0119
0.0027
0.0018
0.0029
0.0011
0.0029
0.0084
0.0004
0.0018
0.0079
0.0039
0.0076
0.0015
0.0027
0.0097
0.0051
0.0035
0.0031
0.0053
0.0053
0.0011
0.0075
0.0056
0.0089
0.1890
1.3787
0.4707
0.1240
0.1022
0.0080
0.0312
0.0055
0.0099
0.0021
0.0073
0.0045
0.0076
0.0011
0.0038
0.0003
0.0050
0.0038
0.0001
0.0001
0.0034
0.0018
0.0029
0.0038
0.0060
0.0014
0.0076
0.0011
0.0170
0.0123
0.0246
0.0174
