0.4540
0.4391
0.3757
0.0418
0.1456
0.0058
0.0756
0.0384
0.0871
0.0991
0.0606
0.0672
0.0506
0.0467
0.0667
0.0672
0.0660
0.0454
0.0439
0.0703
0.0545
0.0433
0.0669
0.0733
0.0626
0.0529
0.0677
0.0749
0.0389
0.0460
0.0776
0.0081
0.0186
0.0023
0.0143
0.0355
0.0098
0.0054
0.0279
0.0278
0.0210
0.0262
0.0514
0.0536
0.0364
0.0663
0.0679
0.0432
0.0896
0.1077
0.0771
0.0773
0.0964
0.1296
0.0873
0.1381
0.3322
0.0487
0.0864
1.3277
1.3631
5.8100
7.7472
0.6278
0.1568
0.3297
0.2029
0.0016
0.0162
0.0098
0.0514
0.0522
0.0618
0.0735
0.0629
0.0642
0.0586
0.0569
0.0655
0.0098
0.0195
0.0186
0.0222
0.0157
0.0204
0.0475
0.0314
0.0809
0.1908
0.0373
0.0180
0.6147
0.6773
2.8734
7.7043
0.8640
0.0675
0.4404
0.1329
0.0454
0.0427
0.0140
0.0206
0.0614
0.0538
0.0440
0.0677
0.0811
0.0625
0.0579
0.0666
0.0229
0.0059
0.0098
0.0261
0.0039
0.0117
0.0483
0.0382
0.0937
0.2142
0.0902
0.0164
0.5336
0.7324
