6.0829
2.8165
1.3069
0.3182
1.0299
0.0454
0.2693
0.3469
0.5840
0.0485
0.8726
0.2410
0.0340
0.3132
0.3614
0.4825
0.4295
0.3260
0.4059
0.4434
0.2742
0.4997
0.3899
0.3304
0.3616
0.3036
0.4690
0.4582
0.4472
0.3881
0.3815
0.1939
0.1214
0.0273
0.0578
0.1221
0.1306
0.2016
0.0538
0.2916
0.3106
0.2443
0.1969
0.1806
0.5950
0.4528
0.2000
0.2659
0.7463
0.7530
0.6042
0.8372
0.8020
1.1176
0.5375
0.7694
0.5030
1.1761
1.7371
4.3206
8.7730
25.7872
36.9306
0.1884
2.5795
1.7591
0.8745
0.2203
0.4036
0.1507
0.0422
0.4055
0.5367
0.3185
0.5441
0.3602
0.4383
0.4111
0.1680
0.0274
0.3806
0.2882
0.0863
0.3710
0.1571
0.4149
0.3011
0.3236
0.5024
0.4926
0.6675
2.0131
4.6104
12.8583
36.5173
0.9918
2.0103
1.8976
0.6926
0.3463
0.3107
0.0960
0.0893
0.4585
0.3882
0.4750
0.3506
0.5251
0.6057
0.3451
0.2144
0.0640
0.2458
0.1450
0.0696
0.3289
0.1928
0.3558
0.5969
0.5885
0.8032
0.6947
0.6076
1.4013
5.1624
