0.0709
0.0888
0.0535
0.0104
0.0036
0.0045
0.0091
0.0136
0.0198
0.0020
0.0157
0.0068
0.0093
0.0119
0.0163
0.0183
0.0124
0.0236
0.0155
0.0121
0.0177
0.0163
0.0174
0.0170
0.0124
0.0207
0.0113
0.0148
0.0202
0.0117
0.0212
0.0026
0.0054
0.0046
0.0009
0.0052
0.0011
0.0095
0.0066
0.0112
0.0170
0.0094
0.0121
0.0108
0.0090
0.0213
0.0146
0.0210
0.0286
0.0203
0.0267
0.0333
0.0323
0.0474
0.0362
0.0706
0.0518
0.0356
0.1180
0.0506
0.3491
0.1891
1.9002
0.4972
0.0183
0.0398
0.0128
0.0022
0.0108
0.0175
0.0147
0.0184
0.0211
0.0119
0.0164
0.0140
0.0151
0.0164
0.0134
0.0034
0.0075
0.0092
0.0069
0.0152
0.0110
0.0172
0.0183
0.0304
0.0227
0.0198
0.0638
0.0289
0.1777
0.1177
1.8861
0.4953
0.0036
0.0440
0.0018
0.0027
0.0128
0.0237
0.0124
0.0214
0.0153
0.0222
0.0156
0.0120
0.0205
0.0159
0.0107
0.0072
0.0001
0.0102
0.0060
0.0118
0.0091
0.0169
0.0174
0.0286
0.0268
0.0276
0.0733
0.0481
0.1836
