0.6635
0.6331
0.1536
0.1592
0.1364
0.0171
0.0738
0.0505
0.0298
0.0472
0.0406
0.0094
0.0140
0.0192
0.0168
0.0285
0.0212
0.0012
0.0323
0.0531
0.0363
0.0343
0.0049
0.0320
0.0332
0.0273
0.0373
0.0246
0.0316
0.0339
0.0129
0.0095
0.0005
0.0015
0.0064
0.0010
0.0256
0.0012
0.0243
0.0010
0.0256
0.0263
0.0245
0.0219
0.0478
0.0240
0.0417
0.0602
0.0338
0.0360
0.0001
0.0604
0.0727
0.0278
0.0816
0.0017
0.0319
0.2568
0.2357
0.1180
0.3149
2.2161
5.4797
0.4530
0.3045
0.3036
0.1101
0.1150
0.0581
0.0082
0.0532
0.0293
0.0253
0.0063
0.0278
0.0072
0.0314
0.0242
0.0263
0.0021
0.0018
0.0081
0.0019
0.0392
0.0322
0.0047
0.0210
0.0013
0.0306
0.1122
0.0990
0.1163
0.1881
1.1298
5.4427
0.3619
0.3193
0.2919
0.1030
0.1301
0.0483
0.0202
0.0555
0.0205
0.0405
0.0300
0.0047
0.0517
0.0464
0.0453
0.0455
0.0107
0.0369
0.0110
0.0106
0.0596
0.0533
0.0047
0.0329
0.0307
0.0932
0.0609
0.0926
0.2078
0.2648
