0.2414
0.2330
0.0420
0.1152
0.0014
0.0442
0.0382
0.0066
0.0269
0.0448
0.0381
0.0348
0.0141
0.0041
0.0003
0.0190
0.0287
0.0135
0.0212
0.0100
0.0088
0.0064
0.0230
0.0201
0.0132
0.0206
0.0140
0.0076
0.0193
0.0257
0.0082
0.0009
0.0050
0.0007
0.0005
0.0104
0.0130
0.0010
0.0109
0.0077
0.0124
0.0086
0.0206
0.0051
0.0253
0.0108
0.0276
0.0023
0.0243
0.0035
0.0564
0.0378
0.0649
0.0001
0.0376
0.0482
0.0904
0.1204
0.0549
0.1202
0.2250
1.9912
4.4127
0.4552
0.1018
0.0957
0.0255
0.0671
0.0171
0.0109
0.0238
0.0025
0.0072
0.0259
0.0415
0.0102
0.0254
0.0016
0.0148
0.0037
0.0096
0.0076
0.0134
0.0021
0.0350
0.0019
0.0173
0.0302
0.0404
0.0451
0.0256
0.0759
0.1235
1.0160
4.4160
0.3329
0.0717
0.0966
0.0210
0.0728
0.0189
0.0034
0.0112
0.0062
0.0327
0.0234
0.0285
0.0009
0.0148
0.0157
0.0360
0.0054
0.0145
0.0086
0.0070
0.0045
0.0453
0.0256
0.0055
0.0361
0.0336
0.0241
0.0205
0.1132
0.1379
