0.0221
0.0837
0.0416
0.0721
0.0343
0.0029
0.0408
0.0099
0.0002
0.0089
0.0029
0.0114
0.0020
0.0046
0.0003
0.0001
0.0045
0.0040
0.0050
0.0019
0.0016
0.0020
0.0026
0.0006
0.0010
0.0022
0.0013
0.0027
0.0018
0.0000
0.0031
0.0009
0.0023
0.0027
0.0007
0.0004
0.0004
0.0011
0.0021
0.0024
0.0021
0.0005
0.0014
0.0021
0.0038
0.0096
0.0072
0.0032
0.0039
0.0038
0.0000
0.0063
0.0122
0.0010
0.0182
0.0173
0.0480
0.0358
0.0198
0.1001
0.3049
0.3532
1.5292
0.4897
0.0236
0.0492
0.0225
0.0384
0.0240
0.0028
0.0128
0.0064
0.0016
0.0078
0.0007
0.0057
0.0034
0.0028
0.0090
0.0003
0.0047
0.0033
0.0014
0.0008
0.0038
0.0007
0.0169
0.0088
0.0162
0.0063
0.0070
0.0438
0.1524
0.2022
1.5308
0.4670
0.0517
0.0571
0.0218
0.0378
0.0299
0.0077
0.0011
0.0020
0.0059
0.0018
0.0023
0.0018
0.0036
0.0064
0.0081
0.0056
0.0038
0.0037
0.0017
0.0057
0.0023
0.0061
0.0229
0.0033
0.0021
0.0087
0.0037
0.0286
0.1428
