0.9391
0.0985
0.2877
0.0013
0.0022
0.0292
0.0163
0.0016
0.0341
0.0552
0.0117
0.0299
0.0244
0.0115
0.0010
0.0188
0.0185
0.0102
0.0262
0.0258
0.0290
0.0081
0.0160
0.0242
0.0284
0.0149
0.0189
0.0229
0.0115
0.0186
0.0255
0.0056
0.0052
0.0070
0.0039
0.0020
0.0032
0.0045
0.0186
0.0112
0.0128
0.0142
0.0150
0.0173
0.0111
0.0049
0.0163
0.0179
0.0391
0.0327
0.0551
0.0153
0.0603
0.0138
0.0126
0.0142
0.1729
0.0944
0.2605
0.4185
0.3121
2.5485
4.3143
0.4400
0.4422
0.0740
0.1702
0.0075
0.0276
0.0076
0.0205
0.0036
0.0381
0.0278
0.0194
0.0256
0.0258
0.0111
0.0020
0.0097
0.0175
0.0011
0.0269
0.0194
0.0205
0.0005
0.0067
0.0110
0.0902
0.0470
0.0989
0.1990
0.1988
1.3050
4.2919
0.3252
0.4182
0.1159
0.1738
0.0210
0.0500
0.0027
0.0066
0.0040
0.0278
0.0033
0.0285
0.0234
0.0273
0.0137
0.0241
0.0031
0.0077
0.0025
0.0147
0.0062
0.0064
0.0245
0.0112
0.0014
0.0673
0.0522
0.0381
0.1734
0.2892
