0.0382
0.0626
0.0227
0.0641
0.0256
0.0002
0.0419
0.0028
0.0032
0.0040
0.0042
0.0095
0.0052
0.0009
0.0041
0.0104
0.0019
0.0011
0.0023
0.0035
0.0044
0.0017
0.0012
0.0009
0.0060
0.0025
0.0015
0.0001
0.0007
0.0034
0.0004
0.0031
0.0001
0.0027
0.0003
0.0007
0.0016
0.0002
0.0054
0.0012
0.0013
0.0011
0.0032
0.0044
0.0039
0.0007
0.0000
0.0020
0.0053
0.0055
0.0026
0.0132
0.0069
0.0125
0.0091
0.0254
0.0593
0.0220
0.0483
0.0818
0.3109
0.2894
1.4778
0.4911
0.0033
0.0395
0.0160
0.0315
0.0186
0.0002
0.0157
0.0009
0.0017
0.0063
0.0005
0.0062
0.0020
0.0035
0.0039
0.0019
0.0011
0.0004
0.0010
0.0054
0.0031
0.0096
0.0093
0.0111
0.0226
0.0018
0.0183
0.0351
0.1592
0.1705
1.4804
0.4745
0.0286
0.0469
0.0257
0.0309
0.0306
0.0094
0.0029
0.0051
0.0045
0.0058
0.0002
0.0023
0.0002
0.0039
0.0054
0.0011
0.0017
0.0041
0.0049
0.0006
0.0012
0.0060
0.0205
0.0072
0.0087
0.0138
0.0140
0.0231
0.1566
