0.3207
0.0714
0.0309
0.0304
0.0130
0.0247
0.0051
0.0078
0.0161
0.0158
0.0166
0.0191
0.0185
0.0149
0.0167
0.0160
0.0230
0.0183
0.0213
0.0174
0.0216
0.0202
0.0200
0.0196
0.0200
0.0221
0.0201
0.0192
0.0179
0.0198
0.0204
0.0026
0.0033
0.0028
0.0034
0.0068
0.0076
0.0098
0.0073
0.0113
0.0105
0.0131
0.0116
0.0134
0.0192
0.0205
0.0254
0.0199
0.0263
0.0245
0.0313
0.0293
0.0412
0.0512
0.0733
0.0566
0.0748
0.0496
0.1999
0.2192
0.5064
0.0272
1.8402
0.4994
0.1358
0.0511
0.0339
0.0218
0.0045
0.0011
0.0125
0.0168
0.0193
0.0158
0.0188
0.0183
0.0234
0.0173
0.0219
0.0002
0.0045
0.0046
0.0104
0.0072
0.0152
0.0209
0.0366
0.0308
0.0386
0.0212
0.0966
0.1042
0.2677
0.0385
1.8600
0.4721
0.0965
0.0636
0.0531
0.0146
0.0119
0.0088
0.0259
0.0221
0.0213
0.0170
0.0179
0.0160
0.0178
0.0216
0.0237
0.0049
0.0052
0.0057
0.0065
0.0105
0.0140
0.0225
0.0360
0.0425
0.0439
0.0208
0.0831
0.0926
0.2943
