0.6721
0.4988
0.2665
0.2369
0.0339
0.1447
0.1230
0.0913
0.0163
0.0397
0.0199
0.0052
0.0647
0.0169
0.0187
0.0029
0.0296
0.0258
0.0081
0.0348
0.0075
0.0210
0.0176
0.0297
0.0187
0.0084
0.0381
0.0201
0.0107
0.0160
0.0073
0.0105
0.0047
0.0108
0.0170
0.0067
0.0073
0.0154
0.0238
0.0105
0.0134
0.0022
0.0023
0.0259
0.0001
0.0169
0.0059
0.0355
0.0251
0.0536
0.0011
0.0586
0.1136
0.1070
0.0168
0.0823
0.1004
0.0404
0.3282
0.1186
0.0588
1.8239
4.1014
0.4548
0.3373
0.2409
0.0995
0.1207
0.0361
0.0450
0.0575
0.0668
0.0141
0.0044
0.0010
0.0294
0.0317
0.0151
0.0051
0.0113
0.0032
0.0216
0.0082
0.0375
0.0387
0.0353
0.0128
0.0602
0.0402
0.0445
0.1932
0.0973
0.0654
0.9335
4.0874
0.3804
0.3295
0.2139
0.0286
0.0624
0.0619
0.0108
0.0452
0.0634
0.0631
0.0227
0.0204
0.0321
0.0031
0.0309
0.0117
0.0077
0.0344
0.0110
0.0006
0.0297
0.0456
0.0131
0.0714
0.0948
0.0156
0.0801
0.2142
0.1725
0.1283
