0.1047
0.1653
0.1241
0.0376
0.0131
0.0026
0.0182
0.0165
0.0177
0.0070
0.0005
0.0049
0.0069
0.0031
0.0062
0.0033
0.0011
0.0004
0.0012
0.0059
0.0016
0.0062
0.0006
0.0012
0.0016
0.0032
0.0039
0.0016
0.0059
0.0000
0.0017
0.0020
0.0026
0.0069
0.0001
0.0018
0.0041
0.0044
0.0014
0.0009
0.0000
0.0008
0.0027
0.0022
0.0016
0.0021
0.0032
0.0070
0.0007
0.0039
0.0001
0.0192
0.0058
0.0238
0.0204
0.0047
0.0441
0.0881
0.0690
0.1276
0.3168
1.0624
1.8739
0.5234
0.0663
0.0729
0.0520
0.0319
0.0104
0.0003
0.0123
0.0027
0.0045
0.0098
0.0006
0.0027
0.0008
0.0006
0.0005
0.0003
0.0006
0.0014
0.0012
0.0045
0.0070
0.0149
0.0039
0.0055
0.0182
0.0401
0.0422
0.0759
0.1487
0.5061
1.8744
0.5667
0.0949
0.0444
0.0325
0.0440
0.0186
0.0053
0.0132
0.0095
0.0030
0.0100
0.0005
0.0009
0.0007
0.0007
0.0080
0.0028
0.0068
0.0044
0.0035
0.0042
0.0098
0.0138
0.0052
0.0041
0.0119
0.0176
0.0616
0.0974
0.1362
