0.8316
0.5598
0.5091
0.2250
0.1493
0.0499
0.2046
0.0533
0.1332
0.0875
0.0856
0.0302
0.0885
0.0387
0.0175
0.0011
0.0136
0.0013
0.0042
0.0121
0.0147
0.0088
0.0189
0.0216
0.0059
0.0076
0.0115
0.0101
0.0102
0.0113
0.0195
0.0043
0.0003
0.0083
0.0090
0.0252
0.0011
0.0075
0.0342
0.0135
0.0112
0.0177
0.0282
0.0295
0.0580
0.0082
0.0071
0.1017
0.0294
0.0691
0.0879
0.0078
0.1058
0.1171
0.0521
0.1327
0.1944
0.0398
0.2943
0.2559
0.1743
1.7795
5.0131
0.4509
0.4292
0.2855
0.2199
0.1181
0.0403
0.0584
0.1149
0.0188
0.0312
0.0389
0.0459
0.0245
0.0214
0.0100
0.0113
0.0478
0.0037
0.0125
0.0200
0.0220
0.0915
0.0560
0.0121
0.0499
0.1090
0.0019
0.1898
0.0917
0.0601
0.9237
4.9924
0.3723
0.4187
0.2986
0.1325
0.0970
0.0288
0.0600
0.0519
0.0452
0.0337
0.0120
0.0295
0.0247
0.0252
0.0440
0.0053
0.0124
0.0489
0.0373
0.0575
0.0307
0.0721
0.0273
0.0681
0.0064
0.1219
0.0611
0.2625
0.0100
0.0455
