0.3994
0.1215
0.0475
0.0008
0.0014
0.0280
0.0306
0.0288
0.0179
0.0013
0.0159
0.0004
0.0013
0.0094
0.0013
0.0096
0.0038
0.0047
0.0091
0.0073
0.0032
0.0121
0.0000
0.0123
0.0077
0.0079
0.0044
0.0062
0.0060
0.0051
0.0056
0.0024
0.0020
0.0044
0.0024
0.0037
0.0008
0.0064
0.0033
0.0013
0.0093
0.0004
0.0082
0.0061
0.0038
0.0075
0.0074
0.0060
0.0127
0.0070
0.0186
0.0248
0.0054
0.0334
0.0117
0.0301
0.0903
0.0241
0.0805
0.0100
0.1149
0.0753
1.6270
0.5028
0.2050
0.0610
0.0159
0.0026
0.0154
0.0187
0.0104
0.0210
0.0079
0.0079
0.0157
0.0013
0.0100
0.0074
0.0037
0.0014
0.0046
0.0043
0.0005
0.0140
0.0049
0.0110
0.0090
0.0118
0.0399
0.0105
0.0433
0.0041
0.0365
0.0598
1.6145
0.4928
0.2109
0.0530
0.0017
0.0078
0.0297
0.0166
0.0004
0.0173
0.0015
0.0094
0.0084
0.0053
0.0096
0.0027
0.0095
0.0020
0.0010
0.0020
0.0015
0.0022
0.0156
0.0062
0.0220
0.0017
0.0303
0.0058
0.0492
0.0213
0.0029
