0.2192
0.4367
0.0465
0.0074
0.0188
0.0426
0.0316
0.0166
0.0076
0.0037
0.0020
0.0164
0.0095
0.0003
0.0071
0.0041
0.0038
0.0097
0.0052
0.0063
0.0019
0.0028
0.0040
0.0034
0.0009
0.0022
0.0035
0.0007
0.0033
0.0003
0.0031
0.0009
0.0001
0.0011
0.0047
0.0013
0.0018
0.0046
0.0027
0.0004
0.0039
0.0060
0.0015
0.0005
0.0026
0.0014
0.0036
0.0032
0.0020
0.0009
0.0096
0.0145
0.0135
0.0124
0.0177
0.0316
0.0512
0.0244
0.0730
0.0747
0.1053
0.2509
2.0830
0.5063
0.1037
0.2224
0.0161
0.0007
0.0190
0.0242
0.0106
0.0080
0.0041
0.0003
0.0039
0.0119
0.0057
0.0006
0.0061
0.0006
0.0033
0.0039
0.0069
0.0062
0.0070
0.0065
0.0126
0.0069
0.0241
0.0130
0.0406
0.0043
0.0643
0.0987
2.0819
0.5132
0.0920
0.2159
0.0027
0.0069
0.0224
0.0246
0.0033
0.0053
0.0046
0.0083
0.0034
0.0082
0.0025
0.0020
0.0009
0.0038
0.0022
0.0100
0.0041
0.0010
0.0024
0.0101
0.0123
0.0112
0.0091
0.0137
0.0409
0.0607
0.0801
