0.0593
0.0101
0.0208
0.0160
0.0148
0.0125
0.0152
0.0223
0.0290
0.0200
0.0151
0.0062
0.0048
0.0010
0.0017
0.0032
0.0037
0.0066
0.0017
0.0016
0.0031
0.0020
0.0069
0.0067
0.0055
0.0011
0.0028
0.0040
0.0040
0.0025
0.0065
0.0034
0.0018
0.0006
0.0054
0.0013
0.0027
0.0046
0.0010
0.0017
0.0059
0.0045
0.0034
0.0061
0.0041
0.0034
0.0011
0.0061
0.0127
0.0203
0.0262
0.0195
0.0203
0.0051
0.0129
0.0218
0.0105
0.0608
0.1115
0.2393
0.1218
0.0846
2.0484
0.4947
0.0244
0.0133
0.0022
0.0128
0.0089
0.0009
0.0080
0.0137
0.0205
0.0142
0.0159
0.0102
0.0062
0.0042
0.0003
0.0027
0.0029
0.0095
0.0052
0.0039
0.0000
0.0041
0.0002
0.0160
0.0033
0.0306
0.0572
0.1189
0.0631
0.0662
2.0398
0.4971
0.0067
0.0403
0.0194
0.0242
0.0065
0.0115
0.0018
0.0039
0.0107
0.0108
0.0155
0.0122
0.0103
0.0089
0.0028
0.0048
0.0003
0.0037
0.0006
0.0048
0.0046
0.0032
0.0003
0.0077
0.0083
0.0198
0.0513
0.1101
0.0672
