0.7968
0.0196
0.3649
0.1967
0.1592
0.0214
0.0419
0.0265
0.0170
0.0135
0.0022
0.0122
0.0176
0.0143
0.0324
0.0246
0.0267
0.0113
0.0221
0.0515
0.0357
0.0237
0.0244
0.0296
0.0338
0.0305
0.0213
0.0192
0.0318
0.0370
0.0191
0.0089
0.0051
0.0037
0.0198
0.0031
0.0085
0.0080
0.0020
0.0308
0.0117
0.0275
0.0432
0.0060
0.0407
0.0368
0.0200
0.0480
0.0414
0.0538
0.0538
0.0930
0.0358
0.0214
0.1040
0.1205
0.1991
0.1855
0.0261
0.1049
0.1971
1.7342
4.9925
0.4548
0.3831
0.0260
0.1809
0.0729
0.1137
0.0110
0.0014
0.0125
0.0198
0.0436
0.0270
0.0116
0.0321
0.0317
0.0196
0.0097
0.0003
0.0143
0.0204
0.0346
0.0182
0.0170
0.0548
0.0627
0.0694
0.1128
0.0228
0.0492
0.1389
0.8931
4.9689
0.4004
0.3845
0.0003
0.1883
0.0258
0.1078
0.0291
0.0286
0.0072
0.0185
0.0453
0.0404
0.0541
0.0361
0.0403
0.0298
0.0087
0.0176
0.0132
0.0405
0.0337
0.0228
0.0216
0.0662
0.0636
0.0359
0.1552
0.1136
0.0624
0.2184
