0.6138
0.0765
0.0555
0.0743
0.1902
0.0680
0.2133
0.0528
0.0165
0.0705
0.0086
0.0337
0.0439
0.0109
0.0352
0.0445
0.0384
0.0228
0.0041
0.0168
0.0317
0.0226
0.0190
0.0290
0.0335
0.0293
0.0269
0.0255
0.0189
0.0142
0.0382
0.0085
0.0074
0.0065
0.0145
0.0032
0.0001
0.0116
0.0020
0.0363
0.0425
0.0340
0.0187
0.0188
0.0327
0.0581
0.0017
0.0015
0.0046
0.0704
0.0508
0.0891
0.0824
0.0049
0.0037
0.3034
0.0794
0.2232
0.2170
0.2554
0.7418
1.7424
5.6924
0.4485
0.2670
0.0146
0.0107
0.0039
0.0965
0.0920
0.1043
0.0072
0.0270
0.0611
0.0142
0.0083
0.0132
0.0392
0.0131
0.0040
0.0332
0.0472
0.0155
0.0163
0.0288
0.0121
0.0340
0.1388
0.0123
0.1174
0.1114
0.1291
0.3938
0.8939
5.6761
0.3911
0.2110
0.0026
0.0114
0.0730
0.1222
0.1268
0.0437
0.0131
0.0484
0.0516
0.0511
0.0466
0.0364
0.0413
0.0004
0.0455
0.0072
0.0274
0.0127
0.0066
0.0319
0.0694
0.1261
0.0795
0.0650
0.0911
0.1244
0.1378
0.4540
