6.5096
0.4404
1.3207
0.8546
0.1155
0.5381
0.1411
0.1008
0.1277
0.0068
0.1431
0.0723
0.1190
0.1229
0.1371
0.0817
0.2791
0.2681
0.0054
0.0471
0.1520
0.1424
0.0432
0.0918
0.1027
0.0385
0.0373
0.0926
0.0768
0.0606
0.2866
0.0086
0.0150
0.0085
0.1075
0.1138
0.1052
0.0018
0.0193
0.1382
0.0679
0.1186
0.0523
0.0885
0.1264
0.1432
0.0432
0.0174
0.0936
0.1067
0.2296
0.0853
0.4107
0.9218
1.1818
0.5745
0.3154
0.4730
1.4448
0.3270
9.4024
2.8244
61.6732
0.3847
2.6786
0.1601
0.8092
0.3549
0.0159
0.1470
0.1517
0.2536
0.1750
0.0438
0.0834
0.1033
0.0549
0.0317
0.0679
0.0095
0.1018
0.1399
0.1269
0.1304
0.1164
0.2808
0.6190
0.4522
0.1973
0.3121
0.5936
0.1545
5.0430
1.4194
61.6397
0.1492
1.8429
0.2265
1.0909
0.2571
0.0685
0.0310
0.4944
0.4906
0.1933
0.0512
0.1533
0.0471
0.0298
0.2133
0.1558
0.1358
0.2286
0.1517
0.1814
0.1581
0.0775
0.1019
0.4512
0.5310
0.3071
0.5999
0.1835
0.2718
5.5357
