0.1678
0.4202
0.0491
0.0145
0.0254
0.0612
0.0005
0.0056
0.0224
0.0023
0.0040
0.0112
0.0075
0.0034
0.0078
0.0047
0.0026
0.0009
0.0102
0.0049
0.0059
0.0013
0.0053
0.0036
0.0052
0.0014
0.0013
0.0019
0.0041
0.0005
0.0002
0.0003
0.0021
0.0009
0.0027
0.0032
0.0028
0.0003
0.0020
0.0050
0.0012
0.0010
0.0020
0.0073
0.0055
0.0055
0.0008
0.0002
0.0006
0.0097
0.0003
0.0068
0.0002
0.0167
0.0137
0.0095
0.0265
0.0053
0.1000
0.0057
0.1393
0.2267
1.9698
0.5037
0.0799
0.2072
0.0146
0.0076
0.0172
0.0289
0.0034
0.0013
0.0104
0.0008
0.0042
0.0009
0.0021
0.0022
0.0100
0.0032
0.0033
0.0053
0.0027
0.0014
0.0058
0.0051
0.0048
0.0098
0.0116
0.0007
0.0536
0.0319
0.0784
0.0862
1.9653
0.5140
0.0613
0.1891
0.0095
0.0038
0.0185
0.0191
0.0092
0.0070
0.0012
0.0025
0.0011
0.0100
0.0008
0.0054
0.0005
0.0008
0.0002
0.0078
0.0017
0.0053
0.0084
0.0082
0.0005
0.0263
0.0012
0.0003
0.0530
0.0935
0.0903
