0.7438
0.0732
0.1659
0.0152
0.0337
0.0256
0.0423
0.0081
0.0068
0.0287
0.0177
0.0085
0.0116
0.0240
0.0115
0.0124
0.0187
0.0146
0.0165
0.0121
0.0211
0.0154
0.0152
0.0138
0.0197
0.0162
0.0154
0.0142
0.0200
0.0145
0.0171
0.0012
0.0020
0.0039
0.0032
0.0021
0.0065
0.0072
0.0048
0.0074
0.0083
0.0103
0.0152
0.0055
0.0181
0.0191
0.0119
0.0183
0.0336
0.0188
0.0274
0.0315
0.0583
0.0284
0.0433
0.0932
0.0553
0.1028
0.1310
0.0793
0.3993
0.6622
1.6196
0.5186
0.3900
0.0313
0.0965
0.0214
0.0247
0.0289
0.0296
0.0115
0.0192
0.0227
0.0171
0.0112
0.0218
0.0178
0.0121
0.0035
0.0083
0.0081
0.0075
0.0064
0.0264
0.0112
0.0142
0.0423
0.0211
0.0502
0.0503
0.0423
0.1644
0.3069
1.6070
0.5251
0.3969
0.0317
0.0929
0.0252
0.0240
0.0382
0.0216
0.0126
0.0283
0.0189
0.0188
0.0114
0.0259
0.0174
0.0130
0.0039
0.0065
0.0084
0.0028
0.0058
0.0156
0.0174
0.0056
0.0282
0.0178
0.0455
0.0177
0.0587
0.0884
