1.0671
0.1638
0.1053
0.0234
0.0629
0.0774
0.0174
0.0056
0.0386
0.0170
0.0176
0.0172
0.0511
0.0172
0.0132
0.0283
0.0441
0.0222
0.0151
0.0295
0.0207
0.0238
0.0085
0.0224
0.0176
0.0219
0.0208
0.0152
0.0319
0.0122
0.0280
0.0012
0.0022
0.0002
0.0095
0.0010
0.0123
0.0049
0.0070
0.0038
0.0028
0.0242
0.0062
0.0090
0.0000
0.0418
0.0132
0.0113
0.0236
0.0423
0.0254
0.0328
0.0506
0.0257
0.0254
0.1051
0.1336
0.0604
0.0478
0.5770
0.1364
0.8659
7.1588
0.5205
0.5412
0.1290
0.0411
0.0202
0.0543
0.0556
0.0057
0.0055
0.0357
0.0266
0.0157
0.0263
0.0356
0.0284
0.0091
0.0044
0.0065
0.0217
0.0088
0.0087
0.0144
0.0148
0.0060
0.0302
0.0556
0.0227
0.0343
0.2695
0.0185
0.4092
7.1803
0.5372
0.5092
0.1856
0.0169
0.0491
0.0665
0.0491
0.0121
0.0066
0.0264
0.0187
0.0315
0.0278
0.0012
0.0275
0.0276
0.0171
0.0118
0.0017
0.0006
0.0235
0.0044
0.0193
0.0209
0.0101
0.0441
0.0098
0.0330
0.2345
0.0833
