0.0901
0.6418
0.3079
0.2450
0.4855
0.4478
0.3030
0.2033
0.2144
0.2640
0.2809
0.2731
0.2868
0.2671
0.2207
0.2195
0.2563
0.2570
0.2580
0.2609
0.2443
0.2289
0.2566
0.2843
0.2668
0.2423
0.2610
0.2798
0.2620
0.2571
0.2663
0.0274
0.0305
0.0347
0.0633
0.0688
0.0623
0.0934
0.1331
0.1302
0.1382
0.1636
0.1673
0.1803
0.2257
0.2493
0.2425
0.2690
0.3228
0.3404
0.3288
0.3988
0.5175
0.6141
0.6659
0.7303
0.8842
1.1690
1.3815
1.6861
3.4240
11.4727
14.1812
0.7741
0.1159
0.1908
0.0004
0.2736
0.3671
0.3425
0.2956
0.2627
0.2521
0.2503
0.2431
0.2545
0.2736
0.2541
0.2313
0.0010
0.0331
0.0652
0.0824
0.1272
0.1981
0.2476
0.2682
0.2977
0.3795
0.5567
0.7267
0.8937
1.7147
5.7057
14.4308
1.0889
0.2157
0.1578
0.0570
0.3027
0.3276
0.3055
0.2963
0.2748
0.2670
0.2676
0.2343
0.2205
0.2505
0.2703
0.2651
0.0127
0.0464
0.0678
0.0879
0.1502
0.2060
0.2195
0.2275
0.2472
0.3116
0.5276
0.8098
1.0142
1.7287
