1.2974
0.0630
0.0372
0.1483
0.0555
0.0466
0.0219
0.0641
0.0250
0.0108
0.0276
0.0048
0.0383
0.0029
0.0025
0.0078
0.0006
0.0076
0.0081
0.0028
0.0151
0.0204
0.0090
0.0036
0.0090
0.0160
0.0021
0.0060
0.0165
0.0096
0.0120
0.0012
0.0020
0.0005
0.0060
0.0111
0.0054
0.0023
0.0103
0.0013
0.0060
0.0248
0.0273
0.0047
0.0051
0.0386
0.0250
0.0135
0.0305
0.0455
0.0028
0.0241
0.0486
0.1042
0.0159
0.1045
0.0428
0.0571
0.1625
0.4409
0.2867
1.8167
2.8831
0.4580
0.6606
0.0068
0.0035
0.0596
0.0287
0.0119
0.0079
0.0448
0.0324
0.0034
0.0084
0.0150
0.0045
0.0180
0.0156
0.0019
0.0219
0.0161
0.0075
0.0231
0.0203
0.0340
0.0024
0.0583
0.0306
0.0487
0.0875
0.2202
0.0794
0.9282
2.8871
0.3433
0.6480
0.0486
0.0362
0.0256
0.0102
0.0315
0.0070
0.0522
0.0198
0.0031
0.0149
0.0259
0.0404
0.0179
0.0424
0.0132
0.0188
0.0027
0.0365
0.0232
0.0118
0.0138
0.0246
0.0573
0.0479
0.0597
0.0645
0.2202
0.0468
