0.0422
0.0630
0.0391
0.0252
0.0140
0.0293
0.0014
0.0210
0.0384
0.0242
0.0117
0.0035
0.0127
0.0096
0.0119
0.0125
0.0117
0.0124
0.0134
0.0121
0.0091
0.0129
0.0185
0.0101
0.0118
0.0119
0.0119
0.0123
0.0083
0.0131
0.0064
0.0033
0.0019
0.0033
0.0023
0.0011
0.0005
0.0024
0.0010
0.0134
0.0071
0.0054
0.0085
0.0089
0.0046
0.0048
0.0146
0.0118
0.0190
0.0235
0.0110
0.0076
0.0157
0.0314
0.0376
0.0093
0.0084
0.0245
0.1633
0.1185
0.6026
0.5709
2.1938
0.5130
0.0525
0.0376
0.0063
0.0144
0.0078
0.0153
0.0075
0.0186
0.0206
0.0155
0.0092
0.0093
0.0108
0.0086
0.0106
0.0033
0.0045
0.0096
0.0037
0.0034
0.0010
0.0096
0.0173
0.0002
0.0060
0.0117
0.0857
0.0563
0.2974
0.2607
2.2090
0.5287
0.1001
0.0431
0.0194
0.0087
0.0076
0.0128
0.0116
0.0154
0.0127
0.0068
0.0105
0.0161
0.0117
0.0108
0.0123
0.0015
0.0000
0.0012
0.0035
0.0011
0.0046
0.0078
0.0160
0.0222
0.0176
0.0093
0.0847
0.0480
0.2814
