0.3595
0.0071
0.0303
0.0127
0.0002
0.0055
0.0314
0.0178
0.0131
0.0141
0.0104
0.0083
0.0123
0.0019
0.0021
0.0025
0.0056
0.0061
0.0017
0.0004
0.0026
0.0001
0.0000
0.0000
0.0064
0.0023
0.0011
0.0009
0.0035
0.0064
0.0011
0.0008
0.0005
0.0018
0.0012
0.0020
0.0011
0.0014
0.0031
0.0025
0.0025
0.0045
0.0003
0.0043
0.0004
0.0058
0.0062
0.0054
0.0103
0.0111
0.0038
0.0113
0.0033
0.0283
0.0244
0.0077
0.0410
0.0654
0.0224
0.1176
0.5334
0.7038
2.0105
0.4812
0.2047
0.0059
0.0128
0.0113
0.0081
0.0020
0.0149
0.0039
0.0060
0.0064
0.0005
0.0075
0.0095
0.0024
0.0046
0.0060
0.0012
0.0035
0.0058
0.0025
0.0044
0.0175
0.0053
0.0032
0.0210
0.0321
0.0128
0.0594
0.2516
0.3768
2.0065
0.4429
0.2487
0.0224
0.0056
0.0276
0.0171
0.0047
0.0137
0.0113
0.0002
0.0032
0.0030
0.0025
0.0030
0.0001
0.0033
0.0005
0.0055
0.0088
0.0078
0.0087
0.0068
0.0090
0.0076
0.0027
0.0062
0.0231
0.0092
0.0501
0.2049
