0.7070
0.0818
0.0511
0.0377
0.0700
0.0446
0.0349
0.0526
0.0024
0.0263
0.0162
0.0390
0.0152
0.0121
0.0368
0.0140
0.0215
0.0423
0.0187
0.0292
0.0235
0.0143
0.0330
0.0348
0.0400
0.0165
0.0283
0.0180
0.0248
0.0344
0.0390
0.0027
0.0047
0.0103
0.0026
0.0066
0.0159
0.0205
0.0085
0.0309
0.0101
0.0197
0.0320
0.0294
0.0251
0.0435
0.0083
0.0106
0.0389
0.0562
0.0469
0.0769
0.0420
0.0298
0.0269
0.0714
0.1513
0.1241
0.3363
0.2967
0.1204
1.9570
3.5663
0.4545
0.3435
0.0195
0.0537
0.0352
0.0094
0.0350
0.0246
0.0376
0.0118
0.0344
0.0294
0.0435
0.0278
0.0177
0.0169
0.0086
0.0064
0.0232
0.0098
0.0228
0.0233
0.0021
0.0080
0.0291
0.0927
0.0575
0.1651
0.1494
0.0970
1.0107
3.5568
0.3790
0.3436
0.0053
0.0848
0.0421
0.0194
0.0244
0.0091
0.0180
0.0298
0.0471
0.0245
0.0315
0.0267
0.0265
0.0166
0.0230
0.0063
0.0080
0.0174
0.0043
0.0298
0.0099
0.0100
0.0210
0.0906
0.0538
0.1406
0.1690
0.1741
