0.1425
0.0153
0.0586
0.0131
0.0209
0.0060
0.0078
0.0097
0.0167
0.0020
0.0049
0.0029
0.0017
0.0015
0.0090
0.0062
0.0067
0.0058
0.0057
0.0067
0.0066
0.0119
0.0082
0.0060
0.0097
0.0031
0.0054
0.0106
0.0095
0.0086
0.0044
0.0009
0.0041
0.0016
0.0024
0.0035
0.0046
0.0035
0.0077
0.0026
0.0059
0.0059
0.0068
0.0066
0.0095
0.0143
0.0071
0.0060
0.0120
0.0091
0.0071
0.0071
0.0065
0.0092
0.0092
0.0207
0.0300
0.0487
0.1354
0.0824
0.3002
0.0468
1.8303
0.4980
0.0863
0.0125
0.0426
0.0008
0.0178
0.0056
0.0066
0.0046
0.0105
0.0014
0.0073
0.0027
0.0061
0.0059
0.0088
0.0014
0.0039
0.0055
0.0002
0.0015
0.0014
0.0009
0.0018
0.0134
0.0120
0.0235
0.0597
0.0391
0.1418
0.0479
1.8187
0.4987
0.1008
0.0181
0.0572
0.0091
0.0136
0.0060
0.0041
0.0058
0.0062
0.0073
0.0074
0.0115
0.0099
0.0101
0.0038
0.0051
0.0036
0.0084
0.0069
0.0064
0.0008
0.0113
0.0074
0.0110
0.0103
0.0300
0.0436
0.0367
0.1255
