0.1583
0.0346
0.0816
0.0083
0.0077
0.0083
0.0051
0.0131
0.0066
0.0042
0.0064
0.0045
0.0036
0.0041
0.0092
0.0103
0.0119
0.0096
0.0092
0.0065
0.0064
0.0027
0.0026
0.0006
0.0014
0.0031
0.0084
0.0049
0.0099
0.0101
0.0119
0.0011
0.0027
0.0045
0.0029
0.0009
0.0006
0.0036
0.0019
0.0064
0.0009
0.0035
0.0006
0.0112
0.0069
0.0028
0.0160
0.0020
0.0147
0.0195
0.0154
0.0137
0.0170
0.0138
0.0178
0.0226
0.0212
0.0007
0.0289
0.0137
0.3322
0.1843
2.2991
0.5021
0.0613
0.0131
0.0373
0.0023
0.0062
0.0004
0.0032
0.0031
0.0028
0.0043
0.0028
0.0104
0.0066
0.0018
0.0210
0.0019
0.0050
0.0061
0.0082
0.0055
0.0091
0.0058
0.0048
0.0157
0.0061
0.0004
0.0266
0.0095
0.1726
0.0667
2.2887
0.5172
0.0324
0.0193
0.0336
0.0024
0.0055
0.0037
0.0076
0.0082
0.0119
0.0079
0.0076
0.0105
0.0091
0.0048
0.0120
0.0029
0.0056
0.0037
0.0093
0.0113
0.0135
0.0176
0.0045
0.0164
0.0127
0.0002
0.0442
0.0205
0.1802
