0.1081
0.1128
0.0383
0.0594
0.0772
0.0227
0.0122
0.0025
0.0022
0.0139
0.0094
0.0016
0.0048
0.0026
0.0094
0.0032
0.0036
0.0024
0.0054
0.0018
0.0012
0.0013
0.0026
0.0003
0.0013
0.0019
0.0002
0.0002
0.0020
0.0018
0.0040
0.0018
0.0015
0.0002
0.0003
0.0007
0.0008
0.0054
0.0027
0.0039
0.0007
0.0022
0.0052
0.0039
0.0014
0.0038
0.0020
0.0073
0.0054
0.0050
0.0055
0.0130
0.0131
0.0001
0.0444
0.0059
0.0074
0.0146
0.0079
0.0264
0.3035
0.4976
1.5645
0.4856
0.0687
0.0538
0.0184
0.0304
0.0401
0.0089
0.0038
0.0055
0.0016
0.0006
0.0036
0.0016
0.0006
0.0001
0.0051
0.0002
0.0001
0.0014
0.0039
0.0136
0.0063
0.0006
0.0252
0.0067
0.0094
0.0106
0.0089
0.0079
0.1474
0.2750
1.5673
0.4591
0.0957
0.0606
0.0121
0.0163
0.0264
0.0074
0.0236
0.0007
0.0051
0.0057
0.0019
0.0011
0.0027
0.0032
0.0069
0.0047
0.0012
0.0025
0.0057
0.0100
0.0052
0.0009
0.0143
0.0097
0.0310
0.0257
0.0152
0.0130
0.1302
