0.3099
0.0165
0.1361
0.0556
0.0258
0.0527
0.0128
0.0177
0.0156
0.0124
0.0038
0.0070
0.0107
0.0059
0.0174
0.0026
0.0112
0.0148
0.0072
0.0015
0.0062
0.0145
0.0135
0.0139
0.0124
0.0146
0.0108
0.0134
0.0131
0.0120
0.0172
0.0028
0.0017
0.0033
0.0041
0.0097
0.0071
0.0080
0.0032
0.0052
0.0086
0.0076
0.0157
0.0143
0.0119
0.0186
0.0061
0.0055
0.0144
0.0269
0.0109
0.0340
0.0299
0.0367
0.0110
0.0022
0.1414
0.0001
0.1297
0.0507
0.3351
0.0886
2.0783
0.4936
0.1381
0.0026
0.0522
0.0308
0.0114
0.0240
0.0088
0.0190
0.0145
0.0124
0.0084
0.0109
0.0110
0.0066
0.0109
0.0071
0.0039
0.0126
0.0001
0.0080
0.0071
0.0138
0.0024
0.0115
0.0723
0.0080
0.0757
0.0277
0.1820
0.0666
2.0624
0.4995
0.1114
0.0078
0.0329
0.0105
0.0382
0.0193
0.0047
0.0168
0.0188
0.0241
0.0129
0.0185
0.0164
0.0155
0.0034
0.0047
0.0058
0.0137
0.0129
0.0047
0.0085
0.0098
0.0093
0.0345
0.0658
0.0067
0.1016
0.0315
0.2081
