3.5802
1.0912
1.5231
1.8272
0.7082
0.3050
0.5024
0.0341
0.0411
0.0460
0.1547
0.1058
0.0278
0.0530
0.1747
0.0323
0.0252
0.0982
0.0442
0.0229
0.0889
0.1070
0.0956
0.1042
0.0750
0.0180
0.1200
0.0487
0.0296
0.0990
0.0879
0.0557
0.0921
0.0081
0.0271
0.0101
0.0927
0.0513
0.0025
0.0052
0.0666
0.0472
0.0621
0.0577
0.1188
0.0709
0.1341
0.0355
0.0053
0.1011
0.0981
0.1363
0.4394
0.4903
0.3331
0.2848
0.0151
0.7772
0.0669
0.8338
1.4899
5.0961
30.7579
0.3548
1.6953
0.6033
0.7183
0.7775
0.3252
0.0551
0.3480
0.1335
0.0610
0.0448
0.0185
0.1123
0.0594
0.0231
0.0397
0.0547
0.0470
0.0100
0.0537
0.0239
0.1986
0.2402
0.0981
0.1720
0.0764
0.6094
0.1699
0.3147
0.9199
2.5147
30.6853
0.2026
1.5942
0.6626
0.6669
0.4532
0.2692
0.0844
0.2381
0.1628
0.2440
0.1326
0.0925
0.0716
0.0568
0.0791
0.1162
0.0244
0.0110
0.0235
0.1786
0.0367
0.1650
0.1163
0.1157
0.1683
0.3239
1.0361
0.5099
0.1290
1.2335
