0.1908
0.0787
0.1152
0.0742
0.0749
0.0304
0.1029
0.0446
0.0433
0.0377
0.0144
0.0229
0.0448
0.0600
0.0524
0.0635
0.0346
0.0267
0.0457
0.0365
0.0603
0.0470
0.0447
0.0424
0.0502
0.0431
0.0449
0.0513
0.0493
0.0469
0.0562
0.0096
0.0009
0.0046
0.0116
0.0086
0.0164
0.0099
0.0306
0.0225
0.0298
0.0300
0.0462
0.0326
0.0499
0.0419
0.0291
0.0900
0.0438
0.0843
0.0688
0.1080
0.0565
0.0997
0.1435
0.1335
0.2228
0.2054
0.2293
0.4509
0.5730
1.2979
4.6278
0.4690
0.1250
0.0002
0.0291
0.0137
0.0104
0.0349
0.0713
0.0430
0.0391
0.0494
0.0391
0.0400
0.0441
0.0631
0.0334
0.0154
0.0005
0.0266
0.0220
0.0332
0.0165
0.0414
0.0488
0.0615
0.1143
0.1189
0.1269
0.2344
0.2819
0.6695
4.5735
0.4510
0.1263
0.0123
0.0203
0.0117
0.0356
0.0506
0.0708
0.0433
0.0333
0.0623
0.0490
0.0733
0.0500
0.0477
0.0303
0.0112
0.0107
0.0167
0.0412
0.0315
0.0264
0.0400
0.0345
0.0610
0.1418
0.1360
0.1550
0.2447
0.2658
