0.2872
0.1124
0.0120
0.0084
0.0032
0.0322
0.0391
0.0314
0.0271
0.0265
0.0355
0.0336
0.0306
0.0306
0.0333
0.0348
0.0317
0.0271
0.0292
0.0315
0.0264
0.0276
0.0335
0.0285
0.0256
0.0255
0.0279
0.0297
0.0260
0.0280
0.0308
0.0058
0.0035
0.0052
0.0081
0.0101
0.0064
0.0064
0.0091
0.0138
0.0128
0.0151
0.0178
0.0179
0.0221
0.0263
0.0274
0.0268
0.0279
0.0319
0.0432
0.0596
0.0619
0.0602
0.0653
0.0812
0.0709
0.0992
0.0680
0.3664
0.4611
0.8990
2.3176
0.5222
0.1209
0.0834
0.0127
0.0100
0.0136
0.0304
0.0292
0.0290
0.0291
0.0314
0.0320
0.0246
0.0285
0.0326
0.0284
0.0025
0.0067
0.0060
0.0076
0.0213
0.0266
0.0247
0.0246
0.0359
0.0327
0.0493
0.0334
0.1717
0.2423
0.4206
2.3503
0.5335
0.0963
0.1053
0.0009
0.0074
0.0114
0.0331
0.0302
0.0278
0.0330
0.0331
0.0261
0.0253
0.0243
0.0260
0.0237
0.0021
0.0059
0.0060
0.0081
0.0149
0.0205
0.0213
0.0201
0.0357
0.0474
0.0615
0.0436
0.1534
0.2725
