0.0705
0.0316
0.0311
0.0068
0.0299
0.0079
0.0126
0.0152
0.0332
0.0337
0.0188
0.0124
0.0065
0.0024
0.0019
0.0081
0.0108
0.0024
0.0106
0.0056
0.0059
0.0063
0.0130
0.0088
0.0068
0.0103
0.0091
0.0049
0.0106
0.0113
0.0086
0.0008
0.0041
0.0034
0.0017
0.0055
0.0072
0.0076
0.0077
0.0100
0.0057
0.0095
0.0104
0.0077
0.0062
0.0028
0.0079
0.0148
0.0238
0.0272
0.0215
0.0245
0.0195
0.0160
0.0053
0.0170
0.0255
0.0908
0.1021
0.2284
0.1322
0.1116
2.1059
0.4958
0.0310
0.0010
0.0037
0.0079
0.0140
0.0029
0.0113
0.0136
0.0173
0.0203
0.0191
0.0137
0.0129
0.0084
0.0012
0.0067
0.0061
0.0064
0.0060
0.0025
0.0042
0.0026
0.0049
0.0062
0.0163
0.0442
0.0533
0.1172
0.0694
0.0790
2.0937
0.4978
0.0078
0.0263
0.0076
0.0173
0.0059
0.0117
0.0031
0.0044
0.0105
0.0145
0.0115
0.0105
0.0149
0.0110
0.0117
0.0000
0.0022
0.0035
0.0038
0.0028
0.0019
0.0029
0.0031
0.0021
0.0244
0.0377
0.0550
0.1131
0.0702
