0.0480
0.0201
0.1483
0.0284
0.0251
0.0117
0.0412
0.0690
0.0712
0.0575
0.0676
0.0700
0.0536
0.0502
0.0514
0.0577
0.0630
0.0505
0.0533
0.0592
0.0561
0.0633
0.0604
0.0547
0.0585
0.0551
0.0516
0.0497
0.0531
0.0527
0.0487
0.0032
0.0106
0.0094
0.0094
0.0139
0.0234
0.0248
0.0176
0.0244
0.0275
0.0300
0.0383
0.0301
0.0353
0.0570
0.0666
0.0714
0.0652
0.0691
0.0886
0.0901
0.0915
0.1130
0.1300
0.1449
0.1615
0.1605
0.3540
0.6564
0.7617
2.3325
3.6321
0.5516
0.0646
0.0657
0.1054
0.0358
0.0149
0.0346
0.0518
0.0628
0.0588
0.0515
0.0568
0.0526
0.0539
0.0612
0.0594
0.0118
0.0209
0.0143
0.0202
0.0251
0.0263
0.0415
0.0577
0.0700
0.0811
0.0795
0.1600
0.3212
0.3829
1.1389
3.6846
0.6117
0.0775
0.0991
0.1183
0.0246
0.0149
0.0344
0.0513
0.0560
0.0450
0.0506
0.0609
0.0527
0.0570
0.0667
0.0632
0.0031
0.0122
0.0073
0.0178
0.0320
0.0254
0.0360
0.0657
0.0904
0.1076
0.0887
0.1429
0.3235
0.3758
