0.3663
0.0098
0.1789
0.0715
0.1067
0.0589
0.0462
0.0040
0.0320
0.0231
0.0121
0.0458
0.0285
0.0226
0.0131
0.0201
0.0032
0.0055
0.0053
0.0067
0.0081
0.0038
0.0065
0.0113
0.0028
0.0104
0.0032
0.0015
0.0049
0.0095
0.0051
0.0021
0.0014
0.0001
0.0054
0.0029
0.0005
0.0020
0.0135
0.0014
0.0058
0.0001
0.0033
0.0051
0.0134
0.0126
0.0098
0.0128
0.0064
0.0081
0.0073
0.0162
0.0022
0.0279
0.0249
0.0180
0.0034
0.1847
0.0116
0.0714
0.6005
1.0967
2.5851
0.4690
0.2103
0.0017
0.0825
0.0111
0.0509
0.0271
0.0275
0.0085
0.0191
0.0160
0.0000
0.0171
0.0184
0.0078
0.0141
0.0151
0.0121
0.0172
0.0082
0.0008
0.0109
0.0090
0.0005
0.0186
0.0184
0.1019
0.0219
0.0376
0.2798
0.5757
2.5700
0.4226
0.2577
0.0086
0.0663
0.0302
0.0384
0.0038
0.0172
0.0163
0.0008
0.0046
0.0054
0.0087
0.0025
0.0120
0.0069
0.0107
0.0028
0.0130
0.0111
0.0143
0.0165
0.0086
0.0096
0.0232
0.0440
0.0920
0.0498
0.0375
0.2385
