0.2538
0.4219
0.2380
0.0669
0.2029
0.1005
0.0560
0.0119
0.0405
0.0212
0.0175
0.0376
0.0012
0.0067
0.0043
0.0076
0.0024
0.0000
0.0053
0.0058
0.0032
0.0084
0.0037
0.0159
0.0023
0.0011
0.0072
0.0054
0.0034
0.0180
0.0024
0.0016
0.0014
0.0210
0.0036
0.0091
0.0014
0.0037
0.0031
0.0075
0.0132
0.0173
0.0100
0.0022
0.0088
0.0363
0.0046
0.0156
0.0079
0.0401
0.0079
0.0080
0.0052
0.0018
0.0458
0.0714
0.0657
0.0080
0.0961
0.1304
0.1326
1.6915
5.5825
0.4486
0.1277
0.2003
0.1010
0.0306
0.0988
0.0347
0.0360
0.0075
0.0114
0.0076
0.0080
0.0007
0.0040
0.0186
0.0012
0.0036
0.0029
0.0275
0.0110
0.0070
0.0155
0.0039
0.0136
0.0524
0.0019
0.0092
0.0659
0.0824
0.0515
0.8707
5.5740
0.3785
0.1444
0.1663
0.0712
0.0296
0.0854
0.0005
0.0383
0.0004
0.0085
0.0004
0.0061
0.0195
0.0044
0.0209
0.0087
0.0230
0.0067
0.0139
0.0049
0.0168
0.0079
0.0013
0.0224
0.0603
0.0568
0.0258
0.1151
0.1590
0.0221
