0.3444
0.0033
0.0253
0.1196
0.0691
0.0956
0.0006
0.0448
0.0309
0.0401
0.0015
0.0059
0.0387
0.0076
0.0114
0.0213
0.0114
0.0105
0.0168
0.0091
0.0087
0.0125
0.0091
0.0133
0.0184
0.0154
0.0203
0.0219
0.0058
0.0114
0.0083
0.0008
0.0015
0.0014
0.0028
0.0120
0.0123
0.0108
0.0130
0.0143
0.0112
0.0074
0.0092
0.0076
0.0280
0.0267
0.0027
0.0360
0.0072
0.0207
0.0156
0.0763
0.0066
0.0379
0.1188
0.0155
0.0592
0.0585
0.0513
0.1534
0.4915
1.2809
2.6596
0.4681
0.1460
0.0111
0.0082
0.0671
0.0468
0.0390
0.0268
0.0097
0.0154
0.0379
0.0080
0.0007
0.0179
0.0221
0.0026
0.0168
0.0173
0.0111
0.0077
0.0178
0.0052
0.0222
0.0539
0.0081
0.0187
0.0153
0.0177
0.0744
0.2610
0.6617
2.6458
0.4170
0.1075
0.0088
0.0235
0.0824
0.0282
0.0406
0.0520
0.0116
0.0116
0.0476
0.0109
0.0236
0.0119
0.0308
0.0098
0.0111
0.0035
0.0125
0.0103
0.0009
0.0077
0.0475
0.0403
0.0581
0.0092
0.0298
0.0170
0.0801
0.2883
