0.0575
0.0573
0.0394
0.0251
0.0142
0.0236
0.0113
0.0286
0.0204
0.0157
0.0085
0.0052
0.0052
0.0094
0.0002
0.0027
0.0046
0.0081
0.0033
0.0029
0.0026
0.0097
0.0043
0.0069
0.0017
0.0065
0.0002
0.0023
0.0021
0.0024
0.0032
0.0015
0.0019
0.0011
0.0021
0.0026
0.0013
0.0009
0.0029
0.0051
0.0014
0.0021
0.0100
0.0010
0.0004
0.0064
0.0019
0.0083
0.0081
0.0090
0.0063
0.0004
0.0087
0.0197
0.0002
0.0127
0.0391
0.0214
0.0963
0.0852
0.1213
0.3026
1.5466
0.5058
0.0221
0.0210
0.0081
0.0073
0.0014
0.0076
0.0025
0.0094
0.0093
0.0066
0.0059
0.0051
0.0012
0.0058
0.0018
0.0030
0.0025
0.0004
0.0041
0.0031
0.0025
0.0139
0.0002
0.0087
0.0183
0.0149
0.0468
0.0463
0.0617
0.1248
1.5492
0.5124
0.0122
0.0087
0.0117
0.0038
0.0101
0.0001
0.0031
0.0101
0.0043
0.0007
0.0006
0.0100
0.0039
0.0033
0.0026
0.0034
0.0033
0.0042
0.0094
0.0048
0.0115
0.0143
0.0054
0.0138
0.0213
0.0136
0.0539
0.0521
0.0675
