0.4200
0.0612
0.0496
0.0334
0.0688
0.0405
0.0264
0.0491
0.0315
0.0015
0.0138
0.0134
0.0006
0.0019
0.0002
0.0006
0.0051
0.0047
0.0035
0.0035
0.0062
0.0087
0.0026
0.0050
0.0057
0.0026
0.0063
0.0062
0.0037
0.0039
0.0054
0.0004
0.0006
0.0041
0.0004
0.0001
0.0034
0.0038
0.0010
0.0035
0.0094
0.0035
0.0030
0.0049
0.0004
0.0038
0.0049
0.0029
0.0031
0.0079
0.0036
0.0015
0.0282
0.0170
0.0104
0.0183
0.0606
0.0199
0.0417
0.2645
0.3760
0.5771
1.7500
0.4905
0.2316
0.0487
0.0267
0.0119
0.0383
0.0162
0.0155
0.0234
0.0093
0.0024
0.0053
0.0070
0.0002
0.0015
0.0031
0.0020
0.0012
0.0075
0.0017
0.0013
0.0190
0.0005
0.0009
0.0140
0.0220
0.0152
0.0132
0.1285
0.1648
0.3118
1.7519
0.4556
0.2619
0.0831
0.0312
0.0016
0.0408
0.0024
0.0080
0.0114
0.0124
0.0017
0.0026
0.0027
0.0033
0.0017
0.0058
0.0028
0.0025
0.0039
0.0073
0.0019
0.0101
0.0220
0.0085
0.0172
0.0055
0.0202
0.0029
0.1079
0.1178
