0.0922
0.1233
0.0422
0.0025
0.0165
0.0214
0.0206
0.0131
0.0046
0.0300
0.0218
0.0079
0.0083
0.0155
0.0208
0.0116
0.0068
0.0093
0.0101
0.0104
0.0115
0.0171
0.0113
0.0182
0.0054
0.0138
0.0041
0.0161
0.0113
0.0134
0.0021
0.0041
0.0024
0.0053
0.0040
0.0066
0.0007
0.0044
0.0002
0.0101
0.0048
0.0134
0.0076
0.0147
0.0010
0.0041
0.0031
0.0183
0.0166
0.0096
0.0129
0.0278
0.0303
0.0026
0.0051
0.0242
0.0227
0.0426
0.0700
0.1436
0.5158
0.2931
1.9391
0.5034
0.0172
0.0721
0.0125
0.0046
0.0086
0.0154
0.0067
0.0125
0.0091
0.0235
0.0170
0.0104
0.0075
0.0116
0.0132
0.0031
0.0064
0.0004
0.0005
0.0048
0.0147
0.0002
0.0022
0.0094
0.0131
0.0211
0.0366
0.0657
0.2607
0.1270
1.9489
0.5069
0.0169
0.0729
0.0075
0.0041
0.0004
0.0095
0.0020
0.0009
0.0143
0.0186
0.0102
0.0086
0.0136
0.0071
0.0003
0.0037
0.0004
0.0050
0.0003
0.0000
0.0137
0.0062
0.0013
0.0088
0.0207
0.0264
0.0508
0.0433
0.2643
