0.0620
0.0713
0.0563
0.0198
0.0034
0.0066
0.0004
0.0043
0.0113
0.0151
0.0145
0.0083
0.0127
0.0141
0.0078
0.0194
0.0094
0.0114
0.0107
0.0127
0.0176
0.0142
0.0173
0.0146
0.0102
0.0166
0.0117
0.0192
0.0154
0.0149
0.0150
0.0027
0.0025
0.0026
0.0025
0.0025
0.0033
0.0054
0.0053
0.0071
0.0081
0.0066
0.0088
0.0172
0.0135
0.0144
0.0130
0.0220
0.0168
0.0190
0.0276
0.0350
0.0264
0.0346
0.0326
0.0570
0.0409
0.0411
0.1310
0.0423
0.3359
0.0905
2.0371
0.4936
0.0106
0.0326
0.0152
0.0058
0.0081
0.0144
0.0087
0.0142
0.0145
0.0169
0.0147
0.0113
0.0140
0.0181
0.0089
0.0062
0.0007
0.0031
0.0096
0.0142
0.0113
0.0141
0.0161
0.0251
0.0194
0.0237
0.0686
0.0290
0.1719
0.0701
2.0269
0.5034
0.0056
0.0356
0.0009
0.0074
0.0077
0.0167
0.0130
0.0148
0.0113
0.0209
0.0200
0.0184
0.0182
0.0188
0.0175
0.0028
0.0026
0.0092
0.0046
0.0048
0.0143
0.0203
0.0173
0.0257
0.0252
0.0349
0.0799
0.0447
0.1750
