0.1279
0.0793
0.0365
0.0063
0.0792
0.2516
0.0425
0.0390
0.1091
0.0016
0.0180
0.0391
0.0416
0.0734
0.0361
0.0371
0.0259
0.0307
0.0196
0.0148
0.0113
0.0277
0.0422
0.0291
0.0193
0.0308
0.0245
0.0390
0.0402
0.0326
0.0290
0.0012
0.0101
0.0067
0.0152
0.0088
0.0070
0.0097
0.0079
0.0183
0.0097
0.0105
0.0367
0.0284
0.0112
0.0246
0.0409
0.0084
0.0298
0.0115
0.0088
0.0275
0.0278
0.0690
0.0535
0.0683
0.2439
0.2018
0.0083
0.1766
0.4628
0.3925
3.1374
0.5125
0.0835
0.0544
0.0119
0.0264
0.0002
0.1340
0.0320
0.0362
0.0581
0.0009
0.0179
0.0216
0.0215
0.0397
0.0363
0.0152
0.0004
0.0142
0.0172
0.0181
0.0148
0.0225
0.0200
0.0125
0.1275
0.0996
0.0000
0.0861
0.2283
0.1709
3.1498
0.4999
0.1043
0.0388
0.0457
0.0520
0.0493
0.0827
0.0196
0.0342
0.0267
0.0212
0.0089
0.0047
0.0201
0.0021
0.0216
0.0072
0.0074
0.0180
0.0211
0.0129
0.0283
0.0200
0.0196
0.0614
0.1317
0.0847
0.0249
0.0671
0.2100
