0.1478
0.1328
0.0341
0.0027
0.0325
0.0077
0.0277
0.0348
0.0281
0.0113
0.0041
0.0189
0.0070
0.0050
0.0085
0.0033
0.0095
0.0056
0.0044
0.0024
0.0051
0.0081
0.0014
0.0011
0.0011
0.0013
0.0086
0.0007
0.0041
0.0007
0.0067
0.0001
0.0064
0.0008
0.0016
0.0007
0.0073
0.0020
0.0026
0.0040
0.0018
0.0018
0.0012
0.0054
0.0102
0.0027
0.0217
0.0024
0.0187
0.0190
0.0181
0.0282
0.0085
0.0116
0.0172
0.0371
0.0615
0.0349
0.1186
0.1149
0.1449
0.1036
1.5334
0.5050
0.0840
0.0599
0.0264
0.0055
0.0116
0.0020
0.0084
0.0100
0.0084
0.0096
0.0085
0.0024
0.0158
0.0035
0.0097
0.0021
0.0019
0.0112
0.0082
0.0129
0.0056
0.0146
0.0116
0.0201
0.0344
0.0189
0.0556
0.0642
0.0639
0.0300
1.5304
0.5024
0.0889
0.0318
0.0448
0.0106
0.0140
0.0129
0.0021
0.0040
0.0033
0.0124
0.0064
0.0173
0.0061
0.0014
0.0196
0.0004
0.0016
0.0068
0.0028
0.0063
0.0159
0.0203
0.0152
0.0103
0.0329
0.0091
0.0390
0.0817
0.0491
