1.7277
0.0192
0.1352
0.1512
0.2783
0.1316
0.0362
0.1119
0.0581
0.0188
0.0383
0.0572
0.0082
0.0443
0.0010
0.0004
0.0295
0.0177
0.0083
0.0080
0.0013
0.0017
0.0043
0.0127
0.0131
0.0119
0.0052
0.0093
0.0190
0.0263
0.0137
0.0041
0.0149
0.0016
0.0084
0.0080
0.0022
0.0024
0.0163
0.0134
0.0158
0.0184
0.0058
0.0026
0.0250
0.0114
0.0128
0.0241
0.0408
0.0056
0.1231
0.0400
0.0034
0.0166
0.0715
0.0387
0.2394
0.1852
0.0040
0.6516
0.2589
2.8453
3.6476
0.4309
0.8710
0.0529
0.0795
0.0886
0.1571
0.0627
0.0364
0.0533
0.0325
0.0093
0.0453
0.0303
0.0159
0.0156
0.0071
0.0059
0.0061
0.0134
0.0389
0.0266
0.0274
0.0046
0.0187
0.0041
0.0684
0.0708
0.0011
0.3071
0.0504
1.4421
3.6350
0.2884
0.8688
0.1291
0.0521
0.1296
0.1828
0.0612
0.0370
0.0045
0.0102
0.0270
0.0563
0.0104
0.0250
0.0064
0.0095
0.0237
0.0082
0.0129
0.0282
0.0144
0.0191
0.0665
0.0126
0.0478
0.0327
0.0099
0.0391
0.3017
0.1331
