0.2988
0.0705
0.0241
0.0391
0.0087
0.0034
0.0223
0.0395
0.0312
0.0259
0.0193
0.0254
0.0152
0.0170
0.0137
0.0196
0.0194
0.0147
0.0112
0.0080
0.0124
0.0116
0.0107
0.0077
0.0117
0.0085
0.0092
0.0084
0.0130
0.0121
0.0128
0.0017
0.0018
0.0002
0.0043
0.0005
0.0055
0.0051
0.0062
0.0060
0.0096
0.0033
0.0059
0.0004
0.0112
0.0082
0.0149
0.0076
0.0115
0.0088
0.0120
0.0042
0.0093
0.0203
0.0389
0.0157
0.0045
0.0338
0.0852
0.1258
0.3614
0.0423
1.9049
0.4983
0.1293
0.0438
0.0176
0.0135
0.0047
0.0033
0.0187
0.0244
0.0190
0.0131
0.0116
0.0124
0.0154
0.0135
0.0176
0.0003
0.0034
0.0011
0.0005
0.0018
0.0012
0.0011
0.0144
0.0069
0.0030
0.0207
0.0382
0.0571
0.1952
0.0448
1.9160
0.4820
0.1011
0.0507
0.0290
0.0053
0.0064
0.0020
0.0184
0.0130
0.0068
0.0071
0.0086
0.0032
0.0046
0.0019
0.0108
0.0006
0.0007
0.0064
0.0004
0.0031
0.0049
0.0077
0.0031
0.0127
0.0128
0.0166
0.0349
0.0491
0.2201
