0.0934
0.0130
0.0461
0.0116
0.0162
0.0018
0.0080
0.0062
0.0166
0.0080
0.0134
0.0038
0.0048
0.0065
0.0085
0.0068
0.0065
0.0048
0.0092
0.0053
0.0041
0.0104
0.0082
0.0075
0.0068
0.0061
0.0022
0.0132
0.0075
0.0071
0.0048
0.0026
0.0017
0.0003
0.0050
0.0025
0.0065
0.0029
0.0087
0.0021
0.0024
0.0070
0.0038
0.0037
0.0126
0.0060
0.0070
0.0026
0.0081
0.0063
0.0093
0.0084
0.0139
0.0038
0.0181
0.0301
0.0422
0.0544
0.1555
0.0801
0.3049
0.0262
1.8836
0.4989
0.0622
0.0130
0.0390
0.0030
0.0144
0.0063
0.0089
0.0004
0.0071
0.0071
0.0097
0.0032
0.0069
0.0059
0.0061
0.0000
0.0005
0.0010
0.0014
0.0009
0.0013
0.0010
0.0063
0.0151
0.0185
0.0279
0.0701
0.0399
0.1460
0.0117
1.8709
0.5079
0.0809
0.0154
0.0573
0.0068
0.0151
0.0111
0.0091
0.0045
0.0109
0.0073
0.0068
0.0069
0.0086
0.0056
0.0047
0.0034
0.0085
0.0061
0.0013
0.0037
0.0016
0.0020
0.0088
0.0118
0.0134
0.0318
0.0584
0.0358
0.1356
