0.3152
0.0069
0.1226
0.0413
0.0564
0.0207
0.0143
0.0178
0.0123
0.0047
0.0041
0.0124
0.0034
0.0090
0.0025
0.0022
0.0020
0.0033
0.0042
0.0007
0.0019
0.0040
0.0050
0.0075
0.0040
0.0027
0.0031
0.0019
0.0025
0.0009
0.0006
0.0005
0.0036
0.0006
0.0017
0.0045
0.0013
0.0003
0.0012
0.0006
0.0040
0.0002
0.0085
0.0053
0.0080
0.0039
0.0115
0.0055
0.0174
0.0076
0.0321
0.0092
0.0153
0.0304
0.0080
0.0139
0.0849
0.0731
0.1477
0.0206
0.3652
0.1105
2.3127
0.4947
0.1411
0.0018
0.0447
0.0123
0.0394
0.0089
0.0078
0.0168
0.0009
0.0063
0.0042
0.0089
0.0126
0.0011
0.0145
0.0021
0.0041
0.0002
0.0172
0.0061
0.0080
0.0109
0.0047
0.0115
0.0309
0.0399
0.0874
0.0127
0.1970
0.0790
2.3086
0.4909
0.0990
0.0049
0.0144
0.0119
0.0511
0.0022
0.0028
0.0153
0.0092
0.0022
0.0134
0.0054
0.0113
0.0116
0.0048
0.0017
0.0017
0.0023
0.0090
0.0040
0.0128
0.0014
0.0018
0.0171
0.0100
0.0386
0.1000
0.0101
0.2220
