0.3081
0.0435
0.1183
0.0603
0.0014
0.0601
0.0298
0.0182
0.0370
0.0473
0.0352
0.0166
0.0163
0.0417
0.0001
0.0323
0.0090
0.0001
0.0027
0.0002
0.0180
0.0117
0.0123
0.0154
0.0044
0.0069
0.0024
0.0123
0.0040
0.0031
0.0205
0.0093
0.0037
0.0005
0.0125
0.0042
0.0059
0.0051
0.0088
0.0039
0.0088
0.0056
0.0030
0.0212
0.0041
0.0214
0.0020
0.0108
0.0093
0.0272
0.0113
0.0473
0.0045
0.0018
0.0058
0.0387
0.0785
0.0365
0.0097
0.0025
1.2385
0.8423
3.9212
0.4746
0.2137
0.0204
0.0643
0.0276
0.0141
0.0338
0.0277
0.0041
0.0103
0.0389
0.0033
0.0118
0.0021
0.0264
0.0026
0.0074
0.0015
0.0168
0.0099
0.0006
0.0076
0.0029
0.0102
0.0142
0.0307
0.0283
0.0122
0.0001
0.6067
0.4536
3.9049
0.4373
0.3312
0.0216
0.0504
0.0053
0.0230
0.0346
0.0069
0.0055
0.0002
0.0287
0.0153
0.0004
0.0092
0.0042
0.0017
0.0018
0.0037
0.0054
0.0124
0.0175
0.0082
0.0109
0.0232
0.0048
0.0217
0.0356
0.0356
0.0027
0.5452
