0.9400
0.8256
0.3020
0.4080
0.0630
0.1588
0.1644
0.0290
0.1049
0.0139
0.1482
0.0868
0.0531
0.0913
0.0757
0.0731
0.0827
0.0808
0.0892
0.0748
0.1178
0.0675
0.0737
0.0960
0.0911
0.0921
0.0794
0.0935
0.1040
0.0803
0.0822
0.0216
0.0086
0.0078
0.0202
0.0193
0.0299
0.0261
0.0380
0.0161
0.0409
0.0473
0.0501
0.0567
0.0534
0.0756
0.0988
0.0575
0.0733
0.1229
0.1783
0.1597
0.0968
0.2180
0.3330
0.2902
0.1118
0.3536
0.8524
1.0610
1.2010
2.2115
5.2894
0.5585
0.5363
0.4775
0.2353
0.2358
0.0078
0.1368
0.1387
0.0616
0.0826
0.0526
0.1222
0.0915
0.0610
0.0741
0.0863
0.0046
0.0190
0.0220
0.0481
0.0667
0.0356
0.1000
0.1116
0.1171
0.0781
0.1284
0.3807
0.4613
0.5623
1.0714
5.1891
0.5758
0.5416
0.5194
0.2951
0.2057
0.0305
0.1269
0.1595
0.1087
0.0413
0.1047
0.1001
0.0885
0.0750
0.0801
0.1081
0.0237
0.0350
0.0139
0.0020
0.0779
0.0418
0.0891
0.0794
0.0811
0.1366
0.0495
0.3113
0.3567
0.4693
