0.0395
0.1139
0.0351
0.0309
0.0449
0.0164
0.0000
0.0238
0.0078
0.0001
0.0104
0.0033
0.0052
0.0075
0.0074
0.0026
0.0052
0.0055
0.0049
0.0065
0.0026
0.0033
0.0050
0.0072
0.0034
0.0036
0.0060
0.0014
0.0040
0.0068
0.0052
0.0019
0.0006
0.0016
0.0026
0.0043
0.0009
0.0002
0.0061
0.0012
0.0034
0.0009
0.0029
0.0014
0.0014
0.0002
0.0038
0.0069
0.0022
0.0069
0.0175
0.0121
0.0121
0.0393
0.0238
0.0048
0.0114
0.0072
0.0369
0.0529
0.5798
0.2501
1.7341
0.4959
0.0457
0.0519
0.0198
0.0119
0.0179
0.0085
0.0072
0.0193
0.0100
0.0033
0.0038
0.0040
0.0012
0.0013
0.0015
0.0028
0.0007
0.0029
0.0103
0.0023
0.0019
0.0091
0.0094
0.0055
0.0163
0.0059
0.0130
0.0351
0.2835
0.1508
1.7336
0.4766
0.0972
0.0359
0.0189
0.0127
0.0053
0.0084
0.0038
0.0206
0.0070
0.0088
0.0121
0.0004
0.0020
0.0085
0.0019
0.0044
0.0053
0.0028
0.0027
0.0027
0.0042
0.0047
0.0106
0.0076
0.0212
0.0181
0.0070
0.0458
0.2724
