0.0763
0.0036
0.0132
0.0197
0.0104
0.0003
0.0104
0.0209
0.0170
0.0122
0.0114
0.0076
0.0081
0.0113
0.0091
0.0025
0.0054
0.0085
0.0052
0.0055
0.0079
0.0081
0.0070
0.0101
0.0037
0.0080
0.0111
0.0043
0.0065
0.0040
0.0107
0.0004
0.0031
0.0057
0.0016
0.0011
0.0036
0.0042
0.0008
0.0083
0.0014
0.0027
0.0014
0.0060
0.0054
0.0053
0.0098
0.0046
0.0027
0.0052
0.0109
0.0112
0.0213
0.0026
0.0239
0.0315
0.0471
0.0559
0.1654
0.0871
0.3274
0.0827
1.9340
0.5046
0.0532
0.0104
0.0212
0.0039
0.0120
0.0074
0.0107
0.0108
0.0136
0.0073
0.0101
0.0065
0.0038
0.0055
0.0096
0.0043
0.0028
0.0000
0.0019
0.0017
0.0096
0.0047
0.0101
0.0133
0.0192
0.0290
0.0816
0.0420
0.1581
0.0168
1.9261
0.5083
0.0753
0.0135
0.0451
0.0078
0.0159
0.0109
0.0121
0.0004
0.0122
0.0101
0.0071
0.0027
0.0053
0.0055
0.0051
0.0002
0.0020
0.0020
0.0017
0.0014
0.0024
0.0013
0.0087
0.0150
0.0193
0.0328
0.0670
0.0421
0.1465
