0.2622
0.0797
0.0650
0.0359
0.0172
0.0089
0.0202
0.0158
0.0190
0.0036
0.0006
0.0009
0.0063
0.0053
0.0091
0.0065
0.0123
0.0094
0.0103
0.0100
0.0093
0.0147
0.0101
0.0146
0.0088
0.0124
0.0108
0.0102
0.0121
0.0076
0.0124
0.0005
0.0033
0.0003
0.0059
0.0016
0.0054
0.0036
0.0051
0.0095
0.0069
0.0112
0.0050
0.0097
0.0070
0.0088
0.0070
0.0064
0.0099
0.0112
0.0109
0.0125
0.0207
0.0413
0.0620
0.0523
0.0648
0.0289
0.1773
0.1712
0.4837
0.1819
1.5714
0.4948
0.1067
0.0528
0.0513
0.0221
0.0175
0.0042
0.0228
0.0200
0.0165
0.0067
0.0031
0.0053
0.0070
0.0057
0.0054
0.0002
0.0033
0.0057
0.0048
0.0036
0.0041
0.0180
0.0284
0.0294
0.0294
0.0108
0.0827
0.0817
0.2554
0.1147
1.5821
0.4708
0.0652
0.0636
0.0663
0.0159
0.0243
0.0151
0.0297
0.0179
0.0130
0.0080
0.0096
0.0109
0.0079
0.0112
0.0070
0.0039
0.0037
0.0102
0.0085
0.0123
0.0045
0.0095
0.0137
0.0250
0.0233
0.0050
0.0607
0.0637
0.2712
