0.1080
0.0071
0.0379
0.0113
0.0152
0.0042
0.0092
0.0057
0.0193
0.0075
0.0100
0.0042
0.0023
0.0090
0.0102
0.0060
0.0022
0.0029
0.0031
0.0054
0.0029
0.0113
0.0076
0.0074
0.0070
0.0075
0.0040
0.0140
0.0075
0.0062
0.0081
0.0005
0.0003
0.0017
0.0029
0.0021
0.0047
0.0038
0.0076
0.0031
0.0009
0.0051
0.0024
0.0038
0.0086
0.0114
0.0109
0.0012
0.0066
0.0054
0.0062
0.0085
0.0107
0.0073
0.0207
0.0294
0.0423
0.0543
0.1501
0.0884
0.3047
0.0117
1.8789
0.4995
0.0670
0.0144
0.0328
0.0011
0.0117
0.0064
0.0085
0.0034
0.0092
0.0079
0.0079
0.0040
0.0049
0.0057
0.0112
0.0037
0.0000
0.0012
0.0007
0.0002
0.0009
0.0020
0.0068
0.0136
0.0170
0.0279
0.0717
0.0453
0.1455
0.0186
1.8753
0.5032
0.0884
0.0128
0.0543
0.0114
0.0151
0.0100
0.0095
0.0054
0.0076
0.0060
0.0055
0.0075
0.0098
0.0068
0.0038
0.0044
0.0053
0.0036
0.0028
0.0037
0.0040
0.0028
0.0067
0.0102
0.0148
0.0306
0.0532
0.0408
0.1355
