 
 18 5 
 19 5 
 20 5 
 21 5 
 22 5 
 23 5 
 24 4 
 25 4 
 26 4 
 27 4 
 28 4 
 29 4 
 30 4 
 31 4 
 32 5 
 33 6 
 34 6 
 35 7 
 36 7 
 36 8 
 37 9 
 38 10 
 39 10 
 40 11 
 41 11 
 42 11 
 43 11 
 43 12 
 44 13 
 45 12 
 46 12 
 47 12 
 48 12 
 49 12 
 50 12 
 51 12 
 52 12 
 53 12 
 54 12 
 55 12 
 56 12 
 57 12 
 58 12 
 59 12 
 60 11 
 61 11 
 62 12 
 63 11 
 64 11 
 65 11 
 66 10 
 67 10 
 68 9 
 69 10 
 70 9 
 71 8 
 72 8 
 73 7 
 74 7 
 75 8 
 76 8 
 77 8 
 78 7 
 79 8 
 80 9 
 81 10 
 82 11 
 83 11 
 84 12 
 85 11 
 86 11 
 87 11 
 88 11 
 89 11 
 90 11 
 91 11 
 92 11 
 93 11 
 94 11 
 95 11 
 96 11 
 97 11 
 98 11 
 99 11 
 100 11 
 101 11 
 102 11 
 103 11 
 104 12 
 105 13 
 106 14 
 107 15 
 106 16 
 107 17 
 108 17 
 108 18 
 109 19 
 109 20 
 109 21 
 108 22 
 108 23 
 107 22 
 106 23 
 106 24 
 105 24 
 104 25 
 103 26 
 102 27 
 101 28 
 101 29 
 101 30 
 101 31 
 101 32 
 101 33 
 101 34 
 101 35 
 101 36 
 101 37 
 101 38 
 101 39 
 101 40 
 101 41 
 100 42 
 99 42 
 98 42 
 97 43 
 96 43 
 95 42 
 94 43 
 93 42 
 92 42 
 91 42 
 90 43 
 89 42 
 88 43 
 87 44 
 86 44 
 85 44 
 84 44 
 83 44 
 82 43 
 81 42 
 80 42 
 79 43 
 78 42 
 77 42 
 76 41 
 75 40 
 74 39 
 73 38 
 72 38 
 71 38 
 70 37 
 69 37 
 68 37 
 67 36 
 66 37 
 65 36 
 64 37 
 63 36 
 62 37 
 61 37 
 60 38 
 59 38 
 58 39 
 57 39 
 56 39 
 55 39 
 54 39 
 53 39 
 52 39 
 51 39 
 50 39 
 49 39 
 48 39 
 47 39 
 46 39 
 45 39 
 44 39 
 43 39 
 42 40 
 41 40 
 40 40 
 39 40 
 38 40 
 37 39 
 36 38 
 35 38 
 34 38 
 33 37 
 32 36 
 31 35 
 30 34 
 29 34 
 28 33 
 27 33 
 26 33 
 25 32 
 24 32 
 23 32 
 22 32 
 21 32 
 20 32 
 19 32 
 18 32 
 17 32 
 16 32 
 15 32 
 14 32 
 13 32 
 12 32 
 11 32 
 10 32 
 9 32 
 8 32 
 7 33 
 6 33 
 6 32 
 6 31 
 5 30 
 5 29 
 5 28 
 5 27 
 5 26 
 5 25 
 4 24 
 5 23 
 6 24 
 7 23 
 8 22 
 9 21 
 10 20 
 11 19 
 12 19 
 13 19 
 14 18 
 15 17 
 14 16 
 15 15 
 15 14 
 15 13 
 15 12 
 14 11 
 15 10 
 14 9 
 13 9 
 13 8 
 13 7 
 13 6 
 14 6 
 15 6 
 16 5 
 17 4