 
 16 4 
 17 4 
 18 5 
 19 5 
 20 5 
 21 5 
 22 5 
 23 6 
 24 6 
 25 5 
 26 6 
 27 6 
 28 6 
 29 6 
 30 6 
 31 6 
 31 7 
 31 8 
 32 9 
 33 10 
 34 11 
 35 12 
 36 13 
 37 13 
 38 13 
 39 13 
 40 13 
 41 12 
 42 12 
 43 12 
 44 12 
 45 12 
 46 12 
 47 12 
 48 11 
 49 11 
 50 12 
 51 11 
 52 11 
 53 11 
 54 11 
 55 11 
 56 11 
 57 11 
 58 11 
 59 11 
 60 11 
 61 11 
 62 11 
 63 11 
 64 11 
 65 11 
 66 12 
 67 11 
 68 11 
 69 11 
 70 11 
 71 11 
 72 11 
 73 11 
 74 11 
 75 11 
 76 11 
 77 11 
 78 11 
 79 11 
 79 12 
 80 13 
 81 14 
 82 14 
 83 14 
 84 15 
 85 16 
 86 17 
 86 18 
 86 19 
 87 20 
 88 20 
 89 20 
 89 21 
 90 22 
 91 21 
 91 20 
 92 20 
 93 20 
 94 20 
 95 21 
 96 21 
 97 20 
 98 20 
 99 19 
 100 19 
 101 19 
 102 19 
 103 18 
 104 18 
 105 18 
 106 18 
 107 19 
 107 20 
 107 21 
 107 22 
 107 23 
 107 24 
 107 25 
 108 26 
 109 26 
 109 27 
 109 28 
 109 29 
 109 30 
 108 31 
 107 32 
 107 33 
 106 34 
 105 35 
 104 36 
 104 37 
 103 37 
 102 38 
 101 39 
 101 40 
 101 41 
 100 42 
 100 43 
 100 44 
 100 45 
 100 46 
 100 47 
 101 48 
 100 49 
 101 50 
 102 51 
 101 52 
 100 52 
 99 53 
 98 53 
 97 54 
 96 54 
 95 53 
 94 54 
 93 54 
 92 55 
 91 55 
 90 55 
 89 55 
 88 55 
 87 54 
 86 54 
 85 53 
 84 53 
 83 52 
 82 52 
 81 52 
 80 51 
 79 50 
 78 49 
 77 50 
 76 49 
 75 48 
 74 48 
 73 48 
 72 47 
 71 47 
 70 47 
 69 46 
 68 46 
 67 46 
 66 46 
 65 47 
 64 48 
 63 48 
 62 48 
 61 48 
 60 49 
 59 49 
 58 49 
 57 49 
 56 49 
 55 49 
 54 49 
 53 50 
 52 50 
 51 50 
 50 50 
 49 51 
 48 51 
 47 51 
 46 51 
 45 52 
 44 51 
 43 51 
 42 51 
 41 51 
 40 51 
 39 51 
 38 51 
 37 51 
 36 51 
 35 50 
 34 49 
 33 49 
 32 49 
 32 48 
 31 47 
 30 48 
 29 48 
 29 47 
 28 46 
 27 46 
 26 46 
 25 45 
 24 44 
 23 43 
 22 43 
 21 43 
 20 44 
 19 44 
 18 44 
 17 44 
 16 44 
 15 44 
 14 44 
 13 45 
 12 46 
 11 45 
 10 46 
 9 46 
 8 46 
 7 47 
 6 47 
 5 46 
 4 46 
 4 45 
 4 44 
 4 43 
 4 42 
 4 41 
 4 40 
 4 39 
 4 38 
 4 37 
 4 36 
 4 35 
 4 34 
 4 33 
 4 32 
 5 31 
 6 30 
 7 29 
 8 29 
 9 28 
 10 27 
 11 26 
 12 25 
 13 24 
 14 23 
 15 23 
 16 22 
 16 21 
 17 20 
 17 19 
 17 18 
 17 17 
 17 16 
 17 15 
 16 14 
 16 13 
 15 12 
 15 11 
 15 10 
 15 9 
 14 8 
 15 7 
 15 6 
 14 5 
 15 4