 
 45 5 
 46 4 
 47 4 
 48 5 
 48 6 
 48 7 
 48 8 
 48 9 
 47 10 
 48 11 
 48 12 
 47 13 
 47 14 
 47 15 
 47 16 
 46 16 
 45 17 
 44 18 
 44 19 
 43 20 
 44 21 
 43 22 
 43 23 
 43 24 
 43 25 
 42 26 
 43 27 
 42 28 
 43 29 
 42 30 
 43 31 
 43 32 
 42 33 
 42 34 
 42 35 
 42 36 
 42 37 
 42 38 
 42 39 
 42 40 
 42 41 
 42 42 
 42 43 
 43 44 
 42 45 
 43 46 
 43 47 
 43 48 
 43 49 
 44 50 
 44 51 
 45 52 
 46 53 
 47 53 
 48 53 
 49 53 
 50 53 
 51 52 
 51 51 
 52 50 
 53 49 
 54 48 
 54 47 
 54 46 
 54 45 
 55 45 
 56 45 
 57 44 
 58 43 
 59 42 
 60 41 
 61 40 
 61 39 
 62 38 
 62 37 
 63 37 
 64 37 
 65 36 
 66 35 
 67 34 
 68 33 
 69 32 
 69 31 
 70 31 
 71 30 
 72 29 
 73 29 
 74 29 
 75 28 
 76 29 
 77 29 
 78 29 
 79 29 
 80 29 
 81 30 
 82 31 
 82 32 
 82 33 
 82 34 
 83 35 
 83 36 
 84 37 
 83 38 
 83 39 
 83 40 
 84 41 
 84 42 
 85 43 
 86 43 
 87 43 
 88 43 
 89 42 
 89 41 
 90 40 
 90 39 
 91 38 
 91 37 
 92 36 
 92 35 
 93 35 
 94 35 
 95 34 
 96 34 
 97 34 
 98 34 
 99 34 
 100 35 
 101 35 
 102 35 
 103 36 
 103 37 
 103 38 
 104 39 
 104 40 
 104 41 
 104 42 
 104 43 
 105 44 
 106 45 
 106 46 
 106 47 
 106 48 
 106 49 
 106 50 
 107 51 
 107 52 
 108 53 
 109 53 
 109 54 
 110 55 
 110 56 
 110 57 
 111 58 
 112 59 
 113 59 
 113 60 
 114 61 
 115 62 
 115 63 
 115 64 
 116 65 
 117 65 
 117 66 
 118 67 
 118 68 
 119 69 
 118 70 
 118 71 
 119 72 
 119 73 
 119 74 
 119 75 
 119 76 
 119 77 
 119 78 
 119 79 
 119 80 
 120 81 
 120 82 
 120 83 
 120 84 
 120 85 
 120 86 
 120 87 
 120 88 
 120 89 
 121 90 
 121 91 
 122 92 
 123 93 
 124 93 
 125 93 
 125 94 
 125 95 
 126 96 
 127 97 
 127 98 
 127 99 
 128 100 
 127 101 
 127 102 
 127 103 
 126 104 
 125 105 
 124 105 
 123 104 
 122 104 
 121 103 
 120 103 
 120 102 
 119 101 
 119 100 
 118 99 
 118 98 
 118 97 
 118 96 
 118 95 
 118 94 
 118 93 
 118 92 
 118 91 
 117 90 
 116 90 
 116 89 
 116 88 
 116 87 
 116 86 
 115 85 
 116 84 
 116 83 
 116 82 
 115 81 
 116 80 
 116 79 
 116 78 
 116 77 
 115 76 
 116 75 
 116 74 
 116 73 
 115 72 
 115 71 
 115 70 
 115 69 
 114 68 
 113 67 
 112 68 
 111 69 
 112 70 
 112 71 
 112 72 
 112 73 
 111 74 
 111 75 
 111 76 
 111 77 
 111 78 
 111 79 
 110 80 
 110 81 
 110 82 
 110 83 
 109 84 
 109 85 
 109 86 
 109 87 
 108 87 
 107 88 
 108 89 
 109 89 
 109 90 
 108 90 
 107 91 
 107 92 
 107 93 
 107 94 
 107 95 
 106 96 
 106 97 
 106 98 
 106 99 
 106 100 
 107 101 
 106 102 
 106 103 
 105 104 
 105 105 
 104 106 
 104 107 
 104 108 
 103 109 
 103 110 
 103 111 
 104 112 
 103 113 
 104 114 
 105 115 
 105 116 
 105 117 
 105 118 
 105 119 
 104 120 
 103 120 
 102 120 
 101 121 
 100 121 
 99 121 
 98 121 
 97 121 
 96 120 
 95 120 
 94 120 
 93 120 
 92 120 
 91 119 
 90 119 
 89 119 
 88 119 
 88 118 
 88 117 
 88 116 
 89 115 
 90 115 
 91 114 
 92 113 
 93 112 
 93 111 
 93 110 
 94 110 
 95 109 
 94 108 
 93 108 
 93 107 
 93 106 
 94 106 
 95 105 
 94 104 
 93 104 
 93 103 
 93 102 
 93 101 
 92 100 
 92 99 
 91 98 
 91 97 
 92 96 
 92 95 
 92 94 
 91 93 
 91 92 
 90 91 
 89 91 
 89 90 
 88 89 
 88 88 
 88 87 
 88 86 
 87 85 
 86 85 
 85 85 
 84 85 
 83 86 
 83 87 
 82 87 
 81 88 
 80 89 
 79 89 
 78 89 
 77 89 
 76 90 
 75 91 
 74 91 
 73 92 
 72 93 
 71 94 
 71 95 
 70 95 
 69 95 
 68 95 
 67 96 
 66 96 
 65 97 
 64 96 
 63 96 
 62 96 
 61 97 
 60 98 
 59 99 
 60 100 
 60 101 
 60 102 
 60 103 
 60 104 
 60 105 
 59 106 
 59 107 
 59 108 
 59 109 
 58 110 
 58 111 
 58 112 
 58 113 
 58 114 
 58 115 
 59 116 
 59 117 
 59 118 
 59 119 
 58 120 
 58 121 
 57 121 
 56 122 
 55 121 
 54 121 
 53 122 
 52 121 
 51 121 
 50 121 
 49 120 
 48 120 
 47 120 
 46 120 
 45 120 
 44 119 
 44 118 
 44 117 
 45 116 
 45 115 
 46 114 
 46 113 
 47 113 
 48 113 
 49 112 
 48 111 
 48 110 
 49 109 
 49 108 
 49 107 
 49 106 
 48 105 
 47 104 
 46 104 
 46 103 
 46 102 
 46 101 
 46 100 
 46 99 
 47 99 
 48 98 
 48 97 
 48 96 
 47 95 
 46 95 
 46 94 
 46 93 
 45 92 
 45 91 
 44 90 
 43 89 
 42 88 
 41 88 
 41 87 
 41 86 
 40 85 
 40 84 
 39 83 
 38 83 
 37 83 
 36 82 
 35 81 
 34 80 
 33 79 
 32 79 
 31 79 
 31 78 
 30 77 
 29 76 
 28 75 
 28 74 
 27 73 
 26 72 
 26 71 
 26 70 
 26 69 
 26 68 
 26 67 
 25 66 
 25 65 
 25 64 
 25 63 
 26 62 
 26 61 
 26 60 
 26 59 
 26 58 
 26 57 
 27 56 
 27 55 
 27 54 
 27 53 
 27 52 
 28 51 
 28 50 
 28 49 
 28 48 
 28 47 
 28 46 
 28 45 
 27 44 
 26 43 
 25 44 
 24 43 
 23 43 
 22 44 
 21 45 
 20 46 
 19 47 
 19 48 
 19 49 
 18 49 
 17 49 
 16 49 
 15 49 
 14 49 
 13 48 
 12 49 
 11 48 
 10 48 
 9 48 
 8 48 
 7 48 
 7 47 
 6 46 
 5 46 
 5 45 
 5 44 
 4 43 
 5 42 
 4 41 
 5 40 
 5 39 
 5 38 
 5 37 
 5 36 
 5 35 
 6 34 
 6 33 
 7 32 
 7 31 
 7 30 
 8 30 
 9 29 
 10 29 
 11 28 
 12 27 
 13 26 
 13 25 
 13 24 
 13 23 
 14 23 
 15 22 
 16 22 
 17 21 
 17 20 
 18 20 
 19 19 
 20 18 
 21 18 
 22 17 
 23 17 
 24 17 
 25 16 
 25 15 
 25 14 
 26 14 
 27 13 
 28 13 
 29 13 
 30 13 
 31 12 
 32 12 
 33 11 
 34 10 
 35 9 
 36 8 
 36 7 
 37 7 
 38 6 
 39 6 
 40 6 
 41 5 
 42 5 
 43 5 
 44 4