 
 42 4 
 43 4 
 44 4 
 45 4 
 46 5 
 47 5 
 48 6 
 48 7 
 49 8 
 49 9 
 49 10 
 49 11 
 50 12 
 51 13 
 52 13 
 52 14 
 52 15 
 52 16 
 53 17 
 54 17 
 55 17 
 55 18 
 55 19 
 55 20 
 55 21 
 55 22 
 56 23 
 55 24 
 56 25 
 56 26 
 55 27 
 55 28 
 56 29 
 56 30 
 55 31 
 55 32 
 55 33 
 55 34 
 56 35 
 55 36 
 54 37 
 54 38 
 53 39 
 53 40 
 52 41 
 52 42 
 52 43 
 51 44 
 51 45 
 50 45 
 49 46 
 49 47 
 49 48 
 49 49 
 50 50 
 51 51 
 52 51 
 53 50 
 54 49 
 55 48 
 55 47 
 56 46 
 56 45 
 57 44 
 58 43 
 58 42 
 59 41 
 59 40 
 60 39 
 61 38 
 61 37 
 61 36 
 62 35 
 62 34 
 63 33 
 64 32 
 64 31 
 65 30 
 66 29 
 67 28 
 68 28 
 69 27 
 70 26 
 71 26 
 72 26 
 73 26 
 74 25 
 75 26 
 76 26 
 77 27 
 78 27 
 79 28 
 80 28 
 80 29 
 81 30 
 81 31 
 82 32 
 82 33 
 83 34 
 83 35 
 84 36 
 83 37 
 83 38 
 84 39 
 83 40 
 83 41 
 83 42 
 83 43 
 83 44 
 83 45 
 84 46 
 85 45 
 86 45 
 87 44 
 87 43 
 88 42 
 88 41 
 89 41 
 90 40 
 90 39 
 91 39 
 92 38 
 93 38 
 94 37 
 95 36 
 96 37 
 97 36 
 98 37 
 99 37 
 100 38 
 101 39 
 101 40 
 102 41 
 103 42 
 104 43 
 104 44 
 105 45 
 105 46 
 106 47 
 107 48 
 107 49 
 108 50 
 108 51 
 108 52 
 109 53 
 110 54 
 111 55 
 111 56 
 112 57 
 112 58 
 112 59 
 113 60 
 113 61 
 114 62 
 114 63 
 114 64 
 115 65 
 115 66 
 115 67 
 114 68 
 115 69 
 115 70 
 115 71 
 115 72 
 115 73 
 115 74 
 115 75 
 114 76 
 115 77 
 115 78 
 115 79 
 115 80 
 115 81 
 114 82 
 115 83 
 114 84 
 114 85 
 115 86 
 114 87 
 114 88 
 115 89 
 115 90 
 115 91 
 115 92 
 116 93 
 117 94 
 117 95 
 118 96 
 118 97 
 117 98 
 118 99 
 117 100 
 117 101 
 117 102 
 118 103 
 117 104 
 116 105 
 115 105 
 114 105 
 113 105 
 112 104 
 112 103 
 112 102 
 111 101 
 110 101 
 110 100 
 110 99 
 109 98 
 110 97 
 110 96 
 110 95 
 111 94 
 111 93 
 112 92 
 112 91 
 112 90 
 112 89 
 112 88 
 112 87 
 112 86 
 112 85 
 111 84 
 112 83 
 111 82 
 112 81 
 111 80 
 111 79 
 110 78 
 109 79 
 108 80 
 108 81 
 107 82 
 107 83 
 106 84 
 105 85 
 104 86 
 103 87 
 103 88 
 102 89 
 101 90 
 100 91 
 99 92 
 98 93 
 98 94 
 97 95 
 97 96 
 96 97 
 95 98 
 95 99 
 95 100 
 95 101 
 95 102 
 95 103 
 95 104 
 95 105 
 95 106 
 95 107 
 95 108 
 95 109 
 95 110 
 96 111 
 96 112 
 96 113 
 97 114 
 97 115 
 97 116 
 97 117 
 97 118 
 96 119 
 96 120 
 95 120 
 94 120 
 93 120 
 92 121 
 91 121 
 90 121 
 89 121 
 88 121 
 87 121 
 86 121 
 85 121 
 84 121 
 83 121 
 82 120 
 81 119 
 80 120 
 79 120 
 78 119 
 77 120 
 76 120 
 75 119 
 74 118 
 73 118 
 73 117 
 73 116 
 73 115 
 73 114 
 74 113 
 75 113 
 76 112 
 77 111 
 78 110 
 78 109 
 79 108 
 80 107 
 80 106 
 81 105 
 81 104 
 82 103 
 81 102 
 81 101 
 81 100 
 82 99 
 81 98 
 82 97 
 81 96 
 81 95 
 81 94 
 80 93 
 79 93 
 78 94 
 77 94 
 76 94 
 75 94 
 74 94 
 73 94 
 72 94 
 71 93 
 70 93 
 69 93 
 68 93 
 67 92 
 66 93 
 65 92 
 64 92 
 63 91 
 62 91 
 61 90 
 60 90 
 59 90 
 58 89 
 57 90 
 56 91 
 56 92 
 56 93 
 56 94 
 56 95 
 56 96 
 55 97 
 56 98 
 56 99 
 55 100 
 56 101 
 55 102 
 56 103 
 55 104 
 56 105 
 56 106 
 56 107 
 55 108 
 56 109 
 56 110 
 56 111 
 56 112 
 57 113 
 57 114 
 58 115 
 57 116 
 58 117 
 58 118 
 58 119 
 59 120 
 58 121 
 57 122 
 56 122 
 55 123 
 54 123 
 53 123 
 52 124 
 51 123 
 50 124 
 49 124 
 48 124 
 47 124 
 46 124 
 45 124 
 44 124 
 43 123 
 42 122 
 41 121 
 40 121 
 39 121 
 38 120 
 37 120 
 36 120 
 35 120 
 34 120 
 34 119 
 33 118 
 33 117 
 32 116 
 33 115 
 34 114 
 35 114 
 36 114 
 37 114 
 38 114 
 39 113 
 40 112 
 41 111 
 42 111 
 43 110 
 44 109 
 45 108 
 45 107 
 45 106 
 45 105 
 46 104 
 45 103 
 45 102 
 45 101 
 45 100 
 45 99 
 45 98 
 45 97 
 44 96 
 43 95 
 42 94 
 41 95 
 40 95 
 39 95 
 38 95 
 37 95 
 36 95 
 35 94 
 34 93 
 33 92 
 32 91 
 31 91 
 30 91 
 29 90 
 28 89 
 27 88 
 26 87 
 26 86 
 26 85 
 25 84 
 24 84 
 24 83 
 23 82 
 22 81 
 22 80 
 22 79 
 21 78 
 22 77 
 22 76 
 22 75 
 21 74 
 20 74 
 20 73 
 19 72 
 18 71 
 19 70 
 18 69 
 19 68 
 19 67 
 19 66 
 20 65 
 20 64 
 20 63 
 20 62 
 20 61 
 20 60 
 21 59 
 21 58 
 22 58 
 23 57 
 24 56 
 23 55 
 22 55 
 22 54 
 22 53 
 21 52 
 22 51 
 23 50 
 24 49 
 24 48 
 25 47 
 25 46 
 25 45 
 26 44 
 26 43 
 27 42 
 27 41 
 27 40 
 26 39 
 25 39 
 24 40 
 24 41 
 23 42 
 22 43 
 21 43 
 20 42 
 19 43 
 18 43 
 17 43 
 16 43 
 15 42 
 14 42 
 13 41 
 13 40 
 13 39 
 13 38 
 12 37 
 11 36 
 11 35 
 11 34 
 12 33 
 11 32 
 11 31 
 11 30 
 12 30 
 13 29 
 13 28 
 14 27 
 15 26 
 15 25 
 16 24 
 17 24 
 18 23 
 18 22 
 19 22 
 20 22 
 21 21 
 22 21 
 23 20 
 24 20 
 25 19 
 25 18 
 26 17 
 27 16 
 28 15 
 29 14 
 29 13 
 30 13 
 31 12 
 31 11 
 32 11 
 33 10 
 34 10 
 35 9 
 36 9 
 37 8 
 38 7 
 38 6 
 39 5 
 40 5 
 41 4