 
 75 4 
 76 3 
 77 4 
 78 4 
 79 4 
 80 5 
 81 6 
 82 7 
 82 8 
 83 9 
 83 10 
 84 11 
 84 12 
 84 13 
 85 14 
 84 15 
 85 16 
 85 17 
 86 18 
 87 19 
 87 20 
 88 21 
 89 22 
 90 23 
 91 24 
 92 25 
 93 26 
 94 27 
 95 27 
 95 28 
 96 29 
 97 30 
 98 31 
 99 31 
 99 32 
 100 33 
 101 34 
 101 35 
 102 36 
 102 37 
 101 38 
 102 39 
 102 40 
 102 41 
 101 42 
 102 43 
 102 44 
 101 45 
 102 46 
 102 47 
 101 48 
 102 49 
 102 50 
 103 51 
 103 52 
 103 53 
 104 54 
 104 55 
 105 56 
 105 57 
 105 58 
 106 59 
 107 59 
 108 60 
 108 61 
 108 62 
 108 63 
 108 64 
 109 65 
 109 66 
 110 67 
 109 68 
 109 69 
 109 70 
 110 71 
 110 72 
 111 73 
 110 74 
 110 75 
 110 76 
 110 77 
 111 78 
 110 79 
 109 80 
 109 81 
 109 82 
 108 83 
 108 84 
 108 85 
 108 86 
 109 87 
 108 88 
 108 89 
 108 90 
 108 91 
 108 92 
 108 93 
 107 94 
 107 95 
 107 96 
 107 97 
 107 98 
 107 99 
 106 99 
 105 100 
 104 99 
 103 100 
 102 99 
 101 100 
 100 99 
 99 99 
 99 98 
 100 97 
 100 96 
 101 95 
 102 95 
 103 94 
 103 93 
 103 92 
 103 91 
 104 90 
 104 89 
 104 88 
 104 87 
 104 86 
 105 85 
 104 84 
 104 83 
 105 82 
 105 81 
 105 80 
 105 79 
 105 78 
 105 77 
 105 76 
 104 75 
 103 74 
 102 74 
 101 73 
 101 72 
 102 71 
 101 70 
 101 69 
 100 68 
 99 67 
 99 66 
 98 65 
 98 64 
 97 63 
 96 62 
 95 62 
 96 61 
 95 60 
 94 59 
 94 58 
 93 57 
 92 56 
 91 57 
 91 58 
 91 59 
 92 60 
 92 61 
 92 62 
 91 63 
 91 64 
 91 65 
 92 66 
 91 67 
 91 68 
 90 69 
 90 70 
 91 71 
 91 72 
 92 73 
 91 74 
 90 74 
 89 74 
 88 75 
 87 75 
 86 76 
 85 77 
 86 78 
 86 79 
 85 80 
 85 81 
 84 82 
 83 83 
 84 84 
 83 85 
 83 86 
 83 87 
 83 88 
 82 89 
 82 90 
 82 91 
 82 92 
 82 93 
 81 94 
 81 95 
 81 96 
 81 97 
 80 98 
 80 99 
 79 99 
 78 99 
 77 98 
 76 98 
 75 98 
 74 98 
 73 98 
 73 97 
 74 96 
 75 95 
 76 95 
 77 94 
 78 93 
 79 92 
 79 91 
 79 90 
 80 89 
 80 88 
 80 87 
 80 86 
 81 85 
 81 84 
 81 83 
 81 82 
 82 81 
 81 80 
 81 79 
 81 78 
 82 77 
 82 76 
 81 75 
 80 74 
 79 74 
 78 74 
 77 73 
 76 72 
 76 71 
 77 70 
 77 69 
 77 68 
 77 67 
 76 66 
 76 65 
 76 64 
 77 63 
 76 62 
 76 61 
 75 60 
 76 59 
 75 58 
 74 57 
 73 58 
 72 59 
 71 59 
 70 60 
 69 61 
 68 61 
 67 61 
 66 62 
 65 62 
 64 62 
 63 62 
 62 62 
 61 62 
 60 62 
 59 63 
 58 62 
 57 62 
 56 62 
 55 63 
 54 64 
 54 65 
 54 66 
 54 67 
 54 68 
 53 69 
 54 70 
 53 71 
 54 72 
 53 73 
 52 73 
 51 73 
 50 74 
 50 75 
 49 76 
 49 77 
 49 78 
 50 79 
 50 80 
 49 81 
 49 82 
 49 83 
 49 84 
 49 85 
 49 86 
 49 87 
 48 88 
 49 89 
 48 90 
 49 91 
 48 92 
 49 93 
 48 94 
 49 95 
 48 96 
 49 97 
 48 98 
 47 98 
 46 98 
 45 98 
 44 98 
 43 98 
 42 98 
 41 98 
 40 98 
 39 98 
 38 98 
 37 97 
 36 98 
 35 98 
 36 97 
 36 96 
 36 95 
 36 94 
 37 94 
 38 93 
 39 93 
 40 92 
 41 92 
 42 91 
 42 90 
 43 89 
 43 88 
 43 87 
 44 86 
 44 85 
 44 84 
 44 83 
 43 82 
 43 81 
 42 80 
 42 79 
 43 78 
 44 77 
 44 76 
 44 75 
 43 74 
 42 74 
 41 74 
 41 73 
 40 72 
 40 71 
 41 70 
 40 69 
 40 68 
 40 67 
 40 66 
 40 65 
 40 64 
 40 63 
 41 62 
 41 61 
 41 60 
 40 59 
 40 58 
 40 57 
 40 56 
 39 55 
 38 55 
 37 56 
 38 57 
 37 58 
 37 59 
 37 60 
 36 61 
 36 62 
 35 63 
 35 64 
 34 65 
 33 66 
 32 66 
 31 67 
 30 68 
 29 68 
 28 69 
 27 69 
 26 70 
 25 71 
 24 71 
 24 70 
 25 69 
 25 68 
 25 67 
 25 66 
 25 65 
 24 64 
 23 64 
 24 63 
 23 62 
 22 61 
 21 60 
 20 60 
 19 59 
 19 58 
 19 57 
 18 56 
 17 55 
 16 55 
 15 54 
 15 53 
 14 52 
 14 51 
 13 50 
 12 50 
 12 49 
 11 48 
 11 47 
 12 46 
 12 45 
 12 44 
 11 43 
 10 43 
 10 42 
 10 41 
 11 40 
 11 39 
 10 38 
 10 37 
 11 36 
 11 35 
 12 34 
 12 33 
 12 32 
 12 31 
 13 30 
 14 30 
 15 29 
 15 28 
 16 27 
 17 26 
 17 25 
 16 24 
 15 23 
 14 23 
 13 22 
 12 22 
 11 22 
 10 22 
 9 22 
 8 22 
 7 22 
 6 22 
 5 22 
 4 21 
 3 20 
 4 19 
 3 18 
 4 17 
 5 16 
 6 15 
 7 15 
 8 15 
 9 15 
 10 14 
 11 14 
 12 14 
 13 13 
 14 14 
 15 13 
 16 13 
 17 13 
 18 13 
 19 12 
 20 12 
 21 11 
 22 11 
 23 10 
 24 9 
 25 9 
 26 9 
 27 9 
 28 9 
 29 8 
 29 7 
 30 6 
 31 5 
 32 5 
 32 6 
 32 7 
 32 8 
 32 9 
 32 10 
 32 11 
 33 12 
 34 11 
 35 11 
 36 12 
 36 13 
 37 14 
 36 15 
 37 16 
 38 17 
 39 18 
 38 19 
 39 20 
 38 21 
 39 22 
 38 23 
 39 24 
 38 25 
 39 26 
 38 27 
 38 28 
 38 29 
 38 30 
 37 31 
 36 32 
 36 33 
 36 34 
 35 35 
 34 35 
 33 36 
 33 37 
 32 38 
 33 39 
 34 40 
 35 39 
 36 38 
 37 38 
 38 37 
 38 36 
 39 35 
 39 34 
 40 33 
 40 32 
 41 31 
 41 30 
 42 29 
 42 28 
 43 27 
 43 26 
 44 25 
 44 24 
 45 23 
 45 22 
 46 21 
 46 20 
 46 19 
 47 18 
 47 17 
 47 16 
 47 15 
 48 14 
 48 13 
 49 12 
 49 11 
 50 10 
 50 9 
 51 8 
 52 7 
 53 6 
 54 5 
 55 5 
 56 5 
 57 5 
 58 5 
 59 6 
 60 6 
 61 7 
 62 8 
 62 9 
 63 10 
 63 11 
 64 12 
 64 13 
 64 14 
 65 15 
 66 16 
 67 15 
 68 14 
 68 13 
 68 12 
 68 11 
 69 10 
 69 9 
 69 8 
 70 7 
 71 6 
 72 5 
 73 4 
 74 3