 
 13 4 
 14 3 
 15 4 
 16 4 
 17 4 
 18 5 
 19 5 
 20 6 
 21 7 
 22 8 
 23 9 
 24 9 
 25 10 
 26 11 
 27 11 
 28 11 
 29 11 
 30 12 
 31 12 
 32 11 
 33 10 
 34 10 
 35 9 
 36 9 
 37 9 
 38 8 
 39 8 
 40 7 
 41 7 
 42 6 
 43 5 
 44 6 
 45 5 
 46 5 
 47 5 
 48 4 
 49 5 
 50 4 
 51 4 
 52 4 
 53 4 
 54 4 
 55 4 
 56 4 
 57 4 
 58 4 
 59 4 
 60 4 
 61 4 
 62 4 
 63 4 
 64 5 
 65 4 
 66 5 
 67 5 
 68 5 
 69 6 
 70 6 
 71 6 
 72 7 
 73 7 
 74 8 
 75 8 
 76 8 
 77 9 
 78 9 
 79 9 
 80 10 
 81 10 
 82 10 
 83 11 
 84 12 
 85 12 
 86 13 
 87 14 
 88 14 
 89 15 
 90 16 
 91 17 
 92 17 
 93 18 
 94 19 
 95 20 
 96 21 
 97 22 
 98 23 
 99 23 
 100 24 
 101 24 
 102 25 
 103 24 
 104 25 
 105 26 
 106 26 
 107 26 
 108 27 
 109 27 
 110 28 
 110 29 
 109 30 
 108 30 
 107 31 
 106 31 
 105 31 
 104 32 
 103 33 
 102 34 
 101 34 
 100 34 
 99 34 
 98 34 
 97 33 
 96 33 
 95 32 
 94 32 
 93 32 
 92 32 
 91 31 
 90 31 
 89 30 
 88 30 
 87 31 
 86 31 
 85 32 
 85 33 
 85 34 
 85 35 
 85 36 
 84 37 
 85 38 
 84 39 
 85 40 
 84 41 
 84 42 
 84 43 
 84 44 
 85 45 
 85 46 
 86 47 
 86 48 
 87 49 
 88 50 
 89 50 
 90 50 
 91 50 
 92 50 
 93 49 
 94 50 
 94 51 
 93 50 
 92 51 
 92 52 
 91 51 
 90 51 
 89 52 
 90 53 
 91 54 
 92 54 
 93 54 
 94 54 
 95 54 
 96 55 
 96 56 
 95 57 
 94 57 
 93 56 
 92 56 
 91 55 
 90 55 
 89 56 
 88 57 
 87 58 
 86 59 
 86 60 
 85 61 
 84 62 
 84 63 
 84 64 
 83 64 
 82 65 
 82 66 
 82 67 
 81 67 
 81 66 
 81 65 
 81 64 
 82 63 
 82 62 
 83 61 
 82 60 
 81 60 
 80 61 
 79 61 
 80 60 
 80 59 
 81 58 
 82 58 
 83 57 
 84 57 
 85 56 
 86 55 
 86 54 
 86 53 
 86 52 
 85 51 
 85 50 
 85 49 
 84 48 
 83 47 
 83 46 
 83 45 
 82 44 
 81 43 
 80 43 
 79 43 
 78 43 
 77 42 
 76 43 
 75 43 
 74 44 
 73 44 
 72 45 
 71 46 
 70 46 
 69 46 
 68 46 
 67 47 
 66 46 
 65 46 
 64 47 
 63 46 
 62 46 
 61 46 
 60 46 
 59 46 
 58 46 
 57 45 
 56 45 
 55 45 
 54 44 
 53 44 
 52 44 
 51 43 
 50 43 
 49 43 
 48 42 
 47 42 
 46 42 
 45 42 
 44 41 
 43 41 
 42 41 
 41 40 
 40 40 
 39 40 
 38 39 
 37 39 
 36 38 
 35 38 
 34 38 
 33 37 
 32 37 
 31 37 
 30 36 
 29 36 
 28 36 
 27 35 
 26 35 
 25 34 
 25 33 
 24 32 
 23 32 
 23 31 
 22 30 
 21 29 
 21 28 
 20 27 
 20 26 
 20 25 
 19 24 
 19 23 
 18 22 
 18 21 
 17 20 
 16 19 
 15 18 
 14 18 
 13 18 
 12 17 
 11 17 
 10 17 
 9 17 
 8 16 
 7 17 
 6 17 
 7 16 
 6 15 
 5 16 
 4 16 
 3 15 
 4 14 
 4 13 
 4 12 
 4 11 
 4 10 
 4 9 
 5 8 
 6 7 
 6 6 
 7 6 
 8 5 
 9 4 
 10 4 
 11 4 
 12 3