 
 89 5 
 90 5 
 91 5 
 92 5 
 93 5 
 94 5 
 95 5 
 96 5 
 97 5 
 98 5 
 99 5 
 100 5 
 101 6 
 101 7 
 102 8 
 102 9 
 102 10 
 102 11 
 103 12 
 104 12 
 103 13 
 104 14 
 105 14 
 106 15 
 107 15 
 108 15 
 109 15 
 110 15 
 111 15 
 112 15 
 113 15 
 114 15 
 114 16 
 114 17 
 115 18 
 115 19 
 115 20 
 116 21 
 116 22 
 116 23 
 117 24 
 117 25 
 117 26 
 117 27 
 116 28 
 116 29 
 115 30 
 115 31 
 114 32 
 113 33 
 113 34 
 112 35 
 111 35 
 110 35 
 109 35 
 108 34 
 107 34 
 106 34 
 105 34 
 104 34 
 103 33 
 102 33 
 101 32 
 100 32 
 99 32 
 98 32 
 97 31 
 96 31 
 95 32 
 94 33 
 93 34 
 92 34 
 91 35 
 90 36 
 89 37 
 88 38 
 87 39 
 86 40 
 85 41 
 84 42 
 83 43 
 82 44 
 81 44 
 80 45 
 79 46 
 78 47 
 77 48 
 76 48 
 75 49 
 74 50 
 73 51 
 72 52 
 71 53 
 70 54 
 69 54 
 68 55 
 67 56 
 66 57 
 65 58 
 64 59 
 63 60 
 62 60 
 61 61 
 61 62 
 60 63 
 60 64 
 60 65 
 60 66 
 60 67 
 59 68 
 59 69 
 59 70 
 58 71 
 58 72 
 58 73 
 58 74 
 57 75 
 57 76 
 56 77 
 56 78 
 56 79 
 55 80 
 55 81 
 54 82 
 55 83 
 55 84 
 54 84 
 53 85 
 54 86 
 54 87 
 54 88 
 53 88 
 52 89 
 52 90 
 51 91 
 52 92 
 51 93 
 51 94 
 51 95 
 50 96 
 50 97 
 49 98 
 49 99 
 49 100 
 49 101 
 48 102 
 48 103 
 49 104 
 49 105 
 49 106 
 49 107 
 49 108 
 50 109 
 50 110 
 50 111 
 51 112 
 51 113 
 51 114 
 51 115 
 50 116 
 50 117 
 49 117 
 48 118 
 47 119 
 46 119 
 45 119 
 44 120 
 43 121 
 42 122 
 41 121 
 40 121 
 39 120 
 38 120 
 37 119 
 36 119 
 35 119 
 34 118 
 33 118 
 32 118 
 33 117 
 33 116 
 33 115 
 33 114 
 34 113 
 34 112 
 35 111 
 34 110 
 33 110 
 32 109 
 31 109 
 30 109 
 29 109 
 28 109 
 27 109 
 26 109 
 25 109 
 25 108 
 25 107 
 25 106 
 24 105 
 24 104 
 24 103 
 23 102 
 23 101 
 23 100 
 23 99 
 24 98 
 25 98 
 26 97 
 27 96 
 28 96 
 29 95 
 29 94 
 30 94 
 31 94 
 32 94 
 33 94 
 34 95 
 35 95 
 35 96 
 36 97 
 37 97 
 38 97 
 39 98 
 40 98 
 41 97 
 42 96 
 42 95 
 42 94 
 43 93 
 43 92 
 43 91 
 44 90 
 44 89 
 44 88 
 44 87 
 44 86 
 44 85 
 45 84 
 45 83 
 45 82 
 45 81 
 46 80 
 47 79 
 47 78 
 47 77 
 48 76 
 47 75 
 47 74 
 48 73 
 48 72 
 48 71 
 49 70 
 49 69 
 49 68 
 49 67 
 50 66 
 50 65 
 51 64 
 51 63 
 51 62 
 51 61 
 51 60 
 52 59 
 52 58 
 52 57 
 52 56 
 52 55 
 53 54 
 54 53 
 55 53 
 56 52 
 57 51 
 58 50 
 59 49 
 60 48 
 61 48 
 62 47 
 63 46 
 64 45 
 65 44 
 66 44 
 67 43 
 68 42 
 69 41 
 70 40 
 71 39 
 72 38 
 73 37 
 74 36 
 75 36 
 76 35 
 77 34 
 78 33 
 79 32 
 80 32 
 81 32 
 82 31 
 83 30 
 84 29 
 85 28 
 85 27 
 86 28 
 87 27 
 86 26 
 86 25 
 86 24 
 86 23 
 85 22 
 85 21 
 85 20 
 84 19 
 84 18 
 83 17 
 83 16 
 82 15 
 82 14 
 83 13 
 84 12 
 85 11 
 85 10 
 85 9 
 86 8 
 87 8 
 88 7 
 89 6 
 88 5