 
 16 4 
 17 3 
 18 4 
 19 4 
 20 3 
 21 4 
 22 4 
 23 4 
 24 5 
 25 6 
 26 7 
 27 8 
 28 9 
 29 10 
 29 11 
 30 12 
 30 13 
 30 14 
 30 15 
 31 16 
 31 17 
 31 18 
 31 19 
 30 20 
 31 21 
 31 22 
 32 23 
 33 24 
 34 25 
 35 25 
 36 26 
 37 26 
 38 27 
 39 27 
 40 27 
 41 27 
 42 27 
 43 27 
 44 28 
 45 28 
 46 28 
 47 29 
 48 29 
 49 30 
 50 30 
 51 30 
 52 31 
 53 31 
 54 32 
 55 32 
 56 32 
 57 32 
 58 33 
 59 33 
 60 33 
 61 34 
 62 34 
 63 35 
 64 35 
 65 36 
 66 36 
 67 37 
 68 38 
 69 38 
 70 39 
 71 40 
 72 41 
 73 41 
 73 42 
 74 43 
 75 43 
 76 44 
 77 45 
 78 45 
 79 46 
 80 47 
 81 48 
 82 49 
 82 50 
 83 51 
 84 52 
 84 53 
 85 54 
 86 55 
 87 56 
 88 57 
 88 58 
 89 59 
 90 59 
 91 60 
 91 61 
 92 62 
 93 63 
 94 64 
 95 65 
 96 66 
 97 67 
 98 67 
 99 68 
 100 69 
 101 70 
 102 70 
 103 71 
 104 72 
 105 73 
 106 74 
 107 75 
 108 76 
 108 77 
 109 78 
 110 78 
 110 79 
 110 80 
 111 81 
 110 82 
 110 83 
 111 84 
 110 85 
 110 86 
 110 87 
 111 88 
 110 89 
 109 90 
 108 90 
 107 91 
 106 91 
 105 91 
 104 90 
 103 90 
 102 90 
 101 89 
 100 89 
 99 89 
 98 88 
 97 88 
 96 88 
 95 88 
 94 87 
 93 86 
 92 85 
 92 84 
 91 83 
 90 82 
 90 81 
 89 80 
 88 79 
 87 78 
 86 77 
 85 78 
 84 77 
 83 78 
 82 78 
 81 78 
 80 78 
 79 78 
 78 79 
 77 79 
 76 79 
 75 79 
 74 79 
 73 80 
 72 80 
 71 80 
 70 80 
 69 81 
 68 81 
 67 81 
 66 81 
 65 81 
 64 81 
 63 81 
 62 81 
 61 81 
 60 81 
 59 81 
 58 81 
 57 81 
 56 81 
 55 81 
 54 81 
 53 81 
 52 81 
 51 81 
 50 81 
 49 81 
 48 82 
 48 83 
 47 84 
 47 85 
 47 86 
 46 87 
 46 88 
 46 89 
 45 90 
 44 91 
 43 92 
 43 93 
 43 94 
 44 95 
 44 96 
 45 97 
 46 97 
 46 98 
 47 99 
 48 99 
 47 100 
 46 99 
 45 99 
 44 100 
 43 101 
 42 101 
 41 101 
 40 101 
 39 101 
 38 102 
 38 103 
 37 103 
 36 103 
 35 104 
 34 103 
 33 103 
 32 103 
 31 103 
 30 102 
 29 101 
 28 102 
 27 101 
 26 101 
 25 101 
 24 101 
 25 100 
 25 99 
 26 98 
 27 98 
 28 98 
 29 98 
 30 98 
 31 97 
 31 96 
 32 95 
 33 95 
 34 95 
 35 96 
 36 95 
 37 95 
 38 95 
 39 94 
 40 93 
 40 92 
 41 91 
 41 90 
 41 89 
 41 88 
 42 87 
 42 86 
 42 85 
 43 84 
 43 83 
 43 82 
 42 81 
 42 80 
 42 79 
 41 78 
 40 78 
 39 77 
 38 77 
 37 76 
 36 76 
 35 75 
 34 75 
 33 74 
 32 74 
 31 73 
 30 72 
 29 71 
 28 71 
 27 70 
 26 69 
 25 68 
 24 68 
 23 67 
 23 66 
 22 65 
 21 65 
 20 64 
 19 63 
 19 62 
 18 61 
 17 60 
 16 59 
 16 58 
 15 57 
 14 56 
 13 55 
 13 54 
 12 53 
 11 52 
 11 51 
 11 50 
 11 49 
 10 48 
 10 47 
 10 46 
 10 45 
 9 44 
 10 43 
 9 42 
 10 41 
 9 40 
 10 39 
 9 38 
 10 37 
 10 36 
 10 35 
 10 34 
 11 33 
 11 32 
 11 31 
 12 30 
 11 29 
 11 28 
 12 27 
 11 26 
 11 25 
 10 24 
 10 23 
 10 22 
 9 21 
 9 20 
 8 19 
 8 18 
 7 17 
 6 16 
 5 16 
 4 16 
 3 15 
 4 14 
 4 13 
 4 12 
 5 12 
 6 11 
 7 11 
 8 10 
 8 9 
 8 8 
 9 7 
 10 6 
 11 5 
 12 4 
 13 4 
 14 4 
 15 3