 
 19 5 
 20 5 
 21 5 
 22 5 
 23 5 
 24 6 
 25 6 
 26 7 
 27 7 
 28 8 
 29 9 
 30 10 
 30 11 
 31 12 
 31 13 
 32 14 
 33 15 
 33 16 
 34 17 
 34 18 
 34 19 
 34 20 
 34 21 
 35 22 
 35 23 
 35 24 
 35 25 
 35 26 
 34 27 
 34 28 
 34 29 
 34 30 
 34 31 
 34 32 
 35 33 
 36 34 
 36 35 
 37 36 
 37 37 
 38 38 
 39 39 
 39 40 
 40 41 
 41 42 
 42 42 
 43 42 
 44 43 
 45 43 
 46 43 
 47 43 
 48 44 
 49 44 
 50 44 
 51 45 
 52 45 
 53 45 
 54 46 
 55 46 
 56 46 
 56 47 
 57 48 
 58 48 
 59 49 
 60 50 
 61 50 
 62 51 
 63 52 
 64 53 
 65 53 
 65 54 
 66 55 
 67 55 
 68 56 
 69 57 
 70 57 
 70 58 
 71 59 
 72 59 
 73 60 
 74 61 
 75 62 
 76 63 
 76 64 
 77 65 
 78 66 
 78 67 
 79 68 
 80 69 
 81 70 
 82 71 
 82 72 
 83 73 
 84 74 
 84 75 
 85 76 
 85 77 
 86 78 
 87 79 
 88 80 
 89 80 
 89 81 
 90 82 
 91 82 
 91 83 
 92 84 
 93 85 
 94 85 
 95 86 
 96 86 
 97 87 
 98 88 
 99 88 
 100 89 
 101 90 
 102 90 
 103 91 
 104 91 
 105 92 
 106 93 
 107 94 
 108 94 
 109 95 
 109 96 
 110 97 
 111 97 
 112 98 
 112 99 
 113 100 
 113 101 
 113 102 
 114 103 
 114 104 
 114 105 
 114 106 
 114 107 
 114 108 
 113 109 
 112 110 
 112 111 
 111 112 
 110 113 
 109 113 
 108 114 
 107 114 
 106 115 
 105 115 
 104 115 
 103 115 
 102 115 
 101 115 
 100 115 
 99 115 
 98 114 
 97 113 
 96 112 
 95 112 
 95 111 
 94 110 
 93 109 
 92 108 
 92 107 
 91 106 
 90 106 
 90 105 
 89 104 
 88 103 
 87 102 
 86 101 
 85 100 
 84 99 
 83 98 
 82 98 
 81 98 
 80 98 
 79 98 
 78 97 
 77 97 
 76 97 
 75 97 
 74 96 
 73 96 
 72 96 
 71 96 
 70 96 
 69 95 
 68 95 
 67 95 
 66 96 
 66 97 
 65 97 
 64 96 
 63 97 
 62 97 
 61 98 
 61 99 
 61 100 
 60 101 
 60 102 
 60 103 
 59 104 
 59 105 
 59 106 
 59 107 
 58 108 
 58 109 
 58 110 
 58 111 
 57 111 
 56 112 
 55 111 
 54 111 
 53 112 
 52 113 
 51 114 
 51 115 
 50 115 
 49 115 
 48 116 
 47 116 
 46 116 
 45 117 
 44 116 
 43 117 
 42 117 
 41 117 
 40 117 
 39 117 
 38 117 
 37 117 
 36 116 
 37 115 
 36 114 
 35 114 
 34 114 
 34 113 
 33 112 
 32 113 
 31 113 
 31 112 
 32 111 
 33 111 
 34 111 
 35 110 
 36 111 
 37 111 
 38 110 
 39 111 
 40 110 
 41 110 
 42 109 
 42 108 
 41 107 
 40 107 
 40 106 
 41 106 
 42 105 
 43 105 
 44 105 
 45 105 
 46 105 
 47 104 
 48 103 
 48 102 
 48 101 
 47 100 
 47 99 
 46 98 
 46 97 
 45 96 
 44 95 
 43 94 
 42 93 
 41 92 
 40 91 
 39 91 
 39 90 
 38 89 
 37 89 
 36 88 
 35 87 
 34 87 
 33 86 
 32 85 
 31 84 
 30 84 
 29 83 
 28 83 
 28 82 
 27 81 
 26 80 
 26 79 
 25 78 
 24 78 
 24 77 
 23 76 
 22 75 
 22 74 
 21 73 
 21 72 
 20 71 
 20 70 
 19 69 
 18 68 
 18 67 
 18 66 
 18 65 
 17 64 
 17 63 
 17 62 
 16 61 
 16 60 
 16 59 
 16 58 
 15 57 
 15 56 
 15 55 
 15 54 
 15 53 
 14 52 
 14 51 
 14 50 
 15 49 
 15 48 
 15 47 
 15 46 
 16 45 
 16 44 
 17 43 
 17 42 
 17 41 
 18 40 
 19 39 
 18 38 
 19 37 
 19 36 
 19 35 
 19 34 
 19 33 
 19 32 
 20 31 
 20 30 
 21 29 
 20 28 
 21 27 
 20 26 
 19 25 
 19 24 
 18 23 
 17 22 
 16 21 
 15 20 
 14 19 
 14 18 
 14 17 
 13 16 
 12 15 
 11 15 
 10 15 
 9 15 
 8 14 
 8 13 
 8 12 
 9 11 
 10 10 
 11 10 
 12 9 
 13 9 
 14 8 
 15 8 
 16 7 
 17 6 
 18 5