 
 16 4 
 17 4 
 18 4 
 19 4 
 20 4 
 21 4 
 22 4 
 23 4 
 24 4 
 25 4 
 26 4 
 27 4 
 28 4 
 29 4 
 30 5 
 31 5 
 32 5 
 33 6 
 34 6 
 35 7 
 36 7 
 36 8 
 37 9 
 37 10 
 38 11 
 39 11 
 40 11 
 41 11 
 42 11 
 43 11 
 44 12 
 45 11 
 46 11 
 47 12 
 48 11 
 49 11 
 50 12 
 51 11 
 52 11 
 53 12 
 54 12 
 55 12 
 56 12 
 57 12 
 58 12 
 59 11 
 60 11 
 61 12 
 62 11 
 63 11 
 64 12 
 65 11 
 66 11 
 67 10 
 68 10 
 69 10 
 70 10 
 71 9 
 72 10 
 73 10 
 74 9 
 75 9 
 76 9 
 77 9 
 78 9 
 79 10 
 80 9 
 81 10 
 82 11 
 83 12 
 84 13 
 85 13 
 86 13 
 87 13 
 87 14 
 88 15 
 89 15 
 90 16 
 91 17 
 92 17 
 93 16 
 94 16 
 95 16 
 96 15 
 97 14 
 98 14 
 99 13 
 100 13 
 101 14 
 102 14 
 103 13 
 104 12 
 105 12 
 106 12 
 106 13 
 107 14 
 107 15 
 108 16 
 109 17 
 109 18 
 109 19 
 108 19 
 107 20 
 107 21 
 106 22 
 105 23 
 105 24 
 106 25 
 105 26 
 104 27 
 104 28 
 103 28 
 102 29 
 101 30 
 102 31 
 101 32 
 100 32 
 99 33 
 100 34 
 100 35 
 101 36 
 101 37 
 101 38 
 101 39 
 101 40 
 102 41 
 103 41 
 104 42 
 104 43 
 103 42 
 102 42 
 101 42 
 100 42 
 99 43 
 98 44 
 97 43 
 96 44 
 95 44 
 94 44 
 93 45 
 92 45 
 91 45 
 90 45 
 89 44 
 88 45 
 87 46 
 86 46 
 85 45 
 84 44 
 83 43 
 82 43 
 81 43 
 80 42 
 79 41 
 78 40 
 77 40 
 76 40 
 75 39 
 74 38 
 73 37 
 72 37 
 71 37 
 70 37 
 69 37 
 68 37 
 67 36 
 66 37 
 65 37 
 64 37 
 63 37 
 62 38 
 61 39 
 60 39 
 59 38 
 58 39 
 57 39 
 56 38 
 55 39 
 54 39 
 53 40 
 52 40 
 51 40 
 50 41 
 49 40 
 48 40 
 47 40 
 46 40 
 45 40 
 44 40 
 43 40 
 42 41 
 41 41 
 40 40 
 39 40 
 38 39 
 37 39 
 36 39 
 35 38 
 34 38 
 33 37 
 32 36 
 31 36 
 30 35 
 29 35 
 28 35 
 27 35 
 26 34 
 25 34 
 24 34 
 23 33 
 22 33 
 21 33 
 20 34 
 19 33 
 18 34 
 17 35 
 16 34 
 15 34 
 14 35 
 13 36 
 12 36 
 11 37 
 10 37 
 9 37 
 9 36 
 8 35 
 8 34 
 8 33 
 8 32 
 7 31 
 6 30 
 5 30 
 6 29 
 5 28 
 4 27 
 4 26 
 5 26 
 6 26 
 7 25 
 8 24 
 9 23 
 9 22 
 10 22 
 11 21 
 11 20 
 12 20 
 13 19 
 13 18 
 14 18 
 15 17 
 16 16 
 16 15 
 16 14 
 16 13 
 15 12 
 14 11 
 15 10 
 14 9 
 13 9 
 14 8 
 14 7 
 13 6 
 14 5 
 15 4