 
 89 5 
 90 5 
 91 5 
 92 5 
 93 5 
 94 5 
 95 5 
 96 5 
 97 5 
 98 5 
 99 5 
 100 5 
 101 6 
 101 7 
 102 8 
 102 9 
 102 10 
 102 11 
 103 12 
 104 12 
 103 13 
 104 14 
 105 14 
 106 15 
 107 15 
 108 15 
 109 15 
 110 15 
 111 15 
 112 15 
 113 15 
 114 15 
 114 16 
 114 17 
 115 18 
 115 19 
 115 20 
 115 21 
 116 22 
 116 23 
 117 24 
 117 25 
 117 26 
 117 27 
 116 28 
 116 29 
 115 30 
 115 31 
 114 32 
 113 33 
 113 34 
 112 35 
 111 35 
 110 35 
 109 35 
 108 34 
 107 34 
 106 34 
 105 34 
 104 34 
 103 33 
 102 33 
 101 32 
 100 32 
 99 32 
 98 32 
 97 31 
 96 31 
 95 32 
 96 33 
 95 34 
 94 34 
 93 35 
 94 36 
 93 37 
 93 38 
 92 38 
 91 39 
 91 40 
 90 41 
 89 42 
 89 43 
 88 44 
 88 45 
 87 46 
 86 47 
 86 48 
 85 49 
 85 50 
 84 51 
 83 52 
 82 53 
 82 54 
 81 55 
 80 56 
 80 57 
 80 58 
 80 59 
 79 60 
 78 60 
 77 61 
 78 62 
 77 63 
 76 64 
 75 65 
 74 66 
 74 67 
 73 68 
 72 69 
 72 70 
 72 71 
 71 72 
 70 73 
 69 74 
 69 75 
 68 76 
 68 77 
 67 78 
 66 79 
 65 80 
 65 81 
 64 82 
 64 83 
 63 84 
 63 85 
 63 86 
 62 87 
 61 87 
 60 88 
 61 89 
 60 90 
 59 91 
 58 92 
 58 93 
 57 94 
 56 95 
 56 96 
 55 97 
 55 98 
 54 99 
 54 100 
 53 100 
 52 101 
 52 102 
 51 103 
 51 104 
 51 105 
 51 106 
 51 107 
 51 108 
 51 109 
 51 110 
 51 111 
 51 112 
 51 113 
 52 114 
 51 115 
 50 116 
 50 117 
 49 117 
 48 118 
 47 119 
 46 119 
 45 119 
 44 120 
 43 121 
 42 122 
 41 121 
 40 121 
 39 120 
 38 120 
 37 119 
 36 119 
 35 119 
 34 118 
 33 118 
 33 117 
 33 116 
 33 115 
 33 114 
 34 113 
 34 112 
 35 111 
 34 110 
 33 110 
 32 109 
 31 109 
 30 109 
 29 109 
 28 109 
 27 109 
 26 109 
 25 109 
 25 108 
 25 107 
 25 106 
 24 105 
 24 104 
 24 103 
 23 102 
 23 101 
 23 100 
 23 99 
 24 98 
 25 98 
 26 97 
 27 96 
 28 96 
 29 95 
 29 94 
 30 94 
 31 94 
 32 94 
 33 94 
 34 95 
 35 95 
 35 96 
 36 97 
 37 97 
 38 97 
 39 97 
 40 98 
 41 98 
 42 97 
 42 96 
 43 95 
 44 94 
 44 93 
 45 92 
 46 91 
 47 90 
 47 89 
 48 88 
 48 87 
 49 86 
 49 85 
 50 84 
 51 83 
 52 82 
 53 81 
 53 80 
 54 79 
 55 78 
 55 77 
 56 76 
 56 75 
 57 74 
 57 73 
 57 72 
 58 71 
 59 70 
 60 69 
 60 68 
 61 67 
 61 66 
 62 65 
 63 64 
 64 63 
 64 62 
 65 61 
 65 60 
 66 59 
 67 58 
 67 57 
 68 56 
 69 55 
 70 54 
 70 53 
 71 52 
 72 51 
 72 50 
 73 49 
 73 48 
 73 47 
 74 46 
 75 45 
 75 44 
 76 43 
 77 42 
 78 41 
 78 40 
 79 39 
 80 38 
 80 37 
 81 36 
 81 35 
 82 34 
 83 33 
 83 32 
 84 31 
 84 30 
 85 30 
 86 29 
 86 28 
 87 27 
 86 26 
 86 25 
 86 24 
 86 23 
 85 22 
 85 21 
 85 20 
 84 19 
 84 18 
 83 17 
 83 16 
 82 15 
 82 14 
 83 13 
 84 12 
 85 11 
 85 10 
 85 9 
 86 8 
 87 8 
 88 7 
 89 6 
 88 5