 
 92 3 
 93 3 
 94 3 
 95 4 
 96 3 
 97 4 
 98 4 
 99 5 
 100 6 
 101 6 
 102 6 
 103 7 
 103 8 
 104 9 
 105 10 
 106 10 
 107 11 
 108 12 
 109 13 
 109 14 
 109 15 
 110 16 
 110 17 
 111 18 
 111 19 
 112 20 
 112 21 
 112 22 
 112 23 
 111 24 
 112 25 
 111 26 
 112 27 
 111 28 
 110 29 
 109 30 
 109 31 
 108 32 
 107 33 
 106 34 
 105 35 
 106 36 
 105 37 
 105 38 
 104 39 
 104 40 
 104 41 
 103 42 
 103 43 
 103 44 
 102 45 
 101 46 
 101 47 
 100 48 
 101 49 
 100 50 
 100 51 
 99 52 
 99 53 
 99 54 
 99 55 
 98 56 
 98 57 
 97 58 
 97 59 
 97 60 
 97 61 
 97 62 
 97 63 
 97 64 
 96 65 
 95 66 
 95 67 
 94 68 
 94 69 
 93 70 
 92 71 
 91 72 
 90 73 
 89 74 
 88 74 
 87 75 
 87 76 
 86 77 
 85 78 
 86 79 
 86 80 
 87 81 
 88 82 
 89 82 
 90 83 
 91 83 
 91 84 
 90 84 
 89 85 
 89 86 
 89 87 
 88 88 
 88 89 
 88 90 
 88 91 
 88 92 
 88 93 
 88 94 
 87 94 
 86 95 
 85 94 
 85 93 
 86 92 
 86 91 
 86 90 
 85 89 
 84 89 
 83 90 
 82 91 
 82 92 
 81 92 
 80 93 
 80 94 
 79 95 
 79 96 
 78 97 
 77 98 
 76 98 
 75 97 
 76 96 
 77 95 
 77 94 
 78 93 
 78 92 
 79 91 
 79 90 
 78 89 
 77 90 
 76 90 
 77 89 
 77 88 
 78 88 
 79 87 
 80 87 
 81 86 
 82 85 
 82 84 
 82 83 
 81 82 
 81 81 
 80 80 
 79 80 
 78 79 
 77 79 
 76 80 
 75 80 
 74 80 
 73 80 
 72 80 
 71 81 
 70 80 
 69 81 
 68 81 
 67 80 
 66 81 
 65 80 
 64 81 
 63 80 
 62 80 
 61 81 
 60 80 
 59 81 
 58 80 
 57 80 
 56 81 
 55 80 
 54 79 
 53 80 
 52 79 
 51 79 
 50 79 
 49 78 
 48 79 
 47 78 
 46 77 
 45 78 
 44 78 
 43 77 
 42 77 
 41 77 
 40 77 
 39 76 
 38 76 
 37 76 
 36 76 
 35 75 
 34 75 
 33 74 
 32 73 
 31 73 
 31 72 
 30 71 
 29 70 
 28 69 
 27 68 
 26 67 
 25 67 
 25 66 
 24 65 
 23 65 
 22 65 
 21 64 
 20 63 
 19 63 
 19 62 
 18 61 
 17 60 
 16 59 
 15 59 
 14 59 
 13 59 
 12 60 
 12 61 
 11 61 
 10 62 
 9 63 
 9 64 
 8 63 
 7 63 
 6 62 
 7 61 
 6 60 
 6 59 
 6 58 
 6 57 
 5 56 
 5 55 
 4 54 
 5 53 
 4 52 
 4 51 
 4 50 
 4 49 
 4 48 
 4 47 
 4 46 
 4 45 
 4 44 
 5 44 
 6 44 
 7 43 
 8 44 
 9 44 
 10 44 
 11 44 
 12 43 
 13 43 
 14 43 
 15 44 
 16 44 
 17 44 
 18 44 
 19 44 
 20 45 
 21 45 
 21 46 
 22 47 
 23 47 
 23 48 
 24 49 
 25 49 
 26 50 
 27 49 
 28 50 
 29 50 
 30 51 
 31 50 
 32 50 
 33 49 
 34 49 
 35 49 
 36 48 
 37 47 
 38 46 
 39 46 
 40 46 
 41 46 
 42 45 
 43 45 
 44 45 
 45 44 
 46 45 
 47 44 
 48 44 
 49 43 
 50 42 
 51 42 
 52 42 
 53 41 
 54 41 
 55 40 
 56 40 
 57 40 
 58 39 
 59 39 
 60 38 
 61 39 
 62 38 
 63 38 
 64 38 
 65 38 
 66 38 
 67 38 
 68 37 
 69 36 
 70 36 
 71 36 
 72 36 
 73 36 
 74 35 
 75 35 
 76 35 
 77 35 
 78 34 
 79 34 
 80 33 
 81 33 
 82 32 
 83 32 
 84 32 
 85 32 
 86 31 
 87 30 
 88 29 
 89 28 
 89 27 
 90 26 
 91 25 
 91 24 
 90 23 
 91 22 
 90 21 
 91 20 
 90 19 
 90 18 
 89 17 
 89 16 
 89 15 
 89 14 
 88 13 
 88 12 
 88 11 
 88 10 
 88 9 
 88 8 
 88 7 
 88 6 
 89 5 
 90 4 
 91 3