 
 49 4 
 50 5 
 50 6 
 51 7 
 52 7 
 53 7 
 54 7 
 55 7 
 55 8 
 56 9 
 56 10 
 57 11 
 57 12 
 58 13 
 59 13 
 60 14 
 59 15 
 59 16 
 59 17 
 60 18 
 60 19 
 60 20 
 60 21 
 60 22 
 59 23 
 60 24 
 60 25 
 61 26 
 61 27 
 61 28 
 60 29 
 59 30 
 58 31 
 59 32 
 59 33 
 60 34 
 59 35 
 59 36 
 59 37 
 58 38 
 57 38 
 56 39 
 56 40 
 57 41 
 58 41 
 58 42 
 58 43 
 58 44 
 59 45 
 58 46 
 58 47 
 57 48 
 58 49 
 59 50 
 60 51 
 61 51 
 62 51 
 63 51 
 64 52 
 65 52 
 66 52 
 67 51 
 68 51 
 69 50 
 70 49 
 71 48 
 72 47 
 72 46 
 73 45 
 74 44 
 75 44 
 76 43 
 76 42 
 77 41 
 77 40 
 78 39 
 79 38 
 80 38 
 81 37 
 82 36 
 83 35 
 84 35 
 85 34 
 86 33 
 87 34 
 88 35 
 88 36 
 88 37 
 89 38 
 90 37 
 91 36 
 92 36 
 93 36 
 94 36 
 95 36 
 96 36 
 97 36 
 98 37 
 99 37 
 100 37 
 101 38 
 102 39 
 103 39 
 104 40 
 105 41 
 106 42 
 106 43 
 106 44 
 106 45 
 106 46 
 107 47 
 107 48 
 108 49 
 108 50 
 108 51 
 109 52 
 110 53 
 109 54 
 110 55 
 111 55 
 111 56 
 112 57 
 112 58 
 113 59 
 113 60 
 113 61 
 114 62 
 114 63 
 115 64 
 116 65 
 117 66 
 117 67 
 118 68 
 118 69 
 118 70 
 118 71 
 118 72 
 119 73 
 119 74 
 119 75 
 119 76 
 119 77 
 119 78 
 119 79 
 118 80 
 118 81 
 117 82 
 118 83 
 118 84 
 119 85 
 119 86 
 119 87 
 119 88 
 120 89 
 119 90 
 119 91 
 119 92 
 118 93 
 118 94 
 117 95 
 116 96 
 116 97 
 115 97 
 114 97 
 113 98 
 112 98 
 111 97 
 110 96 
 110 95 
 110 94 
 109 93 
 109 92 
 109 91 
 109 90 
 109 89 
 109 88 
 109 87 
 110 86 
 110 85 
 111 84 
 112 83 
 112 82 
 113 81 
 114 80 
 114 79 
 114 78 
 114 77 
 113 76 
 112 77 
 111 78 
 110 79 
 109 80 
 108 81 
 107 82 
 107 83 
 106 84 
 105 85 
 105 86 
 105 87 
 105 88 
 105 89 
 106 90 
 106 91 
 106 92 
 105 93 
 106 94 
 106 95 
 106 96 
 106 97 
 106 98 
 107 99 
 108 99 
 108 100 
 109 101 
 110 102 
 110 103 
 111 104 
 110 105 
 111 106 
 111 107 
 111 108 
 110 109 
 110 110 
 110 111 
 111 112 
 111 113 
 112 114 
 112 115 
 112 116 
 112 117 
 113 118 
 113 119 
 113 120 
 113 121 
 112 122 
 113 123 
 113 124 
 114 125 
 114 126 
 114 127 
 114 128 
 114 129 
 114 130 
 114 131 
 113 132 
 112 132 
 111 133 
 110 133 
 109 133 
 108 133 
 107 133 
 106 133 
 105 133 
 104 134 
 103 133 
 102 133 
 101 133 
 101 132 
 100 131 
 99 130 
 99 129 
 99 128 
 100 127 
 101 127 
 102 126 
 103 125 
 104 125 
 105 125 
 106 125 
 107 124 
 108 123 
 108 122 
 108 121 
 107 120 
 107 119 
 107 118 
 107 117 
 107 116 
 106 115 
 106 114 
 105 113 
 105 112 
 104 111 
 104 110 
 104 109 
 103 108 
 102 107 
 101 106 
 101 105 
 101 104 
 101 103 
 100 102 
 100 101 
 100 100 
 100 99 
 99 98 
 99 97 
 99 96 
 98 95 
 98 94 
 97 93 
 96 92 
 96 91 
 95 90 
 94 90 
 93 91 
 93 92 
 93 93 
 92 94 
 92 95 
 91 96 
 90 97 
 91 98 
 90 99 
 91 100 
 90 101 
 90 102 
 89 103 
 89 104 
 88 105 
 87 106 
 87 107 
 86 108 
 86 109 
 86 110 
 86 111 
 85 112 
 85 113 
 85 114 
 84 115 
 84 116 
 83 117 
 83 118 
 82 119 
 82 120 
 81 121 
 81 122 
 81 123 
 80 122 
 79 123 
 78 122 
 78 121 
 78 120 
 78 119 
 78 118 
 78 117 
 78 116 
 78 115 
 78 114 
 78 113 
 79 112 
 79 111 
 79 110 
 79 109 
 80 108 
 80 107 
 80 106 
 81 105 
 81 104 
 80 103 
 80 102 
 81 101 
 82 100 
 82 99 
 83 98 
 84 97 
 85 96 
 85 95 
 86 94 
 86 93 
 86 92 
 87 91 
 87 90 
 87 89 
 86 88 
 85 87 
 84 88 
 83 87 
 82 87 
 81 87 
 80 87 
 79 87 
 78 87 
 77 88 
 76 87 
 75 87 
 74 87 
 73 87 
 72 88 
 72 89 
 72 90 
 73 91 
 72 92 
 72 93 
 72 94 
 72 95 
 73 96 
 74 97 
 75 98 
 76 99 
 76 100 
 75 101 
 75 102 
 75 103 
 75 104 
 76 105 
 75 106 
 75 107 
 75 108 
 76 109 
 75 110 
 75 111 
 75 112 
 76 113 
 75 114 
 75 115 
 75 116 
 75 117 
 75 118 
 75 119 
 74 120 
 75 121 
 75 122 
 74 123 
 73 124 
 72 124 
 72 123 
 72 122 
 71 121 
 72 120 
 71 119 
 72 118 
 71 117 
 71 116 
 71 115 
 70 114 
 70 113 
 69 112 
 69 111 
 69 110 
 68 109 
 69 108 
 69 107 
 68 106 
 67 105 
 66 105 
 65 104 
 65 103 
 65 102 
 64 101 
 64 100 
 65 99 
 65 98 
 66 97 
 66 96 
 65 95 
 64 95 
 63 96 
 63 97 
 62 98 
 62 99 
 61 100 
 61 101 
 60 101 
 59 102 
 59 103 
 59 104 
 59 105 
 58 106 
 58 107 
 57 108 
 56 109 
 55 110 
 55 111 
 54 112 
 53 113 
 52 114 
 52 115 
 52 116 
 51 117 
 51 118 
 50 119 
 51 120 
 50 121 
 51 122 
 50 123 
 50 124 
 49 125 
 49 126 
 48 127 
 48 128 
 48 129 
 47 130 
 48 131 
 47 132 
 46 133 
 45 133 
 44 133 
 43 133 
 42 132 
 41 133 
 40 134 
 39 133 
 38 134 
 37 135 
 36 135 
 35 135 
 34 135 
 33 134 
 32 133 
 31 132 
 30 131 
 30 130 
 30 129 
 31 128 
 31 127 
 32 127 
 33 127 
 34 127 
 35 126 
 36 126 
 37 125 
 38 124 
 39 123 
 39 122 
 40 121 
 41 120 
 42 120 
 43 119 
 42 118 
 43 117 
 44 116 
 44 115 
 45 114 
 46 114 
 47 113 
 48 112 
 47 111 
 48 110 
 48 109 
 49 108 
 48 107 
 49 106 
 49 105 
 49 104 
 50 103 
 51 102 
 51 101 
 52 100 
 52 99 
 51 98 
 52 97 
 52 96 
 53 95 
 53 94 
 54 93 
 55 92 
 56 91 
 56 90 
 57 89 
 58 88 
 58 87 
 59 86 
 59 85 
 59 84 
 58 83 
 57 82 
 56 83 
 55 82 
 54 82 
 53 81 
 52 81 
 51 80 
 50 81 
 49 81 
 48 81 
 47 80 
 46 79 
 46 78 
 46 77 
 45 76 
 44 76 
 43 76 
 42 76 
 41 76 
 40 76 
 39 75 
 38 75 
 39 74 
 38 73 
 38 72 
 38 71 
 37 70 
 36 69 
 37 68 
 36 67 
 37 66 
 37 65 
 36 64 
 35 64 
 34 63 
 34 62 
 35 61 
 36 60 
 35 59 
 34 58 
 34 57 
 34 56 
 34 55 
 34 54 
 34 53 
 34 52 
 34 51 
 34 50 
 34 49 
 33 48 
 33 47 
 33 46 
 33 45 
 33 44 
 32 43 
 33 42 
 33 41 
 33 40 
 34 40 
 35 39 
 35 38 
 36 37 
 37 37 
 38 36 
 38 35 
 37 34 
 36 33 
 35 34 
 34 35 
 33 34 
 32 35 
 31 36 
 30 36 
 29 35 
 28 36 
 27 35 
 26 35 
 25 34 
 25 33 
 24 32 
 23 32 
 22 31 
 21 30 
 20 30 
 19 29 
 19 28 
 19 27 
 20 26 
 21 25 
 22 24 
 23 23 
 22 22 
 23 21 
 23 20 
 23 19 
 24 19 
 25 18 
 26 17 
 27 16 
 28 17 
 29 16 
 30 16 
 31 16 
 32 16 
 33 16 
 34 15 
 35 14 
 36 13 
 37 12 
 37 11 
 37 10 
 37 9 
 38 8 
 39 7 
 39 6 
 40 6 
 41 5 
 42 5 
 43 5 
 44 6 
 45 5 
 46 5 
 47 4 
 48 3