 
 25 4 
 26 3 
 27 4 
 28 4 
 29 5 
 30 5 
 31 6 
 32 7 
 33 8 
 34 9 
 34 10 
 34 11 
 35 12 
 35 13 
 36 14 
 35 15 
 35 16 
 35 17 
 35 18 
 34 19 
 33 20 
 33 21 
 34 22 
 34 23 
 35 24 
 36 24 
 37 25 
 38 26 
 39 26 
 40 27 
 41 27 
 41 28 
 42 29 
 43 29 
 44 30 
 45 30 
 46 31 
 47 31 
 48 32 
 49 32 
 50 33 
 51 34 
 52 34 
 53 35 
 54 35 
 55 36 
 56 36 
 57 37 
 58 38 
 59 39 
 60 39 
 61 40 
 62 40 
 63 41 
 64 42 
 65 43 
 66 43 
 67 44 
 68 44 
 69 45 
 70 46 
 71 46 
 72 47 
 73 48 
 74 48 
 75 49 
 76 50 
 77 50 
 78 51 
 79 52 
 80 52 
 81 53 
 82 53 
 83 54 
 84 54 
 85 55 
 86 56 
 87 56 
 88 57 
 89 58 
 90 58 
 91 58 
 92 59 
 93 59 
 94 59 
 95 60 
 96 60 
 97 61 
 98 61 
 99 62 
 100 62 
 101 63 
 102 64 
 103 64 
 104 64 
 105 65 
 106 65 
 107 66 
 108 66 
 109 66 
 110 67 
 110 68 
 110 69 
 111 70 
 110 71 
 110 72 
 110 73 
 109 74 
 108 75 
 107 75 
 106 76 
 105 76 
 104 76 
 103 77 
 104 78 
 104 79 
 103 79 
 103 78 
 102 77 
 101 78 
 100 79 
 99 78 
 98 79 
 97 79 
 96 78 
 95 79 
 94 80 
 93 79 
 92 79 
 91 79 
 90 78 
 89 78 
 88 78 
 87 77 
 86 76 
 85 76 
 84 76 
 84 75 
 83 74 
 82 74 
 81 73 
 80 73 
 79 72 
 78 72 
 77 71 
 76 70 
 75 70 
 75 69 
 74 68 
 73 68 
 72 67 
 71 68 
 70 67 
 69 67 
 68 67 
 67 67 
 66 67 
 65 66 
 64 66 
 63 66 
 62 66 
 61 66 
 60 66 
 59 65 
 58 65 
 57 65 
 56 65 
 55 65 
 54 64 
 53 64 
 52 64 
 51 64 
 50 64 
 49 64 
 48 65 
 47 66 
 47 67 
 47 68 
 47 69 
 47 70 
 47 71 
 47 72 
 48 73 
 47 74 
 47 75 
 48 76 
 48 77 
 48 78 
 49 79 
 50 80 
 50 81 
 49 81 
 48 82 
 48 83 
 47 82 
 46 83 
 45 84 
 44 84 
 43 84 
 42 85 
 41 85 
 40 85 
 39 85 
 38 85 
 37 86 
 36 85 
 35 86 
 34 85 
 33 85 
 32 85 
 33 84 
 34 83 
 33 82 
 32 82 
 31 81 
 31 80 
 32 80 
 33 79 
 34 80 
 35 79 
 36 79 
 37 78 
 37 77 
 38 77 
 39 78 
 40 78 
 41 79 
 42 79 
 43 79 
 44 78 
 44 77 
 44 76 
 44 75 
 44 74 
 44 73 
 44 72 
 43 71 
 43 70 
 42 69 
 43 68 
 43 67 
 42 66 
 42 65 
 41 64 
 40 63 
 39 63 
 38 62 
 37 62 
 36 61 
 35 61 
 34 60 
 33 60 
 32 59 
 31 59 
 30 58 
 29 57 
 28 57 
 27 56 
 26 55 
 25 55 
 24 54 
 23 53 
 22 52 
 21 51 
 20 50 
 19 50 
 19 49 
 18 48 
 17 48 
 17 47 
 16 46 
 15 46 
 15 45 
 14 44 
 13 44 
 13 43 
 12 42 
 11 41 
 11 40 
 11 39 
 10 38 
 10 37 
 10 36 
 9 35 
 10 34 
 9 33 
 10 32 
 9 31 
 10 30 
 10 29 
 10 28 
 11 27 
 11 26 
 11 25 
 12 24 
 13 23 
 13 22 
 14 21 
 15 20 
 14 19 
 15 18 
 15 17 
 15 16 
 15 15 
 14 14 
 13 13 
 12 13 
 11 13 
 10 13 
 9 14 
 8 14 
 7 13 
 6 13 
 5 13 
 4 13 
 3 13 
 4 12 
 4 11 
 5 11 
 6 10 
 7 9 
 8 9 
 9 9 
 10 10 
 11 9 
 12 10 
 13 9 
 14 9 
 15 8 
 16 8 
 17 7 
 18 6 
 19 5 
 20 4 
 21 4 
 22 4 
 23 4 
 24 3