 
 24 4 
 25 4 
 26 5 
 27 6 
 28 7 
 29 7 
 28 8 
 29 9 
 30 10 
 31 11 
 32 12 
 33 12 
 34 13 
 34 14 
 33 15 
 32 16 
 31 16 
 30 17 
 30 18 
 29 19 
 29 20 
 29 21 
 29 22 
 29 23 
 30 24 
 30 25 
 30 26 
 31 27 
 31 28 
 31 29 
 31 30 
 32 31 
 33 32 
 34 33 
 35 34 
 36 35 
 37 35 
 38 36 
 39 37 
 40 37 
 41 37 
 42 37 
 43 37 
 44 36 
 45 36 
 46 36 
 47 35 
 48 34 
 48 33 
 49 32 
 49 31 
 49 30 
 49 29 
 50 28 
 50 27 
 50 26 
 50 25 
 50 24 
 50 23 
 50 22 
 50 21 
 50 20 
 50 19 
 50 18 
 50 17 
 51 16 
 51 15 
 52 14 
 52 13 
 52 12 
 53 11 
 54 11 
 55 10 
 56 10 
 57 10 
 58 10 
 59 10 
 60 10 
 61 10 
 62 10 
 63 11 
 64 11 
 64 12 
 65 13 
 66 14 
 66 15 
 66 16 
 67 17 
 67 18 
 67 19 
 67 20 
 67 21 
 68 22 
 69 23 
 70 24 
 71 23 
 72 24 
 73 23 
 74 22 
 74 21 
 75 20 
 75 19 
 76 18 
 76 17 
 77 16 
 77 15 
 78 14 
 79 14 
 80 14 
 81 13 
 82 13 
 83 13 
 84 13 
 85 13 
 86 13 
 87 14 
 88 15 
 89 15 
 90 16 
 90 17 
 91 18 
 91 19 
 91 20 
 92 21 
 92 22 
 93 23 
 93 24 
 93 25 
 94 26 
 94 27 
 95 28 
 95 29 
 95 30 
 96 31 
 96 32 
 96 33 
 97 34 
 97 35 
 97 36 
 98 37 
 98 38 
 99 39 
 99 40 
 99 41 
 100 42 
 100 43 
 101 44 
 100 45 
 100 46 
 101 47 
 101 48 
 101 49 
 101 50 
 101 51 
 101 52 
 101 53 
 102 54 
 101 55 
 102 56 
 103 57 
 104 58 
 105 58 
 106 59 
 107 59 
 107 60 
 107 61 
 108 62 
 108 63 
 107 64 
 108 65 
 108 66 
 108 67 
 107 68 
 108 69 
 108 70 
 108 71 
 108 72 
 109 73 
 109 74 
 109 75 
 109 76 
 110 77 
 110 78 
 110 79 
 110 80 
 109 81 
 108 82 
 108 83 
 107 84 
 107 85 
 106 86 
 105 87 
 105 88 
 104 89 
 104 90 
 104 91 
 104 92 
 103 92 
 102 92 
 101 92 
 100 92 
 99 92 
 98 92 
 97 92 
 96 92 
 95 93 
 94 92 
 94 91 
 93 90 
 94 89 
 95 88 
 95 87 
 96 87 
 97 87 
 98 86 
 99 87 
 100 87 
 101 86 
 102 86 
 103 85 
 103 84 
 104 84 
 105 83 
 105 82 
 105 81 
 105 80 
 106 79 
 106 78 
 105 77 
 105 76 
 105 75 
 105 74 
 105 73 
 104 72 
 104 71 
 104 70 
 104 69 
 103 68 
 102 67 
 101 66 
 100 66 
 99 66 
 98 65 
 97 66 
 97 67 
 97 68 
 97 69 
 96 70 
 96 71 
 95 72 
 96 73 
 95 74 
 94 75 
 93 76 
 93 77 
 92 78 
 92 79 
 91 80 
 90 81 
 90 82 
 90 83 
 89 84 
 89 85 
 88 86 
 88 87 
 88 88 
 88 89 
 88 90 
 87 91 
 88 92 
 87 93 
 86 93 
 85 93 
 84 93 
 83 93 
 82 93 
 81 93 
 80 93 
 79 93 
 78 93 
 77 93 
 76 93 
 75 93 
 74 93 
 73 93 
 73 92 
 73 91 
 73 90 
 73 89 
 73 88 
 74 87 
 75 87 
 76 86 
 77 86 
 78 86 
 79 86 
 80 86 
 81 86 
 82 87 
 83 87 
 84 86 
 85 85 
 86 84 
 87 83 
 87 82 
 87 81 
 87 80 
 88 79 
 88 78 
 89 77 
 88 76 
 89 75 
 89 74 
 89 73 
 89 72 
 89 71 
 88 70 
 87 69 
 87 68 
 87 67 
 86 66 
 85 65 
 85 64 
 84 63 
 84 62 
 83 61 
 82 61 
 81 61 
 80 62 
 79 62 
 78 62 
 77 62 
 76 63 
 75 62 
 74 63 
 73 63 
 72 63 
 71 64 
 70 63 
 69 64 
 68 63 
 67 64 
 66 63 
 65 63 
 64 64 
 63 63 
 62 64 
 61 63 
 60 64 
 59 63 
 58 63 
 57 63 
 56 63 
 55 63 
 54 64 
 54 65 
 54 66 
 54 67 
 54 68 
 55 69 
 55 70 
 55 71 
 56 72 
 56 73 
 56 74 
 56 75 
 56 76 
 56 77 
 57 78 
 57 79 
 57 80 
 56 81 
 57 82 
 57 83 
 57 84 
 57 85 
 57 86 
 58 87 
 58 88 
 58 89 
 59 90 
 59 91 
 59 92 
 59 93 
 60 94 
 59 95 
 60 96 
 59 97 
 58 97 
 57 97 
 56 97 
 55 98 
 54 97 
 53 98 
 52 97 
 51 98 
 50 97 
 49 97 
 48 97 
 47 97 
 46 96 
 46 95 
 46 94 
 45 93 
 46 92 
 47 91 
 48 91 
 49 91 
 50 91 
 51 92 
 52 91 
 53 91 
 54 90 
 54 89 
 53 88 
 53 87 
 53 86 
 52 85 
 53 84 
 52 83 
 52 82 
 52 81 
 51 80 
 51 79 
 51 78 
 51 77 
 50 76 
 50 75 
 49 74 
 50 73 
 49 72 
 49 71 
 49 70 
 48 69 
 48 68 
 48 67 
 48 66 
 47 65 
 46 66 
 46 67 
 45 68 
 44 69 
 43 70 
 42 71 
 41 71 
 40 72 
 39 73 
 38 74 
 39 75 
 38 76 
 39 77 
 38 78 
 38 79 
 38 80 
 38 81 
 38 82 
 38 83 
 37 84 
 37 85 
 37 86 
 36 87 
 37 88 
 36 89 
 36 90 
 36 91 
 36 92 
 36 93 
 35 94 
 35 95 
 35 96 
 34 96 
 33 97 
 32 96 
 31 97 
 30 97 
 29 97 
 28 97 
 27 97 
 26 97 
 25 97 
 24 97 
 24 96 
 23 95 
 23 94 
 23 93 
 24 92 
 25 91 
 26 91 
 27 91 
 28 91 
 29 91 
 30 91 
 31 90 
 32 90 
 33 89 
 32 88 
 32 87 
 33 86 
 33 85 
 33 84 
 34 83 
 33 82 
 34 81 
 34 80 
 34 79 
 34 78 
 34 77 
 34 76 
 34 75 
 35 74 
 35 73 
 35 72 
 35 71 
 35 70 
 35 69 
 34 68 
 34 67 
 34 66 
 34 65 
 34 64 
 33 63 
 32 62 
 31 61 
 30 60 
 29 60 
 28 60 
 28 59 
 27 58 
 26 57 
 26 56 
 25 55 
 24 54 
 24 53 
 23 52 
 23 51 
 22 50 
 22 49 
 22 48 
 21 47 
 21 46 
 21 45 
 20 44 
 20 43 
 19 42 
 19 41 
 19 40 
 19 39 
 18 38 
 19 37 
 18 36 
 19 35 
 19 34 
 18 33 
 17 32 
 18 31 
 18 30 
 18 29 
 18 28 
 18 27 
 18 26 
 17 25 
 16 24 
 15 23 
 14 23 
 13 23 
 12 23 
 11 22 
 11 21 
 10 20 
 9 20 
 8 20 
 7 19 
 6 19 
 5 18 
 5 17 
 4 16 
 3 15 
 4 14 
 4 13 
 4 12 
 5 11 
 6 11 
 7 10 
 8 9 
 9 9 
 10 9 
 11 9 
 12 9 
 13 9 
 14 10 
 15 10 
 16 9 
 16 8 
 16 7 
 17 6 
 18 6 
 19 5 
 19 4 
 20 4 
 21 4 
 22 4 
 23 3