 
 22 4 
 23 4 
 24 4 
 25 4 
 26 3 
 27 4 
 28 4 
 29 5 
 30 4 
 31 4 
 32 4 
 33 4 
 34 5 
 35 6 
 35 7 
 36 8 
 35 9 
 35 10 
 34 11 
 34 12 
 34 13 
 35 14 
 35 15 
 35 16 
 35 17 
 36 18 
 36 19 
 35 20 
 35 21 
 36 22 
 36 23 
 37 24 
 37 25 
 37 26 
 37 27 
 37 28 
 37 29 
 36 30 
 37 31 
 37 32 
 36 33 
 36 34 
 36 35 
 37 36 
 38 36 
 39 36 
 40 36 
 41 36 
 42 35 
 43 35 
 44 34 
 45 35 
 46 34 
 47 33 
 47 32 
 48 31 
 48 30 
 48 29 
 47 28 
 47 27 
 47 26 
 48 25 
 47 24 
 46 24 
 45 24 
 44 24 
 43 24 
 42 23 
 41 22 
 42 21 
 43 21 
 44 21 
 45 20 
 46 19 
 45 18 
 45 17 
 46 16 
 46 15 
 46 14 
 46 13 
 46 12 
 47 11 
 47 10 
 48 9 
 49 8 
 50 8 
 51 7 
 52 7 
 53 7 
 54 6 
 55 5 
 56 6 
 57 6 
 58 6 
 59 6 
 60 6 
 61 6 
 62 7 
 63 8 
 64 9 
 65 9 
 66 10 
 66 11 
 67 12 
 68 13 
 67 14 
 68 15 
 68 16 
 68 17 
 67 18 
 67 19 
 67 20 
 67 21 
 68 22 
 69 23 
 69 24 
 69 25 
 69 26 
 68 26 
 67 27 
 67 28 
 67 29 
 67 30 
 68 31 
 69 31 
 70 31 
 71 31 
 72 31 
 73 30 
 74 29 
 73 28 
 72 28 
 71 27 
 71 26 
 71 25 
 72 24 
 73 24 
 74 23 
 74 22 
 74 21 
 74 20 
 74 19 
 74 18 
 74 17 
 74 16 
 74 15 
 74 14 
 75 13 
 75 12 
 76 11 
 76 10 
 77 9 
 77 8 
 78 8 
 79 7 
 80 7 
 81 6 
 82 6 
 83 6 
 84 6 
 85 6 
 86 7 
 87 6 
 88 7 
 89 7 
 90 8 
 90 9 
 91 10 
 91 11 
 92 12 
 92 13 
 93 14 
 93 15 
 94 16 
 94 17 
 94 18 
 95 19 
 95 20 
 94 21 
 94 22 
 94 23 
 95 24 
 95 25 
 96 26 
 96 27 
 95 28 
 95 29 
 95 30 
 95 31 
 94 32 
 95 33 
 96 34 
 97 35 
 98 36 
 98 37 
 99 38 
 100 39 
 100 40 
 101 41 
 102 42 
 103 43 
 103 44 
 104 45 
 105 46 
 106 47 
 106 48 
 107 49 
 107 50 
 108 51 
 108 52 
 108 53 
 108 54 
 109 55 
 108 56 
 109 57 
 109 58 
 110 59 
 110 60 
 110 61 
 110 62 
 111 63 
 110 64 
 110 65 
 110 66 
 110 67 
 109 68 
 109 69 
 108 70 
 107 70 
 106 71 
 105 71 
 104 72 
 103 71 
 102 71 
 101 70 
 100 69 
 100 68 
 100 67 
 100 66 
 100 65 
 100 64 
 100 63 
 101 62 
 101 61 
 102 60 
 102 59 
 103 59 
 104 58 
 105 57 
 105 56 
 105 55 
 105 54 
 105 53 
 105 52 
 105 51 
 104 50 
 104 49 
 103 48 
 102 47 
 101 46 
 100 45 
 99 45 
 98 44 
 97 45 
 96 46 
 96 47 
 95 48 
 95 49 
 94 50 
 93 51 
 92 52 
 92 53 
 92 54 
 93 55 
 94 56 
 94 57 
 95 58 
 96 58 
 97 59 
 98 59 
 98 60 
 98 61 
 97 62 
 97 63 
 97 64 
 97 65 
 97 66 
 97 67 
 97 68 
 97 69 
 97 70 
 98 71 
 98 72 
 98 73 
 99 74 
 99 75 
 99 76 
 99 77 
 99 78 
 99 79 
 99 80 
 99 81 
 99 82 
 99 83 
 99 84 
 99 85 
 100 86 
 100 87 
 100 88 
 101 89 
 101 90 
 102 91 
 102 92 
 102 93 
 102 94 
 101 95 
 101 96 
 100 97 
 99 97 
 98 98 
 97 98 
 96 98 
 95 98 
 94 98 
 93 99 
 92 99 
 91 98 
 90 98 
 89 97 
 89 96 
 88 95 
 89 94 
 88 93 
 89 92 
 90 92 
 91 92 
 92 91 
 93 90 
 94 90 
 95 89 
 95 88 
 96 87 
 96 86 
 95 85 
 95 84 
 95 83 
 95 82 
 95 81 
 95 80 
 94 79 
 94 78 
 94 77 
 94 76 
 94 75 
 94 74 
 94 73 
 94 72 
 94 71 
 94 70 
 93 69 
 93 68 
 92 67 
 91 68 
 90 67 
 89 68 
 88 67 
 87 67 
 86 67 
 85 67 
 84 67 
 83 67 
 82 68 
 81 69 
 80 70 
 80 71 
 79 72 
 79 73 
 79 74 
 78 75 
 78 76 
 77 77 
 77 78 
 77 79 
 77 80 
 76 81 
 77 82 
 76 83 
 76 84 
 76 85 
 75 86 
 75 87 
 75 88 
 76 89 
 76 90 
 77 91 
 76 92 
 77 93 
 76 94 
 75 95 
 74 96 
 73 97 
 72 97 
 71 98 
 70 98 
 69 98 
 68 97 
 68 96 
 67 95 
 67 94 
 66 93 
 67 92 
 67 91 
 68 91 
 69 90 
 70 90 
 71 89 
 72 88 
 73 87 
 73 86 
 73 85 
 74 84 
 73 83 
 74 82 
 74 81 
 74 80 
 75 79 
 75 78 
 75 77 
 76 76 
 76 75 
 76 74 
 77 73 
 77 72 
 77 71 
 78 70 
 77 69 
 78 68 
 77 67 
 76 66 
 75 66 
 74 66 
 73 66 
 74 65 
 75 64 
 76 63 
 75 62 
 74 62 
 73 62 
 72 62 
 71 63 
 70 62 
 69 63 
 68 63 
 67 63 
 66 62 
 65 63 
 64 62 
 63 62 
 62 63 
 61 64 
 62 65 
 62 66 
 63 67 
 62 68 
 61 68 
 60 68 
 59 69 
 58 70 
 58 71 
 59 72 
 59 73 
 59 74 
 59 75 
 59 76 
 59 77 
 60 78 
 60 79 
 59 80 
 60 81 
 60 82 
 60 83 
 61 84 
 61 85 
 61 86 
 61 87 
 61 88 
 62 89 
 61 90 
 61 91 
 62 92 
 62 93 
 61 94 
 62 95 
 62 96 
 62 97 
 62 98 
 61 99 
 61 100 
 61 101 
 60 102 
 59 102 
 58 103 
 57 103 
 56 104 
 55 103 
 54 104 
 53 103 
 52 102 
 51 101 
 50 101 
 49 100 
 48 99 
 48 98 
 48 97 
 49 97 
 50 96 
 50 95 
 51 95 
 52 95 
 53 94 
 54 94 
 55 94 
 56 93 
 57 92 
 57 91 
 58 90 
 58 89 
 58 88 
 58 87 
 57 86 
 58 85 
 57 84 
 58 83 
 57 82 
 57 81 
 57 80 
 57 79 
 57 78 
 56 77 
 56 76 
 56 75 
 56 74 
 56 73 
 55 72 
 54 72 
 53 72 
 52 71 
 51 71 
 50 71 
 49 71 
 48 71 
 47 71 
 46 71 
 45 72 
 44 73 
 45 74 
 44 75 
 44 76 
 43 77 
 42 78 
 42 79 
 41 80 
 41 81 
 40 82 
 40 83 
 40 84 
 39 85 
 39 86 
 38 87 
 38 88 
 38 89 
 37 90 
 37 91 
 36 92 
 36 93 
 35 94 
 35 95 
 35 96 
 35 97 
 34 98 
 33 98 
 32 98 
 31 98 
 30 98 
 29 99 
 28 99 
 27 99 
 26 99 
 25 98 
 24 98 
 23 98 
 22 97 
 21 97 
 20 96 
 20 95 
 19 94 
 19 93 
 20 92 
 21 92 
 22 91 
 22 90 
 23 90 
 24 91 
 25 91 
 26 90 
 27 91 
 28 91 
 29 91 
 30 90 
 31 91 
 32 90 
 32 89 
 32 88 
 33 87 
 32 86 
 32 85 
 33 84 
 34 83 
 34 82 
 35 81 
 35 80 
 36 79 
 37 78 
 37 77 
 37 76 
 38 75 
 39 74 
 39 73 
 39 72 
 40 71 
 40 70 
 40 69 
 39 68 
 38 68 
 37 68 
 38 67 
 37 66 
 36 66 
 36 65 
 36 64 
 36 63 
 37 62 
 38 62 
 39 61 
 39 60 
 38 59 
 37 58 
 36 57 
 35 56 
 34 55 
 33 54 
 32 53 
 31 53 
 30 52 
 29 51 
 28 50 
 27 49 
 26 48 
 26 47 
 25 46 
 24 46 
 24 45 
 23 44 
 24 43 
 23 42 
 23 41 
 22 40 
 21 40 
 20 40 
 19 40 
 18 40 
 17 39 
 16 39 
 15 38 
 14 38 
 13 37 
 12 37 
 12 36 
 11 35 
 11 34 
 11 33 
 10 32 
 10 31 
 11 30 
 11 29 
 12 28 
 11 27 
 10 27 
 9 28 
 8 28 
 7 27 
 6 26 
 5 26 
 4 25 
 4 24 
 4 23 
 4 22 
 3 21 
 4 20 
 4 19 
 5 18 
 5 17 
 6 16 
 7 16 
 8 15 
 9 15 
 10 14 
 11 14 
 12 14 
 13 14 
 14 13 
 15 12 
 14 11 
 14 10 
 14 9 
 14 8 
 15 7 
 15 6 
 16 6 
 17 5 
 17 4 
 18 4 
 19 4 
 20 4 
 21 3