 
 29 5 
 30 5 
 31 5 
 32 5 
 33 6 
 34 6 
 35 6 
 36 7 
 37 8 
 38 9 
 37 10 
 37 11 
 37 12 
 37 13 
 37 14 
 37 15 
 36 16 
 36 17 
 36 18 
 36 19 
 35 20 
 36 21 
 35 22 
 36 23 
 35 24 
 36 25 
 36 26 
 36 27 
 36 28 
 37 29 
 37 30 
 37 31 
 38 32 
 38 33 
 39 34 
 39 35 
 40 36 
 41 37 
 42 38 
 43 39 
 44 40 
 45 40 
 46 41 
 47 41 
 48 41 
 49 42 
 50 41 
 51 42 
 52 42 
 53 41 
 54 41 
 55 41 
 56 40 
 57 39 
 58 39 
 59 38 
 60 37 
 60 36 
 61 36 
 62 35 
 62 34 
 63 33 
 64 32 
 64 31 
 65 30 
 66 29 
 65 28 
 64 28 
 63 28 
 62 28 
 61 27 
 60 27 
 60 26 
 59 25 
 59 24 
 60 23 
 60 22 
 60 21 
 61 20 
 61 19 
 62 18 
 63 17 
 63 16 
 64 15 
 65 15 
 66 14 
 67 14 
 68 13 
 69 13 
 70 12 
 71 12 
 72 12 
 73 12 
 74 11 
 75 11 
 76 12 
 77 12 
 78 13 
 79 13 
 79 14 
 79 15 
 80 16 
 81 17 
 81 18 
 82 19 
 81 20 
 82 21 
 83 21 
 84 20 
 85 19 
 85 18 
 86 17 
 87 16 
 88 16 
 89 15 
 90 14 
 91 14 
 92 14 
 93 13 
 94 14 
 95 13 
 96 13 
 97 13 
 98 13 
 99 13 
 100 13 
 101 14 
 102 14 
 103 15 
 103 16 
 104 17 
 105 18 
 105 19 
 106 20 
 105 21 
 106 22 
 105 23 
 106 24 
 106 25 
 106 26 
 106 27 
 107 28 
 106 29 
 106 30 
 106 31 
 105 32 
 104 32 
 103 32 
 102 32 
 101 32 
 100 32 
 99 33 
 99 34 
 99 35 
 99 36 
 100 37 
 100 38 
 101 39 
 102 40 
 103 41 
 104 42 
 105 43 
 106 44 
 106 45 
 107 46 
 108 47 
 108 48 
 109 49 
 109 50 
 110 51 
 110 52 
 111 53 
 111 54 
 111 55 
 112 56 
 112 57 
 113 58 
 112 59 
 113 60 
 113 61 
 114 62 
 114 63 
 114 64 
 114 65 
 114 66 
 113 67 
 114 68 
 113 69 
 113 70 
 113 71 
 113 72 
 113 73 
 113 74 
 112 75 
 112 76 
 112 77 
 111 78 
 111 79 
 111 80 
 112 81 
 111 82 
 111 83 
 112 84 
 111 85 
 111 86 
 111 87 
 110 88 
 110 89 
 109 89 
 108 88 
 107 88 
 107 87 
 106 86 
 107 85 
 106 84 
 107 83 
 106 82 
 107 81 
 108 80 
 108 79 
 109 78 
 109 77 
 109 76 
 110 75 
 109 74 
 110 73 
 110 72 
 110 71 
 110 70 
 110 69 
 110 68 
 110 67 
 110 66 
 110 65 
 110 64 
 110 63 
 110 62 
 109 61 
 108 62 
 108 63 
 107 64 
 107 65 
 107 66 
 107 67 
 106 68 
 106 69 
 106 70 
 105 71 
 105 72 
 105 73 
 105 74 
 105 75 
 104 76 
 104 77 
 104 78 
 104 79 
 103 80 
 103 81 
 103 82 
 102 83 
 102 84 
 101 85 
 101 86 
 101 87 
 101 88 
 102 89 
 102 90 
 102 91 
 102 92 
 101 93 
 101 94 
 101 95 
 101 96 
 101 97 
 101 98 
 101 99 
 101 100 
 101 101 
 101 102 
 101 103 
 101 104 
 101 105 
 101 106 
 101 107 
 101 108 
 101 109 
 101 110 
 100 111 
 100 112 
 99 112 
 98 113 
 97 113 
 96 113 
 95 114 
 94 114 
 93 113 
 92 114 
 91 114 
 90 113 
 89 113 
 88 112 
 87 113 
 86 112 
 85 111 
 84 110 
 85 109 
 86 108 
 87 107 
 88 106 
 89 105 
 88 104 
 89 103 
 89 102 
 89 101 
 89 100 
 89 99 
 88 98 
 88 97 
 88 96 
 88 95 
 88 94 
 87 93 
 86 92 
 86 91 
 86 90 
 86 89 
 85 88 
 85 87 
 84 86 
 84 85 
 84 84 
 83 83 
 83 82 
 83 81 
 83 80 
 82 79 
 81 78 
 80 77 
 79 78 
 78 78 
 77 78 
 76 78 
 75 78 
 74 79 
 73 78 
 72 78 
 71 78 
 70 78 
 69 78 
 68 78 
 67 78 
 66 78 
 65 77 
 64 78 
 63 79 
 62 80 
 62 81 
 62 82 
 61 83 
 61 84 
 61 85 
 60 86 
 61 87 
 60 88 
 60 89 
 60 90 
 60 91 
 60 92 
 60 93 
 60 94 
 60 95 
 60 96 
 60 97 
 59 98 
 59 99 
 60 100 
 60 101 
 60 102 
 60 103 
 59 104 
 59 105 
 59 106 
 59 107 
 59 108 
 60 109 
 60 110 
 60 111 
 60 112 
 59 113 
 59 114 
 59 115 
 58 116 
 57 116 
 56 117 
 55 117 
 54 116 
 53 117 
 52 116 
 51 116 
 50 115 
 49 115 
 48 114 
 47 113 
 48 112 
 48 111 
 49 110 
 50 109 
 51 108 
 52 107 
 52 106 
 52 105 
 52 104 
 52 103 
 52 102 
 52 101 
 52 100 
 51 99 
 51 98 
 51 97 
 51 96 
 51 95 
 51 94 
 51 93 
 50 92 
 51 91 
 50 90 
 50 89 
 50 88 
 49 87 
 48 87 
 47 86 
 46 86 
 45 86 
 44 86 
 43 87 
 42 86 
 41 86 
 40 85 
 39 85 
 38 84 
 37 83 
 36 82 
 35 81 
 35 80 
 34 79 
 33 78 
 33 77 
 33 76 
 32 75 
 31 74 
 31 73 
 30 72 
 30 71 
 29 70 
 28 70 
 27 70 
 27 69 
 27 68 
 26 67 
 26 66 
 26 65 
 26 64 
 26 63 
 26 62 
 25 61 
 25 60 
 25 59 
 24 58 
 24 57 
 23 56 
 23 55 
 23 54 
 23 53 
 23 52 
 22 51 
 22 50 
 22 49 
 22 48 
 22 47 
 22 46 
 23 45 
 23 44 
 23 43 
 22 42 
 23 41 
 23 40 
 23 39 
 24 38 
 24 37 
 23 36 
 22 36 
 21 37 
 20 37 
 19 38 
 18 38 
 17 39 
 16 39 
 15 39 
 14 39 
 13 39 
 13 38 
 12 37 
 11 37 
 10 36 
 9 36 
 8 35 
 8 34 
 8 33 
 8 32 
 8 31 
 8 30 
 9 29 
 10 28 
 9 27 
 10 26 
 10 25 
 11 24 
 12 24 
 13 24 
 14 23 
 15 22 
 15 21 
 16 20 
 16 19 
 17 18 
 18 17 
 18 16 
 19 15 
 20 14 
 21 13 
 22 12 
 21 11 
 22 10 
 22 9 
 23 8 
 24 8 
 25 7 
 25 6 
 26 6 
 27 6 
 28 5