 
 30 4 
 31 4 
 32 4 
 33 4 
 34 4 
 35 4 
 36 4 
 37 5 
 38 4 
 39 5 
 40 5 
 41 6 
 42 6 
 43 7 
 43 8 
 44 9 
 45 9 
 46 10 
 47 9 
 48 10 
 49 11 
 50 11 
 51 12 
 51 13 
 51 14 
 51 15 
 50 16 
 51 17 
 50 18 
 49 19 
 50 20 
 50 21 
 50 22 
 50 23 
 50 24 
 50 25 
 50 26 
 50 27 
 49 28 
 49 29 
 50 30 
 50 31 
 50 32 
 50 33 
 50 34 
 49 35 
 49 36 
 49 37 
 49 38 
 49 39 
 49 40 
 49 41 
 48 42 
 48 43 
 48 44 
 48 45 
 48 46 
 48 47 
 47 48 
 47 49 
 47 50 
 47 51 
 47 52 
 46 53 
 46 54 
 47 55 
 48 54 
 49 53 
 50 53 
 51 52 
 51 51 
 51 50 
 52 50 
 53 50 
 54 49 
 55 49 
 56 48 
 56 47 
 57 46 
 57 45 
 57 44 
 58 43 
 58 42 
 58 41 
 58 40 
 59 39 
 60 38 
 60 37 
 61 36 
 62 35 
 63 35 
 64 35 
 65 34 
 66 34 
 67 34 
 68 34 
 69 34 
 70 35 
 71 35 
 71 36 
 72 37 
 73 38 
 74 39 
 74 40 
 75 41 
 75 42 
 75 43 
 75 44 
 75 45 
 75 46 
 76 47 
 77 47 
 78 46 
 79 45 
 80 44 
 79 43 
 80 42 
 81 41 
 80 40 
 81 39 
 81 38 
 81 37 
 81 36 
 82 35 
 82 34 
 83 33 
 84 32 
 85 32 
 86 31 
 87 31 
 88 31 
 89 31 
 90 31 
 91 32 
 92 32 
 93 33 
 94 34 
 94 35 
 95 36 
 95 37 
 96 38 
 96 39 
 96 40 
 97 41 
 97 42 
 98 43 
 98 44 
 97 45 
 98 46 
 99 47 
 99 48 
 100 49 
 101 49 
 102 49 
 103 50 
 104 51 
 105 51 
 105 52 
 106 53 
 107 54 
 108 55 
 108 56 
 109 57 
 109 58 
 110 59 
 111 60 
 111 61 
 112 62 
 113 63 
 114 64 
 114 65 
 114 66 
 115 67 
 116 68 
 116 69 
 117 70 
 117 71 
 118 72 
 118 73 
 117 74 
 118 75 
 118 76 
 117 77 
 117 78 
 116 79 
 116 80 
 115 80 
 114 80 
 114 79 
 115 78 
 115 77 
 115 76 
 116 75 
 116 74 
 115 73 
 115 72 
 115 71 
 114 70 
 113 69 
 112 68 
 111 68 
 110 69 
 111 70 
 110 71 
 111 72 
 110 73 
 110 74 
 110 75 
 110 76 
 110 77 
 110 78 
 109 79 
 108 80 
 108 81 
 107 82 
 107 83 
 107 84 
 106 85 
 106 86 
 106 87 
 105 88 
 105 89 
 105 90 
 104 90 
 103 91 
 103 92 
 103 93 
 103 94 
 102 95 
 102 96 
 102 97 
 102 98 
 101 99 
 101 100 
 101 101 
 100 102 
 100 103 
 100 104 
 100 105 
 99 106 
 100 107 
 100 108 
 100 109 
 100 110 
 100 111 
 101 112 
 102 112 
 103 113 
 104 114 
 104 115 
 104 116 
 104 117 
 104 118 
 103 118 
 102 119 
 101 119 
 100 119 
 99 119 
 98 119 
 97 120 
 96 119 
 95 120 
 94 120 
 93 119 
 92 120 
 91 119 
 90 120 
 89 120 
 88 120 
 87 120 
 86 120 
 85 120 
 84 120 
 83 119 
 83 118 
 84 117 
 85 116 
 86 116 
 87 115 
 88 114 
 89 113 
 90 114 
 91 113 
 92 113 
 93 112 
 94 112 
 95 112 
 96 111 
 97 110 
 96 109 
 97 108 
 96 107 
 97 106 
 97 105 
 97 104 
 97 103 
 97 102 
 97 101 
 97 100 
 97 99 
 96 98 
 95 97 
 94 96 
 93 95 
 92 96 
 91 95 
 90 96 
 89 96 
 88 97 
 87 97 
 86 98 
 86 99 
 85 100 
 86 101 
 85 102 
 85 103 
 85 104 
 85 105 
 84 106 
 84 107 
 84 108 
 85 109 
 84 110 
 84 111 
 84 112 
 84 113 
 84 114 
 83 115 
 82 116 
 81 117 
 80 118 
 79 119 
 78 120 
 77 120 
 76 120 
 75 120 
 74 121 
 73 121 
 72 121 
 71 121 
 70 121 
 69 120 
 68 120 
 67 120 
 66 120 
 65 119 
 65 118 
 66 117 
 67 116 
 68 116 
 69 115 
 70 114 
 71 114 
 72 114 
 73 113 
 74 113 
 75 113 
 76 112 
 77 111 
 78 111 
 79 110 
 80 110 
 81 109 
 81 108 
 81 107 
 81 106 
 81 105 
 82 104 
 82 103 
 82 102 
 83 101 
 83 100 
 83 99 
 83 98 
 84 97 
 84 96 
 83 95 
 82 95 
 81 94 
 80 94 
 79 94 
 78 94 
 78 93 
 78 92 
 77 91 
 76 90 
 77 89 
 76 88 
 76 87 
 76 86 
 75 85 
 74 85 
 73 85 
 72 85 
 71 85 
 70 85 
 69 85 
 68 86 
 67 85 
 66 85 
 65 86 
 64 85 
 63 85 
 62 86 
 61 87 
 62 88 
 62 89 
 62 90 
 62 91 
 62 92 
 61 92 
 60 93 
 60 94 
 59 95 
 58 95 
 57 96 
 57 97 
 56 98 
 55 99 
 56 100 
 57 101 
 57 102 
 56 103 
 56 104 
 57 105 
 57 106 
 57 107 
 57 108 
 58 109 
 58 110 
 58 111 
 58 112 
 59 113 
 59 114 
 59 115 
 60 116 
 61 117 
 62 118 
 63 119 
 63 120 
 62 121 
 61 121 
 60 122 
 59 122 
 58 123 
 58 124 
 57 123 
 56 124 
 55 123 
 54 123 
 53 124 
 52 123 
 51 124 
 50 124 
 49 124 
 48 124 
 47 124 
 46 123 
 45 123 
 44 123 
 44 122 
 44 121 
 45 120 
 46 120 
 47 119 
 48 118 
 49 117 
 50 116 
 51 115 
 52 115 
 53 115 
 54 114 
 54 113 
 54 112 
 53 111 
 54 110 
 53 109 
 53 108 
 53 107 
 53 106 
 52 105 
 51 104 
 50 103 
 49 103 
 48 102 
 47 102 
 46 101 
 45 101 
 44 102 
 44 103 
 44 104 
 44 105 
 43 106 
 44 107 
 43 108 
 43 109 
 43 110 
 42 111 
 43 112 
 44 112 
 44 113 
 43 114 
 44 115 
 44 116 
 43 116 
 42 117 
 42 118 
 41 119 
 40 120 
 39 121 
 38 121 
 37 122 
 36 122 
 35 123 
 34 123 
 33 122 
 32 122 
 31 122 
 30 121 
 29 121 
 28 121 
 27 120 
 26 120 
 26 119 
 26 118 
 27 118 
 28 117 
 29 116 
 30 115 
 31 114 
 32 114 
 33 113 
 34 113 
 35 112 
 36 112 
 37 111 
 38 110 
 39 109 
 40 108 
 40 107 
 41 106 
 41 105 
 41 104 
 41 103 
 42 102 
 41 101 
 42 100 
 42 99 
 42 98 
 42 97 
 41 96 
 41 95 
 40 94 
 39 95 
 39 96 
 38 95 
 38 94 
 37 93 
 36 92 
 35 93 
 34 92 
 34 91 
 33 90 
 32 90 
 31 89 
 30 89 
 29 89 
 29 88 
 28 87 
 27 86 
 27 85 
 26 84 
 25 83 
 25 82 
 24 81 
 23 80 
 22 81 
 21 80 
 21 79 
 21 78 
 21 77 
 21 76 
 21 75 
 21 74 
 21 73 
 20 72 
 20 71 
 19 70 
 19 69 
 19 68 
 19 67 
 19 66 
 19 65 
 19 64 
 19 63 
 18 62 
 19 61 
 18 60 
 19 59 
 18 58 
 19 57 
 19 56 
 19 55 
 18 54 
 19 53 
 19 52 
 20 51 
 19 50 
 20 49 
 20 48 
 19 47 
 20 46 
 20 45 
 21 44 
 20 43 
 20 42 
 21 41 
 22 40 
 22 39 
 23 38 
 23 37 
 24 36 
 25 35 
 25 34 
 26 33 
 26 32 
 25 31 
 24 31 
 23 31 
 22 31 
 21 31 
 20 31 
 19 31 
 18 31 
 17 30 
 16 30 
 15 30 
 14 30 
 13 30 
 12 29 
 11 28 
 11 27 
 12 26 
 12 25 
 12 24 
 13 23 
 14 22 
 15 22 
 16 22 
 17 21 
 18 21 
 19 20 
 20 19 
 19 18 
 19 17 
 19 16 
 19 15 
 19 14 
 20 13 
 21 12 
 21 11 
 22 10 
 22 9 
 23 8 
 23 7 
 24 7 
 25 6 
 26 6 
 27 6 
 28 6 
 29 5 
 29 4