 
 16 4 
 17 4 
 18 4 
 19 4 
 20 4 
 21 4 
 22 4 
 23 4 
 24 4 
 25 4 
 26 4 
 27 4 
 28 4 
 29 4 
 30 4 
 31 5 
 32 5 
 33 6 
 34 6 
 35 7 
 36 7 
 37 7 
 38 8 
 39 8 
 40 9 
 41 8 
 42 8 
 43 9 
 44 8 
 45 9 
 46 9 
 47 8 
 48 8 
 49 8 
 50 8 
 51 8 
 52 8 
 53 8 
 54 8 
 55 8 
 56 8 
 57 8 
 58 8 
 59 8 
 60 8 
 61 7 
 62 7 
 63 7 
 64 7 
 65 7 
 66 7 
 67 7 
 68 6 
 69 6 
 70 6 
 71 6 
 72 6 
 73 6 
 74 6 
 75 6 
 76 6 
 77 7 
 78 7 
 78 8 
 79 9 
 80 10 
 81 10 
 82 10 
 83 11 
 84 12 
 84 13 
 85 14 
 86 14 
 87 13 
 88 14 
 89 14 
 90 13 
 91 14 
 92 13 
 93 13 
 94 13 
 95 13 
 96 12 
 97 12 
 98 11 
 99 12 
 100 12 
 101 12 
 102 11 
 102 10 
 103 11 
 104 11 
 105 11 
 106 11 
 105 12 
 106 13 
 107 13 
 107 14 
 106 15 
 107 16 
 108 17 
 107 18 
 108 19 
 109 19 
 108 20 
 107 21 
 107 22 
 106 22 
 105 23 
 104 24 
 104 25 
 103 26 
 103 27 
 102 27 
 101 27 
 100 28 
 100 29 
 100 30 
 100 31 
 100 32 
 101 33 
 102 34 
 101 35 
 102 36 
 102 37 
 102 38 
 101 39 
 100 39 
 99 40 
 98 39 
 97 39 
 96 40 
 95 40 
 94 41 
 94 42 
 93 42 
 92 42 
 91 42 
 90 43 
 89 43 
 88 43 
 87 43 
 86 43 
 85 42 
 84 42 
 83 41 
 82 41 
 81 40 
 80 40 
 79 40 
 78 39 
 77 39 
 77 38 
 76 37 
 75 36 
 74 35 
 73 34 
 72 35 
 71 34 
 70 34 
 69 34 
 68 35 
 67 34 
 66 34 
 65 34 
 64 34 
 63 34 
 62 34 
 61 35 
 60 34 
 59 35 
 58 34 
 57 35 
 56 34 
 55 35 
 54 36 
 53 36 
 52 36 
 51 36 
 50 37 
 49 36 
 48 37 
 47 36 
 46 36 
 45 36 
 44 36 
 43 36 
 42 36 
 41 36 
 40 36 
 39 36 
 38 36 
 37 37 
 36 36 
 35 35 
 34 34 
 33 35 
 32 34 
 31 33 
 30 33 
 29 33 
 28 32 
 27 32 
 26 32 
 25 32 
 24 31 
 23 31 
 22 30 
 21 31 
 20 31 
 19 31 
 18 32 
 17 32 
 16 32 
 15 33 
 14 33 
 13 33 
 12 33 
 11 33 
 10 33 
 9 33 
 8 32 
 8 31 
 8 30 
 7 29 
 7 28 
 6 27 
 6 26 
 6 25 
 5 24 
 5 23 
 6 22 
 6 21 
 7 21 
 8 21 
 9 20 
 10 19 
 11 19 
 12 18 
 12 17 
 13 17 
 14 17 
 15 16 
 15 15 
 15 14 
 15 13 
 15 12 
 15 11 
 15 10 
 14 9 
 14 8 
 14 7 
 14 6 
 15 5 
 15 4