 
 18 4 
 19 3 
 20 4 
 21 3 
 22 4 
 23 4 
 24 4 
 25 5 
 26 5 
 27 6 
 28 7 
 28 8 
 29 9 
 30 10 
 30 11 
 30 12 
 31 13 
 31 14 
 31 15 
 31 16 
 31 17 
 31 18 
 32 19 
 31 20 
 32 21 
 32 22 
 32 23 
 33 24 
 33 25 
 34 26 
 34 27 
 35 28 
 36 29 
 37 30 
 38 31 
 39 32 
 40 33 
 41 33 
 42 34 
 43 35 
 44 35 
 45 36 
 46 36 
 47 37 
 48 37 
 49 38 
 50 38 
 51 38 
 52 39 
 53 39 
 54 40 
 55 41 
 56 40 
 57 41 
 58 41 
 59 42 
 60 42 
 61 43 
 62 43 
 63 44 
 64 44 
 65 45 
 66 45 
 67 46 
 68 46 
 69 46 
 70 46 
 71 47 
 72 47 
 73 48 
 74 49 
 75 48 
 76 49 
 77 49 
 78 50 
 79 49 
 80 50 
 81 50 
 82 50 
 83 50 
 84 50 
 85 51 
 86 50 
 87 51 
 88 51 
 89 51 
 90 51 
 91 51 
 92 51 
 93 51 
 94 51 
 95 51 
 96 51 
 97 51 
 98 51 
 99 51 
 100 51 
 101 51 
 102 51 
 103 51 
 104 52 
 105 51 
 106 52 
 107 52 
 106 53 
 105 54 
 106 55 
 107 55 
 108 55 
 109 56 
 109 57 
 109 58 
 108 57 
 107 58 
 107 59 
 108 60 
 109 61 
 110 61 
 110 62 
 110 63 
 111 64 
 110 65 
 109 65 
 108 65 
 107 66 
 108 67 
 108 68 
 108 69 
 108 70 
 107 70 
 106 71 
 105 70 
 104 71 
 103 71 
 102 71 
 101 71 
 100 71 
 99 71 
 98 70 
 97 71 
 96 70 
 95 70 
 94 70 
 93 70 
 92 69 
 91 69 
 90 68 
 89 68 
 88 68 
 87 67 
 86 67 
 85 67 
 84 66 
 83 66 
 82 66 
 81 65 
 80 65 
 79 65 
 78 65 
 77 65 
 76 65 
 75 65 
 74 66 
 73 65 
 72 65 
 71 66 
 70 66 
 69 67 
 68 68 
 67 68 
 66 69 
 65 69 
 64 70 
 64 71 
 63 70 
 62 71 
 61 72 
 60 72 
 59 73 
 58 73 
 57 73 
 56 74 
 55 74 
 54 74 
 53 74 
 52 74 
 51 74 
 50 73 
 49 73 
 48 73 
 47 74 
 46 75 
 45 76 
 45 77 
 44 78 
 45 79 
 45 80 
 44 81 
 45 82 
 46 83 
 47 84 
 47 85 
 46 84 
 45 83 
 44 83 
 43 83 
 42 83 
 41 83 
 40 83 
 39 83 
 38 83 
 37 82 
 36 82 
 35 83 
 34 82 
 33 83 
 33 84 
 33 85 
 32 84 
 32 83 
 32 82 
 33 81 
 34 80 
 35 81 
 36 80 
 37 81 
 38 81 
 39 80 
 40 80 
 41 79 
 42 78 
 42 77 
 42 76 
 42 75 
 42 74 
 41 73 
 40 73 
 39 73 
 38 72 
 37 72 
 36 72 
 35 72 
 34 71 
 33 71 
 32 70 
 31 70 
 30 69 
 29 68 
 28 67 
 27 66 
 26 66 
 25 65 
 24 64 
 23 64 
 23 63 
 22 62 
 21 61 
 20 60 
 19 59 
 18 58 
 17 57 
 17 56 
 16 55 
 16 54 
 15 53 
 15 52 
 14 51 
 14 50 
 14 49 
 13 48 
 13 47 
 13 46 
 13 45 
 13 44 
 13 43 
 13 42 
 13 41 
 13 40 
 13 39 
 13 38 
 13 37 
 13 36 
 13 35 
 14 34 
 14 33 
 14 32 
 14 31 
 14 30 
 15 29 
 15 28 
 15 27 
 15 26 
 16 25 
 16 24 
 16 23 
 16 22 
 16 21 
 16 20 
 16 19 
 16 18 
 15 17 
 14 16 
 13 15 
 12 16 
 11 15 
 10 16 
 9 16 
 8 17 
 7 17 
 6 18 
 5 19 
 4 18 
 3 17 
 4 16 
 3 15 
 4 14 
 4 13 
 4 12 
 5 11 
 6 11 
 7 10 
 8 10 
 9 9 
 9 8 
 10 7 
 11 6 
 12 6 
 13 5 
 14 4 
 15 4 
 16 4 
 17 3