 
 63 4 
 64 3 
 65 4 
 66 3 
 67 4 
 68 3 
 69 4 
 70 3 
 71 4 
 72 3 
 73 4 
 74 3 
 75 4 
 76 3 
 77 4 
 78 3 
 79 4 
 80 3 
 81 4 
 82 3 
 83 4 
 84 3 
 85 4 
 86 3 
 87 4 
 88 3 
 89 4 
 90 4 
 91 4 
 92 4 
 93 3 
 94 4 
 95 4 
 96 4 
 97 4 
 98 4 
 99 5 
 100 5 
 101 5 
 102 5 
 103 6 
 103 7 
 103 8 
 103 9 
 103 10 
 103 11 
 103 12 
 103 13 
 103 14 
 103 15 
 103 16 
 103 17 
 103 18 
 104 19 
 105 19 
 106 19 
 107 19 
 108 20 
 109 20 
 109 21 
 110 22 
 110 23 
 111 24 
 110 25 
 110 26 
 111 27 
 110 28 
 111 29 
 110 30 
 110 31 
 110 32 
 109 33 
 108 34 
 107 34 
 106 35 
 105 35 
 104 35 
 103 35 
 102 35 
 101 36 
 100 37 
 99 38 
 99 39 
 98 39 
 97 40 
 96 41 
 95 40 
 94 41 
 93 40 
 92 41 
 91 40 
 90 40 
 89 40 
 88 39 
 87 39 
 86 38 
 85 39 
 84 38 
 83 38 
 82 38 
 81 38 
 81 37 
 80 36 
 79 36 
 78 35 
 77 35 
 76 35 
 75 35 
 74 35 
 73 35 
 72 35 
 71 35 
 70 35 
 69 35 
 68 35 
 67 35 
 66 35 
 65 35 
 64 35 
 63 35 
 62 35 
 61 35 
 60 35 
 59 35 
 58 35 
 57 35 
 56 35 
 55 35 
 54 35 
 53 35 
 52 34 
 51 35 
 50 35 
 49 35 
 48 35 
 47 34 
 46 35 
 45 34 
 44 35 
 43 34 
 42 34 
 41 34 
 40 34 
 39 34 
 38 34 
 37 34 
 36 34 
 35 34 
 34 34 
 33 34 
 32 34 
 31 34 
 30 35 
 29 36 
 28 37 
 27 38 
 26 39 
 25 39 
 24 39 
 23 40 
 22 40 
 21 40 
 20 40 
 19 40 
 18 40 
 17 39 
 16 39 
 15 38 
 14 39 
 13 38 
 12 38 
 11 37 
 10 37 
 9 36 
 8 35 
 8 34 
 7 33 
 7 32 
 6 31 
 5 30 
 4 31 
 3 30 
 4 29 
 4 28 
 4 27 
 5 28 
 6 28 
 7 27 
 8 26 
 7 25 
 6 25 
 5 25 
 6 24 
 6 23 
 7 22 
 8 21 
 9 20 
 10 20 
 11 19 
 11 18 
 12 17 
 13 18 
 14 17 
 15 16 
 15 15 
 16 14 
 17 13 
 17 12 
 17 11 
 18 11 
 18 12 
 19 13 
 20 13 
 21 13 
 22 13 
 23 13 
 24 13 
 25 13 
 26 13 
 27 13 
 28 13 
 29 13 
 30 13 
 31 13 
 32 13 
 33 13 
 34 13 
 35 13 
 36 13 
 37 13 
 38 13 
 39 13 
 40 13 
 41 13 
 42 13 
 43 13 
 44 13 
 45 13 
 46 13 
 47 13 
 48 12 
 47 11 
 48 10 
 48 9 
 48 8 
 47 7 
 47 6 
 48 5 
 49 5 
 50 5 
 51 5 
 52 5 
 53 5 
 54 4 
 55 5 
 56 4 
 57 4 
 58 4 
 59 4 
 60 4 
 61 4 
 62 3