 
 72 3 
 73 3 
 74 3 
 75 3 
 76 4 
 77 4 
 78 4 
 79 5 
 80 5 
 81 6 
 82 7 
 83 7 
 84 7 
 85 7 
 86 7 
 87 7 
 88 6 
 89 6 
 90 6 
 91 6 
 92 5 
 93 6 
 94 5 
 95 5 
 96 5 
 97 5 
 98 5 
 99 6 
 100 7 
 99 8 
 99 9 
 99 10 
 99 11 
 98 12 
 98 13 
 97 14 
 97 15 
 97 16 
 96 17 
 96 18 
 95 18 
 94 19 
 95 20 
 96 21 
 97 22 
 98 22 
 99 23 
 100 24 
 100 25 
 101 26 
 102 27 
 102 28 
 101 29 
 101 30 
 101 31 
 100 32 
 100 33 
 99 34 
 98 35 
 97 36 
 96 36 
 95 37 
 94 37 
 93 38 
 92 39 
 91 39 
 90 40 
 89 40 
 88 41 
 89 42 
 89 43 
 89 44 
 89 45 
 90 46 
 90 47 
 91 48 
 92 49 
 92 50 
 93 51 
 94 52 
 95 53 
 96 54 
 97 55 
 98 56 
 99 57 
 99 58 
 100 59 
 101 60 
 101 61 
 101 62 
 101 63 
 102 64 
 102 65 
 101 66 
 101 67 
 101 68 
 101 69 
 101 70 
 100 71 
 100 72 
 99 73 
 98 74 
 97 74 
 96 74 
 95 74 
 94 74 
 93 74 
 92 73 
 91 73 
 90 73 
 89 72 
 88 72 
 87 72 
 86 71 
 85 71 
 84 70 
 83 70 
 82 70 
 81 70 
 80 69 
 79 69 
 78 69 
 77 69 
 76 69 
 75 69 
 74 69 
 73 69 
 72 70 
 71 70 
 70 71 
 69 72 
 68 72 
 67 73 
 67 74 
 66 75 
 66 76 
 65 77 
 65 78 
 64 79 
 64 80 
 65 81 
 66 81 
 67 82 
 68 82 
 69 82 
 70 82 
 71 83 
 72 83 
 73 83 
 74 83 
 75 84 
 76 84 
 77 84 
 78 85 
 79 85 
 80 85 
 81 85 
 82 86 
 83 86 
 84 87 
 85 87 
 86 87 
 87 88 
 88 88 
 89 88 
 90 89 
 91 89 
 92 90 
 93 91 
 94 91 
 95 92 
 95 93 
 95 94 
 94 94 
 93 95 
 93 96 
 92 96 
 91 97 
 90 97 
 89 98 
 88 98 
 87 99 
 86 99 
 85 99 
 84 100 
 83 101 
 82 101 
 81 102 
 80 102 
 79 102 
 78 103 
 77 103 
 76 103 
 75 104 
 74 104 
 73 104 
 72 105 
 71 105 
 70 105 
 69 105 
 68 105 
 67 105 
 66 106 
 65 105 
 64 105 
 63 106 
 62 105 
 61 105 
 60 105 
 59 105 
 58 105 
 57 104 
 56 104 
 55 104 
 54 103 
 53 103 
 52 103 
 51 102 
 50 102 
 49 101 
 48 101 
 47 100 
 46 99 
 45 100 
 44 99 
 43 99 
 42 98 
 41 98 
 40 98 
 39 97 
 38 97 
 37 97 
 36 97 
 35 97 
 34 96 
 33 96 
 32 95 
 31 95 
 30 94 
 29 93 
 29 92 
 28 91 
 27 90 
 27 89 
 26 88 
 25 87 
 25 86 
 24 85 
 24 84 
 23 83 
 22 82 
 21 81 
 20 80 
 19 80 
 18 80 
 17 80 
 16 80 
 15 81 
 14 80 
 13 79 
 13 78 
 12 77 
 11 76 
 11 75 
 11 74 
 10 73 
 11 72 
 10 71 
 10 70 
 11 69 
 11 68 
 11 67 
 11 66 
 12 65 
 12 64 
 13 63 
 13 62 
 14 61 
 15 60 
 15 59 
 16 58 
 16 57 
 17 56 
 17 55 
 18 54 
 18 53 
 19 52 
 19 51 
 19 50 
 20 49 
 20 48 
 21 47 
 21 46 
 21 45 
 22 44 
 21 43 
 21 42 
 22 41 
 21 40 
 22 39 
 21 38 
 22 37 
 22 36 
 22 35 
 21 34 
 21 33 
 21 32 
 21 31 
 21 30 
 20 29 
 19 28 
 19 27 
 18 26 
 18 25 
 17 24 
 16 23 
 16 22 
 15 21 
 14 20 
 13 19 
 12 18 
 11 18 
 10 17 
 9 16 
 8 15 
 7 14 
 6 13 
 6 12 
 7 11 
 8 10 
 9 9 
 10 9 
 11 8 
 12 8 
 13 7 
 14 6 
 15 5 
 16 5 
 17 5 
 18 4 
 19 5 
 20 4 
 21 4 
 22 5 
 23 4 
 24 4 
 25 5 
 26 4 
 27 4 
 28 5 
 29 4 
 30 4 
 31 5 
 32 4 
 33 4 
 34 5 
 35 5 
 36 5 
 37 5 
 38 5 
 39 6 
 40 6 
 41 5 
 42 6 
 43 6 
 44 6 
 45 6 
 46 6 
 47 7 
 48 7 
 49 7 
 50 7 
 51 7 
 52 6 
 53 6 
 54 6 
 55 7 
 56 6 
 57 6 
 58 6 
 59 6 
 60 5 
 61 6 
 62 5 
 63 5 
 64 5 
 65 5 
 66 4 
 67 4 
 68 4 
 69 4 
 70 4 
 71 3