 
 21 4 
 22 4 
 23 4 
 24 4 
 25 4 
 26 4 
 27 5 
 28 5 
 29 5 
 30 6 
 31 6 
 32 7 
 33 8 
 34 8 
 35 8 
 36 9 
 37 10 
 38 11 
 39 12 
 40 13 
 41 13 
 41 14 
 42 15 
 43 16 
 43 17 
 44 18 
 45 19 
 44 20 
 45 21 
 46 22 
 47 23 
 46 24 
 47 25 
 48 26 
 48 27 
 48 28 
 48 29 
 48 30 
 49 31 
 50 31 
 49 32 
 50 33 
 51 34 
 51 35 
 52 36 
 52 37 
 52 38 
 52 39 
 52 40 
 53 41 
 54 40 
 54 39 
 54 38 
 55 37 
 56 36 
 56 35 
 57 34 
 56 33 
 57 32 
 58 31 
 58 30 
 58 29 
 58 28 
 59 27 
 59 26 
 60 25 
 60 24 
 61 23 
 62 22 
 62 21 
 62 20 
 63 19 
 63 18 
 64 17 
 64 16 
 65 15 
 66 14 
 67 13 
 68 12 
 69 11 
 70 10 
 71 9 
 72 8 
 73 8 
 74 8 
 75 8 
 76 8 
 77 7 
 78 8 
 79 8 
 80 8 
 81 7 
 82 8 
 83 9 
 84 9 
 85 10 
 86 10 
 87 11 
 88 11 
 89 12 
 90 12 
 91 13 
 91 14 
 92 15 
 93 16 
 94 16 
 95 17 
 96 18 
 97 19 
 97 20 
 97 21 
 98 22 
 99 23 
 98 24 
 99 25 
 100 26 
 99 27 
 100 28 
 100 29 
 100 30 
 100 31 
 101 32 
 101 33 
 101 34 
 102 35 
 101 36 
 102 37 
 102 38 
 102 39 
 102 40 
 102 41 
 102 42 
 102 43 
 101 44 
 101 45 
 101 46 
 101 47 
 101 48 
 101 49 
 100 50 
 100 51 
 100 52 
 100 53 
 100 54 
 100 55 
 100 56 
 99 56 
 98 57 
 98 58 
 98 59 
 97 60 
 97 61 
 97 62 
 96 63 
 96 64 
 96 65 
 95 66 
 95 67 
 94 68 
 93 69 
 93 70 
 92 71 
 91 72 
 91 73 
 91 74 
 90 74 
 89 75 
 88 76 
 88 77 
 88 78 
 87 79 
 86 80 
 85 80 
 84 81 
 84 82 
 83 83 
 82 84 
 81 85 
 80 86 
 79 87 
 78 87 
 77 88 
 77 89 
 76 90 
 75 91 
 74 91 
 73 91 
 72 92 
 72 93 
 71 93 
 70 94 
 69 95 
 68 96 
 67 97 
 66 98 
 65 98 
 64 98 
 63 99 
 62 100 
 61 101 
 60 102 
 59 103 
 58 104 
 57 105 
 56 105 
 55 106 
 55 107 
 54 107 
 53 107 
 52 106 
 51 105 
 51 104 
 50 103 
 49 103 
 48 102 
 47 101 
 47 100 
 47 99 
 46 98 
 45 97 
 44 96 
 43 95 
 42 94 
 41 94 
 41 93 
 40 92 
 39 91 
 38 90 
 37 89 
 36 88 
 35 87 
 34 86 
 34 85 
 33 84 
 32 84 
 32 83 
 31 82 
 30 81 
 29 80 
 28 79 
 27 78 
 26 77 
 25 76 
 24 75 
 23 74 
 22 74 
 22 73 
 21 72 
 20 71 
 19 70 
 19 69 
 18 68 
 17 68 
 16 67 
 15 66 
 15 65 
 15 64 
 14 63 
 13 62 
 12 61 
 11 60 
 11 59 
 10 58 
 9 57 
 10 56 
 9 55 
 8 54 
 7 53 
 8 52 
 7 51 
 6 50 
 7 49 
 6 48 
 6 47 
 6 46 
 6 45 
 5 44 
 5 43 
 5 42 
 5 41 
 4 40 
 4 39 
 4 38 
 4 37 
 4 36 
 4 35 
 4 34 
 5 33 
 5 32 
 4 31 
 4 30 
 5 29 
 5 28 
 5 27 
 5 26 
 5 25 
 6 24 
 6 23 
 6 22 
 6 21 
 6 20 
 7 20 
 8 19 
 8 18 
 8 17 
 9 16 
 9 15 
 9 14 
 10 13 
 11 12 
 11 11 
 12 10 
 12 9 
 13 8 
 14 7 
 15 6 
 16 6 
 17 6 
 18 5 
 19 5 
 20 4