 
 75 4 
 76 4 
 77 4 
 78 4 
 79 4 
 80 4 
 80 5 
 81 6 
 82 5 
 83 6 
 84 6 
 85 7 
 86 7 
 87 8 
 88 8 
 89 9 
 90 9 
 91 8 
 92 9 
 93 9 
 94 10 
 95 10 
 96 10 
 97 10 
 98 11 
 99 12 
 100 12 
 100 13 
 101 14 
 102 15 
 103 16 
 104 17 
 105 18 
 105 19 
 106 20 
 107 21 
 107 22 
 108 23 
 109 23 
 110 23 
 111 24 
 112 24 
 113 24 
 114 25 
 114 26 
 114 27 
 115 28 
 115 29 
 116 30 
 116 31 
 117 32 
 118 33 
 119 33 
 120 34 
 121 35 
 120 36 
 121 37 
 121 38 
 120 39 
 121 40 
 122 41 
 121 42 
 121 43 
 122 44 
 121 45 
 120 45 
 119 44 
 118 44 
 117 45 
 117 46 
 117 47 
 117 48 
 117 49 
 118 50 
 118 51 
 118 52 
 119 53 
 120 54 
 121 54 
 122 55 
 123 55 
 124 55 
 125 55 
 126 55 
 127 55 
 128 55 
 129 55 
 130 55 
 131 55 
 132 55 
 132 56 
 132 57 
 131 57 
 130 57 
 129 57 
 128 57 
 127 58 
 126 58 
 125 58 
 124 58 
 123 58 
 122 58 
 121 59 
 120 58 
 119 58 
 118 58 
 117 58 
 116 57 
 115 57 
 114 58 
 113 59 
 113 60 
 112 61 
 111 62 
 110 61 
 109 62 
 108 61 
 107 61 
 106 61 
 105 60 
 104 60 
 104 59 
 103 58 
 103 57 
 103 56 
 103 55 
 102 54 
 101 54 
 100 54 
 99 53 
 98 53 
 97 52 
 96 52 
 95 52 
 94 51 
 93 50 
 92 49 
 91 49 
 90 49 
 89 50 
 88 51 
 88 52 
 87 52 
 86 52 
 85 52 
 84 53 
 83 53 
 82 53 
 81 52 
 80 53 
 79 53 
 78 53 
 77 53 
 76 54 
 75 54 
 74 53 
 73 53 
 72 54 
 71 53 
 70 53 
 69 54 
 68 53 
 67 53 
 66 53 
 65 53 
 64 53 
 63 52 
 62 52 
 61 52 
 60 52 
 59 52 
 58 52 
 57 52 
 56 52 
 55 52 
 54 52 
 53 52 
 52 51 
 51 50 
 50 51 
 50 52 
 51 53 
 50 54 
 51 55 
 51 56 
 52 57 
 52 58 
 53 59 
 52 60 
 53 61 
 52 62 
 52 63 
 52 64 
 52 65 
 51 66 
 52 67 
 51 68 
 50 69 
 49 68 
 48 67 
 47 68 
 47 69 
 46 68 
 45 68 
 44 67 
 43 68 
 43 69 
 42 68 
 41 67 
 41 66 
 41 65 
 41 64 
 41 63 
 42 62 
 42 61 
 41 60 
 40 59 
 39 58 
 39 57 
 38 56 
 38 55 
 37 54 
 37 53 
 36 52 
 36 51 
 36 50 
 35 49 
 34 48 
 33 49 
 32 49 
 31 50 
 31 51 
 31 52 
 30 53 
 30 54 
 29 55 
 29 56 
 28 56 
 27 55 
 26 56 
 25 56 
 24 55 
 23 54 
 22 54 
 22 53 
 21 52 
 20 51 
 20 50 
 20 49 
 20 48 
 21 47 
 22 46 
 22 45 
 23 44 
 23 43 
 24 42 
 25 41 
 25 40 
 24 39 
 23 39 
 23 38 
 22 37 
 21 36 
 20 37 
 19 36 
 18 35 
 17 35 
 16 35 
 15 35 
 14 34 
 13 35 
 12 34 
 11 35 
 10 34 
 9 34 
 8 33 
 7 33 
 6 32 
 5 32 
 5 31 
 4 30 
 4 29 
 4 28 
 5 28 
 6 27 
 6 26 
 7 25 
 8 25 
 9 24 
 10 24 
 11 23 
 12 24 
 13 23 
 14 23 
 15 24 
 16 23 
 17 23 
 18 24 
 19 23 
 20 23 
 21 24 
 22 25 
 23 25 
 24 25 
 25 26 
 26 27 
 27 28 
 28 28 
 29 28 
 30 28 
 31 27 
 32 26 
 33 25 
 34 25 
 35 24 
 36 24 
 37 23 
 38 22 
 38 21 
 39 20 
 40 19 
 41 18 
 42 17 
 43 16 
 44 15 
 45 14 
 46 13 
 47 12 
 48 12 
 49 12 
 50 12 
 51 12 
 52 11 
 53 10 
 54 10 
 55 10 
 56 9 
 56 8 
 57 8 
 58 8 
 59 7 
 60 7 
 61 7 
 62 7 
 63 7 
 64 7 
 65 8 
 66 7 
 67 7 
 68 7 
 69 6 
 70 6 
 71 6 
 72 6 
 73 6 
 74 5 
 74 4