 
 30 4 
 31 4 
 32 5 
 33 6 
 34 6 
 35 7 
 36 8 
 37 9 
 38 10 
 39 10 
 40 10 
 41 11 
 42 12 
 43 13 
 43 14 
 43 15 
 44 16 
 45 17 
 46 17 
 46 18 
 47 19 
 48 20 
 47 21 
 48 22 
 49 23 
 49 24 
 50 25 
 50 26 
 51 27 
 51 28 
 52 29 
 52 30 
 53 31 
 53 32 
 54 33 
 55 34 
 56 33 
 56 32 
 57 31 
 57 30 
 58 29 
 59 28 
 59 27 
 59 26 
 60 25 
 60 24 
 61 23 
 61 22 
 62 21 
 63 20 
 64 19 
 64 18 
 64 17 
 65 16 
 66 15 
 67 14 
 68 13 
 69 12 
 69 11 
 70 11 
 71 10 
 72 9 
 73 8 
 74 8 
 75 8 
 76 7 
 77 6 
 78 7 
 79 6 
 80 6 
 81 6 
 82 6 
 83 6 
 84 6 
 85 7 
 86 7 
 87 6 
 88 7 
 89 8 
 90 7 
 91 8 
 92 9 
 93 9 
 94 10 
 95 10 
 96 11 
 97 11 
 98 12 
 99 13 
 100 14 
 101 15 
 102 16 
 103 17 
 104 17 
 104 18 
 105 19 
 106 20 
 105 21 
 106 22 
 107 23 
 107 24 
 107 25 
 107 26 
 108 27 
 107 28 
 108 29 
 108 30 
 109 31 
 109 32 
 109 33 
 109 34 
 109 35 
 109 36 
 109 37 
 108 38 
 107 39 
 107 40 
 107 41 
 107 42 
 107 43 
 107 44 
 106 45 
 107 46 
 106 47 
 105 48 
 106 49 
 105 50 
 104 51 
 104 52 
 104 53 
 103 54 
 102 55 
 102 56 
 101 57 
 100 58 
 99 59 
 98 60 
 97 61 
 96 62 
 97 63 
 96 64 
 95 64 
 94 65 
 94 66 
 93 66 
 92 67 
 91 68 
 90 69 
 89 69 
 88 70 
 87 71 
 87 72 
 86 72 
 85 73 
 84 73 
 83 74 
 82 75 
 81 76 
 80 77 
 79 76 
 78 77 
 77 78 
 76 79 
 75 80 
 74 80 
 73 80 
 72 81 
 71 82 
 70 82 
 69 83 
 68 84 
 67 84 
 66 84 
 65 85 
 64 86 
 63 87 
 62 88 
 61 87 
 60 88 
 59 89 
 59 90 
 58 90 
 57 91 
 56 91 
 55 92 
 54 91 
 53 91 
 53 90 
 52 89 
 51 88 
 50 87 
 49 86 
 48 85 
 47 84 
 46 83 
 45 82 
 44 81 
 43 81 
 42 81 
 41 80 
 40 79 
 39 78 
 38 77 
 37 76 
 36 75 
 35 75 
 34 74 
 33 73 
 32 72 
 31 71 
 30 70 
 29 70 
 28 70 
 27 69 
 26 68 
 25 67 
 24 66 
 23 65 
 22 64 
 21 63 
 20 62 
 19 62 
 18 61 
 18 60 
 17 59 
 16 59 
 15 58 
 14 57 
 13 57 
 12 56 
 12 55 
 11 54 
 10 53 
 9 52 
 8 51 
 7 50 
 6 49 
 6 48 
 5 47 
 5 46 
 5 45 
 5 44 
 4 43 
 4 42 
 4 41 
 4 40 
 4 39 
 4 38 
 5 37 
 6 36 
 6 35 
 6 34 
 6 33 
 6 32 
 7 31 
 7 30 
 8 29 
 8 28 
 9 27 
 10 26 
 11 25 
 12 24 
 12 23 
 12 22 
 13 21 
 14 20 
 15 19 
 16 18 
 17 17 
 16 16 
 17 15 
 18 14 
 19 13 
 20 12 
 20 11 
 21 11 
 22 10 
 23 9 
 24 8 
 25 7 
 26 6 
 27 6 
 28 5 
 29 4