 
 64 4 
 65 4 
 66 5 
 67 6 
 68 6 
 68 7 
 69 8 
 70 8 
 71 9 
 72 10 
 73 10 
 74 11 
 75 12 
 75 13 
 76 14 
 77 15 
 78 16 
 79 17 
 80 18 
 81 18 
 82 19 
 83 19 
 84 19 
 84 20 
 85 21 
 86 21 
 87 22 
 88 22 
 89 23 
 90 23 
 91 24 
 92 24 
 93 24 
 94 24 
 95 25 
 96 25 
 97 26 
 98 26 
 99 26 
 100 26 
 101 27 
 102 27 
 103 28 
 104 28 
 105 28 
 106 29 
 107 29 
 108 29 
 109 30 
 110 30 
 111 30 
 112 31 
 113 32 
 114 33 
 115 34 
 115 35 
 116 36 
 117 37 
 118 38 
 118 39 
 119 40 
 119 41 
 119 42 
 119 43 
 119 44 
 119 45 
 119 46 
 118 47 
 117 48 
 117 49 
 117 50 
 116 51 
 115 52 
 115 53 
 114 54 
 114 55 
 114 56 
 113 57 
 112 58 
 111 59 
 110 60 
 110 61 
 109 62 
 109 63 
 108 64 
 107 65 
 107 66 
 106 67 
 106 68 
 105 69 
 105 70 
 104 71 
 103 72 
 103 73 
 102 74 
 101 75 
 101 76 
 100 77 
 99 78 
 99 79 
 98 79 
 97 80 
 97 81 
 96 81 
 95 82 
 94 83 
 93 84 
 93 85 
 92 85 
 91 86 
 90 87 
 89 88 
 88 88 
 87 89 
 86 89 
 85 89 
 84 90 
 84 91 
 85 92 
 86 93 
 86 94 
 86 95 
 87 96 
 86 97 
 86 98 
 85 98 
 84 99 
 83 99 
 82 99 
 81 100 
 80 99 
 79 100 
 78 99 
 77 100 
 76 99 
 75 100 
 74 101 
 73 100 
 72 101 
 71 102 
 71 103 
 71 104 
 70 105 
 70 106 
 70 107 
 69 108 
 69 109 
 69 110 
 68 111 
 67 112 
 67 113 
 66 114 
 65 115 
 65 116 
 64 117 
 63 118 
 62 119 
 61 120 
 60 121 
 59 122 
 58 122 
 57 123 
 56 123 
 55 124 
 54 124 
 53 125 
 52 125 
 51 125 
 50 125 
 49 126 
 48 126 
 47 126 
 46 127 
 45 127 
 44 127 
 43 127 
 42 127 
 41 127 
 40 127 
 39 127 
 38 126 
 37 126 
 36 127 
 35 126 
 34 126 
 33 126 
 32 126 
 31 126 
 30 125 
 29 125 
 28 124 
 27 124 
 26 123 
 25 122 
 24 122 
 23 121 
 22 120 
 21 119 
 20 118 
 20 117 
 19 116 
 19 115 
 18 114 
 19 113 
 18 112 
 18 111 
 18 110 
 17 109 
 17 108 
 18 107 
 18 106 
 18 105 
 19 104 
 18 103 
 19 102 
 19 101 
 19 100 
 20 99 
 21 98 
 21 97 
 22 96 
 22 95 
 23 95 
 24 95 
 23 96 
 24 97 
 23 98 
 23 99 
 23 100 
 22 101 
 22 102 
 21 103 
 22 104 
 22 105 
 21 106 
 22 107 
 22 108 
 21 109 
 22 110 
 22 111 
 23 112 
 23 113 
 23 114 
 24 115 
 25 116 
 26 117 
 27 118 
 28 119 
 29 120 
 30 120 
 31 121 
 32 122 
 33 121 
 34 121 
 35 121 
 36 122 
 37 122 
 38 122 
 39 122 
 40 121 
 41 121 
 42 121 
 43 121 
 44 121 
 45 120 
 46 120 
 47 119 
 48 118 
 49 118 
 50 118 
 51 117 
 51 116 
 52 115 
 53 114 
 54 113 
 55 112 
 55 111 
 56 110 
 56 109 
 57 108 
 58 107 
 58 106 
 58 105 
 59 104 
 59 103 
 59 102 
 59 101 
 59 100 
 58 99 
 57 100 
 56 99 
 55 100 
 54 100 
 53 99 
 52 100 
 51 99 
 50 99 
 49 98 
 48 98 
 47 98 
 47 97 
 46 96 
 47 95 
 47 94 
 47 93 
 47 92 
 47 91 
 48 90 
 47 89 
 46 88 
 45 88 
 44 88 
 43 87 
 42 86 
 41 85 
 40 85 
 39 84 
 38 84 
 37 83 
 36 82 
 35 81 
 34 80 
 33 79 
 32 78 
 31 77 
 31 76 
 30 75 
 29 74 
 29 73 
 28 72 
 27 71 
 26 70 
 26 69 
 25 68 
 24 67 
 24 66 
 23 65 
 23 64 
 22 63 
 21 62 
 21 61 
 20 60 
 20 59 
 19 58 
 18 57 
 17 56 
 17 55 
 16 54 
 16 53 
 15 52 
 14 51 
 13 50 
 13 49 
 12 48 
 12 47 
 12 46 
 12 45 
 12 44 
 13 43 
 14 42 
 14 41 
 15 40 
 15 39 
 16 38 
 16 37 
 17 36 
 17 35 
 18 34 
 19 33 
 19 32 
 20 32 
 21 31 
 22 31 
 23 30 
 24 30 
 25 29 
 26 28 
 27 28 
 28 28 
 29 27 
 30 27 
 31 26 
 32 26 
 33 26 
 34 25 
 35 25 
 36 24 
 37 24 
 38 23 
 39 22 
 40 23 
 41 22 
 42 22 
 43 21 
 44 20 
 45 20 
 46 19 
 47 18 
 48 18 
 49 18 
 50 17 
 50 16 
 51 16 
 52 15 
 53 14 
 54 13 
 55 12 
 56 11 
 57 10 
 58 9 
 59 8 
 59 7 
 60 7 
 61 6 
 62 5 
 63 4