 
 31 4 
 32 4 
 33 5 
 34 5 
 35 6 
 36 7 
 37 8 
 38 8 
 39 9 
 40 10 
 41 11 
 42 12 
 43 13 
 44 13 
 44 14 
 45 15 
 46 16 
 47 17 
 48 18 
 49 19 
 49 20 
 49 21 
 50 22 
 51 23 
 51 24 
 51 25 
 52 26 
 52 27 
 53 28 
 54 29 
 54 30 
 54 31 
 55 32 
 56 33 
 56 34 
 56 35 
 57 36 
 58 36 
 59 35 
 59 34 
 59 33 
 60 32 
 60 31 
 61 30 
 61 29 
 62 28 
 62 27 
 63 26 
 63 25 
 64 24 
 64 23 
 65 22 
 66 21 
 67 20 
 68 19 
 68 18 
 69 17 
 69 16 
 70 15 
 71 14 
 71 13 
 72 13 
 73 12 
 74 11 
 75 10 
 75 9 
 76 9 
 77 8 
 78 8 
 79 8 
 80 8 
 81 7 
 81 6 
 82 6 
 83 6 
 84 6 
 84 7 
 85 8 
 86 8 
 87 8 
 88 9 
 89 10 
 90 11 
 91 12 
 91 13 
 91 14 
 92 15 
 93 15 
 93 16 
 94 17 
 95 18 
 95 19 
 96 20 
 97 21 
 96 22 
 97 23 
 98 24 
 99 25 
 100 26 
 101 27 
 101 28 
 102 29 
 102 30 
 103 31 
 103 32 
 104 33 
 104 34 
 105 35 
 105 36 
 106 37 
 105 38 
 106 39 
 107 40 
 106 41 
 107 42 
 108 43 
 108 44 
 107 45 
 108 46 
 108 47 
 109 48 
 109 49 
 109 50 
 109 51 
 109 52 
 109 53 
 108 53 
 107 54 
 107 55 
 107 56 
 108 57 
 107 58 
 107 59 
 106 60 
 106 61 
 105 62 
 104 63 
 103 64 
 102 65 
 102 66 
 101 66 
 100 67 
 99 68 
 98 69 
 97 70 
 96 71 
 95 72 
 95 73 
 94 73 
 93 74 
 92 75 
 91 76 
 90 77 
 89 77 
 88 77 
 87 78 
 87 79 
 86 79 
 85 80 
 84 80 
 83 81 
 82 81 
 81 82 
 81 83 
 80 83 
 79 84 
 78 84 
 77 85 
 76 86 
 75 86 
 74 86 
 73 87 
 72 87 
 71 88 
 70 88 
 69 89 
 69 90 
 68 90 
 67 91 
 66 91 
 65 92 
 64 92 
 63 93 
 63 94 
 62 95 
 61 95 
 60 95 
 59 96 
 58 97 
 57 97 
 56 96 
 55 95 
 54 94 
 53 93 
 52 92 
 51 91 
 50 90 
 49 89 
 48 88 
 47 87 
 46 86 
 45 85 
 44 84 
 43 83 
 42 83 
 41 83 
 42 82 
 41 81 
 40 82 
 39 81 
 38 80 
 37 79 
 36 78 
 35 77 
 34 76 
 33 76 
 32 75 
 31 75 
 30 74 
 30 73 
 29 72 
 28 72 
 27 71 
 26 71 
 26 70 
 25 69 
 24 69 
 23 68 
 22 67 
 21 66 
 20 65 
 19 64 
 18 64 
 18 63 
 17 62 
 16 61 
 15 60 
 14 59 
 13 58 
 12 57 
 11 56 
 10 55 
 9 54 
 8 53 
 7 52 
 6 51 
 6 50 
 6 49 
 6 48 
 5 47 
 4 46 
 4 45 
 4 44 
 4 43 
 4 42 
 4 41 
 4 40 
 5 39 
 6 38 
 6 37 
 6 36 
 6 35 
 6 34 
 7 34 
 8 33 
 7 32 
 8 31 
 9 30 
 9 29 
 9 28 
 10 27 
 11 26 
 11 25 
 12 24 
 13 23 
 14 22 
 14 21 
 15 20 
 16 19 
 17 18 
 17 17 
 18 16 
 18 15 
 19 15 
 20 14 
 21 13 
 22 12 
 21 11 
 22 10 
 23 9 
 24 8 
 25 8 
 26 7 
 26 6 
 27 5 
 28 5 
 29 5 
 30 4