 
 52 3 
 53 3 
 54 3 
 55 3 
 56 3 
 57 3 
 58 4 
 59 3 
 60 4 
 61 3 
 62 4 
 63 4 
 64 4 
 65 5 
 66 4 
 67 5 
 68 5 
 69 5 
 70 6 
 71 6 
 72 7 
 73 7 
 74 8 
 75 9 
 76 9 
 77 10 
 78 11 
 79 11 
 79 12 
 80 13 
 81 13 
 81 14 
 82 15 
 83 15 
 83 16 
 84 17 
 85 17 
 86 18 
 87 19 
 88 19 
 89 20 
 90 21 
 91 21 
 92 22 
 93 22 
 94 22 
 95 22 
 96 22 
 97 22 
 98 21 
 99 22 
 100 21 
 101 21 
 102 21 
 103 20 
 104 20 
 105 20 
 106 20 
 107 20 
 108 20 
 109 21 
 110 21 
 110 22 
 110 23 
 109 24 
 110 25 
 109 26 
 109 27 
 108 28 
 108 29 
 107 30 
 107 31 
 106 32 
 106 33 
 105 34 
 105 35 
 105 36 
 106 37 
 107 37 
 108 38 
 109 39 
 110 39 
 110 40 
 111 41 
 111 42 
 112 43 
 112 44 
 112 45 
 111 46 
 111 47 
 111 48 
 110 49 
 109 50 
 108 51 
 107 52 
 106 53 
 105 54 
 104 54 
 103 55 
 102 55 
 101 56 
 100 56 
 99 57 
 98 58 
 98 59 
 98 60 
 99 61 
 99 62 
 99 63 
 100 64 
 101 65 
 101 66 
 102 67 
 103 68 
 104 69 
 105 70 
 106 71 
 107 72 
 108 73 
 108 74 
 109 75 
 110 75 
 110 76 
 111 77 
 110 78 
 111 79 
 112 80 
 111 81 
 112 82 
 112 83 
 111 84 
 112 85 
 111 86 
 112 87 
 111 88 
 111 89 
 111 90 
 110 91 
 109 92 
 108 92 
 107 92 
 106 93 
 105 92 
 104 93 
 103 92 
 102 92 
 101 91 
 100 91 
 99 91 
 98 90 
 97 90 
 96 90 
 95 89 
 94 89 
 93 88 
 92 88 
 91 88 
 90 87 
 89 87 
 88 87 
 87 87 
 86 87 
 85 87 
 84 86 
 83 87 
 82 87 
 81 87 
 80 88 
 79 89 
 78 89 
 77 90 
 76 91 
 76 92 
 75 93 
 74 94 
 74 95 
 73 96 
 73 97 
 73 98 
 72 99 
 73 100 
 74 100 
 75 100 
 76 100 
 77 101 
 78 101 
 79 101 
 80 101 
 81 102 
 82 102 
 83 102 
 84 103 
 85 103 
 86 103 
 87 103 
 88 104 
 89 104 
 90 104 
 91 105 
 92 105 
 93 105 
 94 106 
 95 106 
 96 106 
 97 107 
 98 107 
 99 108 
 100 108 
 101 109 
 102 109 
 103 110 
 104 111 
 105 112 
 105 113 
 104 114 
 103 115 
 102 115 
 101 116 
 100 117 
 99 117 
 98 118 
 97 118 
 96 119 
 95 119 
 94 119 
 93 120 
 92 120 
 91 121 
 90 122 
 89 122 
 88 122 
 87 123 
 86 123 
 85 123 
 84 124 
 83 124 
 82 124 
 81 125 
 80 125 
 79 125 
 78 125 
 77 126 
 76 125 
 75 125 
 74 126 
 73 125 
 72 125 
 71 126 
 70 125 
 69 125 
 68 125 
 67 124 
 66 125 
 65 124 
 64 124 
 63 124 
 62 123 
 61 123 
 60 122 
 59 122 
 58 122 
 57 121 
 56 121 
 55 120 
 54 120 
 53 119 
 52 119 
 51 118 
 50 118 
 49 118 
 48 118 
 47 117 
 46 117 
 45 116 
 44 117 
 43 117 
 42 116 
 41 116 
 40 115 
 39 115 
 38 114 
 37 113 
 36 113 
 36 112 
 35 111 
 34 110 
 34 109 
 33 108 
 33 107 
 32 106 
 31 105 
 31 104 
 31 103 
 30 102 
 29 102 
 29 101 
 28 100 
 27 99 
 26 99 
 25 99 
 24 99 
 23 99 
 22 99 
 21 100 
 20 99 
 19 98 
 19 97 
 18 96 
 17 95 
 17 94 
 17 93 
 17 92 
 16 91 
 16 90 
 16 89 
 16 88 
 16 87 
 17 86 
 17 85 
 18 84 
 17 83 
 18 82 
 19 81 
 19 80 
 20 79 
 20 78 
 21 77 
 22 76 
 22 75 
 22 74 
 23 73 
 23 72 
 24 71 
 24 70 
 25 69 
 25 68 
 25 67 
 26 66 
 27 65 
 26 64 
 27 63 
 27 62 
 27 61 
 28 60 
 28 59 
 28 58 
 28 57 
 28 56 
 28 55 
 28 54 
 28 53 
 28 52 
 28 51 
 28 50 
 28 49 
 28 48 
 28 47 
 28 46 
 28 45 
 28 44 
 27 43 
 27 42 
 27 41 
 28 42 
 29 42 
 30 42 
 31 43 
 32 42 
 33 42 
 34 42 
 35 42 
 36 41 
 37 41 
 38 41 
 39 40 
 40 40 
 41 40 
 42 39 
 43 38 
 43 37 
 43 36 
 44 35 
 44 34 
 44 33 
 44 32 
 44 31 
 44 30 
 44 29 
 45 28 
 44 27 
 45 26 
 44 25 
 45 24 
 45 23 
 45 22 
 45 21 
 45 20 
 45 19 
 45 18 
 46 17 
 45 16 
 46 15 
 46 14 
 46 13 
 46 12 
 46 11 
 47 10 
 47 9 
 47 8 
 48 7 
 48 6 
 49 5 
 50 4 
 51 3