 
 74 5 
 75 6 
 75 7 
 76 8 
 77 9 
 78 10 
 78 11 
 79 12 
 80 13 
 81 14 
 82 15 
 82 16 
 83 17 
 84 18 
 85 18 
 85 19 
 86 20 
 87 21 
 88 22 
 89 23 
 90 24 
 91 25 
 91 26 
 92 27 
 93 28 
 93 29 
 94 30 
 95 31 
 96 32 
 97 33 
 98 34 
 99 35 
 99 36 
 100 37 
 101 37 
 101 38 
 102 39 
 103 39 
 104 40 
 105 41 
 105 42 
 106 43 
 107 43 
 108 44 
 109 45 
 110 46 
 111 47 
 112 48 
 113 48 
 114 49 
 115 50 
 116 51 
 117 52 
 118 53 
 119 54 
 120 55 
 121 56 
 122 57 
 123 58 
 124 59 
 124 60 
 125 61 
 126 61 
 126 62 
 126 63 
 126 64 
 126 65 
 125 66 
 125 67 
 125 68 
 124 69 
 123 70 
 122 71 
 121 72 
 120 72 
 119 73 
 118 73 
 117 74 
 116 75 
 115 75 
 114 76 
 113 77 
 112 77 
 111 78 
 110 78 
 109 79 
 108 79 
 107 80 
 106 81 
 105 81 
 104 82 
 103 83 
 102 83 
 101 84 
 100 84 
 99 85 
 98 86 
 97 86 
 96 87 
 95 87 
 94 88 
 93 88 
 92 89 
 92 90 
 91 90 
 90 91 
 89 91 
 88 92 
 87 93 
 86 93 
 85 94 
 84 94 
 83 95 
 84 96 
 84 97 
 84 98 
 84 99 
 84 100 
 84 101 
 83 101 
 82 100 
 81 101 
 80 102 
 80 103 
 79 103 
 78 104 
 78 105 
 78 106 
 77 107 
 78 108 
 78 109 
 77 110 
 78 111 
 79 111 
 78 112 
 79 113 
 78 114 
 78 115 
 78 116 
 77 117 
 78 118 
 77 119 
 77 120 
 77 121 
 77 122 
 77 123 
 77 124 
 77 125 
 77 126 
 76 127 
 75 128 
 75 129 
 74 130 
 74 131 
 73 132 
 73 133 
 72 134 
 71 135 
 70 136 
 69 137 
 68 137 
 67 138 
 66 138 
 65 139 
 64 139 
 63 139 
 62 140 
 61 139 
 60 139 
 59 140 
 58 139 
 57 139 
 56 139 
 55 139 
 54 138 
 53 138 
 52 138 
 51 137 
 50 136 
 49 136 
 48 135 
 47 134 
 46 133 
 46 132 
 47 132 
 48 133 
 49 132 
 50 132 
 51 133 
 51 134 
 52 135 
 53 135 
 54 136 
 55 137 
 56 137 
 57 136 
 56 135 
 56 134 
 57 134 
 58 134 
 59 135 
 60 135 
 61 136 
 62 136 
 63 136 
 64 136 
 65 136 
 66 135 
 67 134 
 68 133 
 69 132 
 69 131 
 70 130 
 71 129 
 71 128 
 72 127 
 72 126 
 73 125 
 72 124 
 72 123 
 72 122 
 73 121 
 73 120 
 73 119 
 73 118 
 73 117 
 73 116 
 73 115 
 72 114 
 73 113 
 73 112 
 72 111 
 72 110 
 73 109 
 72 108 
 72 107 
 71 106 
 70 105 
 69 104 
 68 103 
 68 102 
 67 101 
 67 100 
 66 99 
 65 100 
 64 100 
 64 99 
 64 98 
 65 97 
 64 96 
 65 95 
 64 94 
 63 94 
 62 94 
 61 94 
 60 93 
 59 93 
 58 93 
 57 92 
 56 91 
 55 91 
 54 90 
 53 90 
 53 89 
 52 88 
 51 88 
 50 87 
 49 86 
 48 86 
 47 85 
 46 84 
 45 83 
 44 83 
 43 82 
 42 82 
 41 81 
 40 80 
 39 80 
 38 79 
 37 79 
 36 78 
 35 77 
 34 77 
 33 76 
 32 76 
 31 75 
 30 74 
 29 74 
 28 73 
 27 73 
 26 72 
 25 72 
 24 71 
 23 70 
 22 70 
 22 69 
 21 68 
 20 67 
 19 66 
 19 65 
 19 64 
 19 63 
 19 62 
 20 61 
 21 60 
 22 59 
 22 58 
 23 57 
 24 56 
 25 55 
 26 54 
 27 54 
 28 53 
 29 52 
 30 51 
 31 50 
 32 49 
 33 48 
 34 48 
 35 47 
 36 46 
 37 45 
 38 45 
 39 44 
 40 43 
 41 43 
 42 42 
 43 41 
 44 40 
 45 39 
 46 38 
 47 37 
 48 36 
 49 35 
 50 34 
 51 33 
 52 32 
 52 31 
 53 30 
 54 29 
 55 28 
 56 27 
 57 26 
 57 25 
 58 24 
 59 23 
 59 22 
 60 22 
 61 21 
 61 20 
 62 19 
 63 18 
 64 17 
 65 16 
 66 15 
 66 14 
 67 13 
 68 12 
 69 11 
 70 10 
 70 9 
 71 8 
 72 7 
 73 6 
 73 5