 
 61 5 
 62 5 
 63 5 
 64 5 
 65 5 
 66 6 
 67 6 
 68 7 
 69 7 
 70 6 
 71 7 
 72 7 
 73 7 
 74 7 
 75 7 
 76 7 
 77 7 
 78 7 
 79 7 
 80 7 
 81 7 
 82 7 
 83 7 
 84 7 
 85 7 
 86 7 
 87 7 
 87 8 
 88 9 
 89 10 
 89 11 
 89 12 
 89 13 
 89 14 
 89 15 
 90 16 
 90 17 
 90 18 
 90 19 
 91 20 
 92 21 
 93 21 
 94 21 
 95 20 
 95 19 
 96 20 
 97 19 
 98 19 
 99 19 
 100 19 
 101 19 
 102 19 
 103 19 
 104 19 
 105 19 
 105 20 
 106 21 
 107 21 
 108 20 
 109 21 
 110 21 
 111 22 
 112 23 
 113 24 
 114 24 
 115 25 
 116 26 
 116 27 
 116 28 
 115 29 
 115 30 
 115 31 
 115 32 
 115 33 
 114 34 
 114 35 
 113 36 
 113 37 
 113 38 
 112 39 
 112 40 
 111 41 
 111 42 
 110 43 
 109 43 
 108 44 
 107 45 
 106 46 
 106 47 
 105 48 
 105 49 
 105 50 
 104 50 
 103 51 
 102 52 
 101 52 
 100 52 
 99 52 
 98 52 
 97 52 
 96 51 
 95 51 
 94 51 
 93 52 
 92 52 
 91 51 
 90 51 
 89 51 
 88 51 
 87 51 
 86 51 
 85 51 
 84 51 
 83 51 
 82 51 
 81 51 
 80 51 
 79 51 
 78 51 
 77 51 
 76 51 
 75 51 
 74 51 
 73 51 
 72 52 
 71 51 
 70 51 
 69 51 
 68 52 
 67 52 
 66 53 
 66 54 
 65 55 
 64 56 
 64 57 
 63 57 
 62 58 
 61 59 
 60 59 
 59 59 
 58 59 
 57 59 
 56 59 
 55 58 
 54 58 
 53 58 
 52 58 
 52 57 
 51 56 
 51 55 
 50 54 
 50 53 
 50 52 
 49 51 
 48 51 
 47 51 
 46 51 
 45 51 
 44 51 
 43 51 
 42 51 
 41 51 
 40 51 
 39 51 
 38 51 
 37 51 
 36 51 
 35 51 
 34 51 
 33 51 
 32 51 
 31 51 
 30 51 
 29 51 
 28 51 
 27 51 
 26 51 
 25 51 
 24 51 
 23 51 
 22 52 
 21 53 
 20 54 
 19 55 
 18 55 
 17 55 
 16 55 
 15 55 
 14 55 
 13 54 
 12 54 
 11 53 
 10 52 
 10 51 
 10 50 
 9 49 
 8 48 
 8 47 
 9 46 
 9 45 
 8 44 
 8 43 
 9 42 
 9 41 
 9 40 
 8 39 
 7 38 
 7 37 
 7 36 
 7 35 
 6 34 
 5 33 
 6 32 
 7 31 
 8 30 
 9 29 
 9 28 
 10 27 
 10 26 
 11 26 
 12 25 
 13 24 
 14 24 
 15 24 
 16 23 
 17 23 
 18 23 
 19 23 
 20 23 
 21 23 
 22 23 
 23 23 
 24 23 
 25 23 
 26 23 
 27 23 
 28 23 
 29 23 
 30 23 
 31 23 
 32 23 
 33 23 
 34 22 
 35 21 
 36 21 
 37 21 
 38 21 
 39 21 
 40 20 
 40 19 
 41 18 
 42 17 
 43 16 
 44 16 
 45 16 
 46 16 
 47 16 
 48 16 
 49 17 
 49 18 
 49 19 
 50 20 
 51 19 
 52 20 
 53 19 
 53 18 
 54 19 
 55 18 
 55 17 
 54 16 
 55 15 
 55 14 
 55 13 
 55 12 
 55 11 
 55 10 
 56 9 
 56 8 
 57 7 
 58 7 
 59 6 
 60 5