 
 17 4 
 18 5 
 19 5 
 20 6 
 21 7 
 22 7 
 22 8 
 23 9 
 24 9 
 25 9 
 26 10 
 27 11 
 28 12 
 29 13 
 29 14 
 30 15 
 31 16 
 32 16 
 33 17 
 34 18 
 35 19 
 36 20 
 37 21 
 38 20 
 39 20 
 40 19 
 41 19 
 42 19 
 43 19 
 44 19 
 45 19 
 46 19 
 47 18 
 48 18 
 49 18 
 50 18 
 51 18 
 52 18 
 53 18 
 54 18 
 55 18 
 56 18 
 57 18 
 58 18 
 59 18 
 60 18 
 61 18 
 62 18 
 63 18 
 64 18 
 65 18 
 66 18 
 67 19 
 68 19 
 69 19 
 70 19 
 71 20 
 72 20 
 73 20 
 74 20 
 75 21 
 76 21 
 77 22 
 78 21 
 79 22 
 80 22 
 81 23 
 82 23 
 83 24 
 84 24 
 85 25 
 86 25 
 87 26 
 88 26 
 88 27 
 89 28 
 90 28 
 91 29 
 92 30 
 93 31 
 94 31 
 95 32 
 96 33 
 96 34 
 97 35 
 98 35 
 99 36 
 100 37 
 101 37 
 101 38 
 102 39 
 103 40 
 104 41 
 104 42 
 104 43 
 105 44 
 105 45 
 106 46 
 106 47 
 107 48 
 107 49 
 108 50 
 108 51 
 109 52 
 109 53 
 110 54 
 110 55 
 110 56 
 110 57 
 111 58 
 110 59 
 110 60 
 111 61 
 110 62 
 111 63 
 110 64 
 110 65 
 111 66 
 110 67 
 110 68 
 110 69 
 110 70 
 109 71 
 109 72 
 109 73 
 109 74 
 109 75 
 108 76 
 108 77 
 108 78 
 109 79 
 109 80 
 108 81 
 108 82 
 108 83 
 107 84 
 108 85 
 108 86 
 108 87 
 109 88 
 108 89 
 108 90 
 107 89 
 106 90 
 105 89 
 104 90 
 103 91 
 104 92 
 105 93 
 105 94 
 105 95 
 105 96 
 105 97 
 104 98 
 104 99 
 103 99 
 102 99 
 101 99 
 100 98 
 99 98 
 99 97 
 98 96 
 97 95 
 96 95 
 95 94 
 95 93 
 95 92 
 94 91 
 93 92 
 92 91 
 91 91 
 90 91 
 89 92 
 89 93 
 88 94 
 88 95 
 88 96 
 88 97 
 89 98 
 89 99 
 89 100 
 90 101 
 89 102 
 89 103 
 89 104 
 89 105 
 89 106 
 89 107 
 88 108 
 87 109 
 87 110 
 86 110 
 85 111 
 84 111 
 83 111 
 82 111 
 81 111 
 80 111 
 79 111 
 78 111 
 77 111 
 76 111 
 75 110 
 74 109 
 73 109 
 72 109 
 73 108 
 73 107 
 72 106 
 71 106 
 71 105 
 72 105 
 73 104 
 72 103 
 73 102 
 74 102 
 75 102 
 76 101 
 77 101 
 78 100 
 77 99 
 77 98 
 77 97 
 78 96 
 77 95 
 77 94 
 77 93 
 77 92 
 78 91 
 77 90 
 78 89 
 77 88 
 78 87 
 78 86 
 77 85 
 76 86 
 75 86 
 74 85 
 73 85 
 72 85 
 71 85 
 70 84 
 69 84 
 68 83 
 67 82 
 66 82 
 66 81 
 65 80 
 64 80 
 63 79 
 62 78 
 61 78 
 60 77 
 59 77 
 58 76 
 58 75 
 57 74 
 56 74 
 55 74 
 54 73 
 53 72 
 52 71 
 51 70 
 50 69 
 49 69 
 48 68 
 47 68 
 46 67 
 45 66 
 44 65 
 43 65 
 43 64 
 42 63 
 41 63 
 41 62 
 40 61 
 39 61 
 39 60 
 38 59 
 37 58 
 36 57 
 35 57 
 35 56 
 34 55 
 33 54 
 33 53 
 32 52 
 32 51 
 31 50 
 30 49 
 30 48 
 29 47 
 28 46 
 27 46 
 26 46 
 25 46 
 24 47 
 23 48 
 22 49 
 22 50 
 21 51 
 20 52 
 19 53 
 18 54 
 18 55 
 17 55 
 16 56 
 16 57 
 15 57 
 14 56 
 13 57 
 12 57 
 11 57 
 10 56 
 9 55 
 8 54 
 7 54 
 7 53 
 6 52 
 5 51 
 4 50 
 4 49 
 5 48 
 6 48 
 7 48 
 8 48 
 9 48 
 10 48 
 11 48 
 12 47 
 12 46 
 13 45 
 13 44 
 14 43 
 15 42 
 15 41 
 16 40 
 16 39 
 17 39 
 18 38 
 18 37 
 19 36 
 20 36 
 21 35 
 21 34 
 20 33 
 19 32 
 18 31 
 18 30 
 17 29 
 16 28 
 15 27 
 15 26 
 15 25 
 14 24 
 13 23 
 13 22 
 12 21 
 12 20 
 11 19 
 12 18 
 11 17 
 11 16 
 11 15 
 10 14 
 10 13 
 10 12 
 10 11 
 10 10 
 10 9 
 10 8 
 11 7 
 12 6 
 13 5 
 14 4 
 15 4 
 16 3