 
 54 2 
 55 2 
 56 2 
 57 2 
 58 2 
 59 2 
 60 2 
 61 2 
 62 2 
 63 3 
 64 3 
 65 3 
 66 3 
 67 4 
 68 5 
 69 5 
 70 6 
 71 7 
 72 8 
 73 9 
 73 10 
 73 11 
 74 12 
 74 13 
 74 14 
 73 15 
 73 16 
 74 17 
 73 18 
 73 19 
 73 20 
 74 21 
 73 22 
 74 23 
 73 24 
 72 25 
 72 26 
 72 27 
 71 28 
 72 29 
 71 30 
 72 31 
 73 32 
 74 33 
 74 34 
 75 35 
 75 36 
 75 37 
 75 38 
 76 39 
 75 40 
 76 41 
 76 42 
 77 43 
 76 44 
 76 45 
 76 46 
 75 47 
 76 48 
 76 49 
 77 50 
 77 51 
 78 52 
 78 53 
 79 54 
 78 55 
 79 56 
 79 57 
 79 58 
 80 59 
 80 60 
 80 61 
 81 62 
 80 63 
 81 64 
 81 65 
 81 66 
 82 67 
 82 68 
 83 69 
 83 70 
 83 71 
 82 72 
 81 73 
 80 74 
 80 75 
 79 76 
 79 77 
 80 78 
 79 79 
 78 80 
 77 81 
 76 82 
 75 83 
 76 84 
 76 85 
 76 86 
 77 87 
 76 88 
 76 89 
 76 90 
 76 91 
 75 92 
 75 93 
 74 94 
 74 95 
 74 96 
 74 97 
 74 98 
 73 99 
 73 100 
 73 101 
 73 102 
 72 103 
 72 104 
 71 105 
 72 106 
 71 107 
 71 108 
 72 109 
 73 110 
 74 110 
 75 111 
 76 112 
 77 112 
 78 112 
 79 113 
 80 113 
 81 113 
 81 114 
 81 115 
 80 116 
 79 117 
 78 117 
 77 118 
 76 118 
 75 119 
 74 120 
 73 120 
 72 120 
 71 120 
 70 120 
 69 120 
 68 120 
 67 120 
 66 120 
 65 120 
 64 120 
 63 120 
 62 119 
 61 119 
 60 119 
 59 118 
 58 119 
 57 118 
 56 118 
 55 117 
 54 116 
 54 115 
 54 114 
 55 113 
 55 112 
 56 111 
 56 110 
 56 109 
 56 108 
 55 107 
 55 106 
 54 105 
 54 104 
 54 103 
 53 102 
 53 101 
 53 100 
 53 99 
 52 98 
 52 97 
 53 96 
 53 95 
 54 94 
 54 93 
 55 92 
 55 91 
 55 90 
 55 89 
 55 88 
 55 87 
 55 86 
 54 85 
 53 84 
 52 84 
 51 83 
 50 82 
 50 81 
 49 80 
 49 79 
 49 78 
 48 77 
 47 76 
 47 75 
 46 74 
 46 73 
 47 72 
 46 71 
 47 70 
 46 69 
 46 68 
 46 67 
 46 66 
 45 65 
 45 64 
 45 63 
 44 62 
 45 61 
 44 60 
 44 59 
 44 58 
 44 57 
 43 56 
 43 55 
 43 54 
 43 53 
 44 52 
 44 51 
 44 50 
 44 49 
 43 48 
 43 47 
 43 46 
 42 45 
 42 44 
 42 43 
 42 42 
 42 41 
 42 40 
 42 39 
 42 38 
 43 37 
 43 36 
 44 35 
 45 34 
 46 33 
 46 32 
 47 32 
 48 31 
 49 30 
 50 29 
 51 28 
 51 27 
 51 26 
 52 25 
 51 24 
 50 23 
 49 22 
 48 22 
 48 21 
 47 20 
 46 19 
 46 18 
 45 17 
 45 16 
 45 15 
 45 14 
 45 13 
 45 12 
 45 11 
 45 10 
 46 9 
 46 8 
 47 7 
 47 6 
 48 6 
 49 5 
 49 4 
 50 4 
 51 3 
 52 3 
 53 2