 
 12 4 
 13 3 
 14 4 
 15 3 
 16 4 
 17 4 
 18 4 
 19 3 
 20 4 
 21 3 
 22 4 
 23 4 
 24 4 
 25 4 
 26 4 
 27 4 
 28 4 
 29 4 
 30 5 
 31 5 
 32 4 
 33 5 
 34 5 
 35 5 
 36 5 
 37 5 
 38 5 
 39 6 
 40 6 
 41 7 
 42 8 
 43 9 
 43 10 
 44 11 
 44 12 
 45 13 
 45 14 
 45 15 
 45 16 
 45 17 
 44 18 
 44 19 
 44 20 
 44 21 
 44 22 
 45 23 
 46 23 
 47 23 
 48 24 
 49 24 
 50 24 
 51 24 
 52 24 
 53 25 
 54 24 
 55 25 
 56 25 
 57 25 
 58 26 
 59 26 
 60 26 
 61 26 
 62 27 
 63 26 
 64 27 
 65 27 
 66 27 
 67 28 
 68 28 
 69 28 
 70 29 
 71 29 
 72 30 
 73 29 
 74 30 
 75 30 
 76 30 
 77 31 
 78 30 
 79 31 
 80 31 
 81 31 
 82 32 
 83 32 
 84 32 
 85 33 
 86 33 
 87 34 
 88 33 
 89 34 
 90 34 
 91 34 
 92 35 
 93 35 
 94 35 
 95 36 
 96 36 
 97 36 
 98 36 
 99 37 
 100 37 
 101 38 
 102 38 
 103 39 
 104 39 
 105 39 
 106 40 
 107 40 
 108 41 
 109 41 
 110 41 
 110 42 
 111 43 
 110 44 
 110 45 
 109 46 
 108 47 
 107 47 
 106 46 
 105 46 
 104 45 
 103 45 
 102 45 
 101 44 
 100 44 
 99 44 
 98 44 
 97 43 
 96 43 
 95 42 
 94 42 
 93 42 
 92 42 
 91 41 
 90 41 
 89 41 
 88 40 
 87 40 
 86 40 
 85 39 
 84 39 
 83 39 
 82 38 
 81 38 
 80 38 
 79 38 
 78 37 
 77 37 
 76 37 
 75 36 
 74 36 
 73 35 
 72 35 
 71 35 
 70 35 
 69 34 
 68 34 
 67 34 
 66 33 
 65 33 
 64 33 
 63 33 
 62 32 
 61 32 
 60 32 
 59 31 
 58 31 
 57 31 
 56 30 
 55 30 
 54 30 
 53 30 
 52 30 
 51 30 
 50 29 
 49 29 
 48 28 
 47 28 
 46 28 
 45 28 
 44 27 
 43 28 
 42 29 
 42 30 
 41 31 
 41 32 
 41 33 
 41 34 
 40 35 
 40 36 
 40 37 
 40 38 
 40 39 
 39 40 
 39 41 
 38 42 
 37 43 
 37 44 
 36 44 
 35 45 
 34 45 
 33 46 
 32 47 
 31 47 
 30 48 
 29 47 
 28 48 
 27 47 
 26 47 
 25 46 
 24 46 
 23 46 
 22 46 
 21 46 
 20 46 
 19 46 
 18 45 
 17 46 
 16 45 
 15 45 
 14 46 
 13 45 
 12 45 
 11 45 
 10 45 
 9 45 
 8 45 
 7 45 
 6 44 
 5 45 
 4 45 
 4 44 
 3 43 
 4 42 
 5 42 
 6 41 
 7 42 
 8 42 
 9 42 
 10 41 
 11 42 
 12 42 
 13 42 
 14 42 
 15 42 
 16 42 
 17 42 
 18 42 
 19 43 
 20 43 
 21 43 
 22 42 
 23 43 
 24 43 
 25 43 
 26 44 
 27 44 
 28 45 
 29 44 
 30 44 
 31 43 
 32 43 
 33 42 
 34 42 
 35 41 
 36 40 
 37 39 
 37 38 
 37 37 
 36 36 
 35 35 
 34 35 
 33 35 
 32 34 
 31 34 
 30 34 
 29 33 
 28 33 
 27 33 
 26 33 
 25 33 
 24 32 
 23 33 
 22 33 
 21 33 
 20 33 
 19 33 
 18 33 
 17 32 
 16 33 
 15 33 
 14 32 
 13 31 
 13 30 
 14 30 
 15 29 
 16 29 
 17 30 
 18 29 
 19 30 
 20 29 
 21 30 
 22 29 
 23 29 
 24 29 
 25 29 
 26 29 
 27 29 
 28 30 
 29 30 
 30 30 
 31 31 
 32 31 
 33 31 
 33 32 
 34 33 
 35 32 
 36 33 
 37 33 
 38 32 
 38 31 
 39 30 
 39 29 
 38 28 
 37 28 
 36 28 
 35 28 
 34 28 
 33 27 
 32 27 
 31 27 
 30 26 
 29 26 
 28 26 
 27 25 
 26 25 
 25 25 
 24 25 
 23 25 
 22 26 
 21 26 
 20 26 
 19 26 
 18 26 
 17 25 
 16 26 
 15 25 
 15 24 
 15 23 
 16 22 
 17 22 
 18 23 
 19 23 
 20 23 
 21 22 
 22 22 
 23 22 
 24 21 
 25 22 
 26 22 
 27 22 
 28 22 
 29 23 
 30 23 
 31 23 
 32 23 
 33 24 
 34 24 
 35 24 
 36 25 
 37 25 
 38 25 
 39 25 
 40 24 
 40 23 
 41 22 
 41 21 
 41 20 
 40 19 
 39 19 
 38 19 
 37 19 
 36 19 
 35 19 
 34 19 
 33 19 
 32 19 
 31 19 
 30 18 
 29 18 
 28 18 
 27 18 
 26 18 
 25 18 
 24 17 
 23 17 
 22 17 
 21 17 
 20 17 
 19 17 
 18 17 
 17 16 
 17 15 
 17 14 
 18 13 
 19 14 
 20 14 
 21 14 
 22 14 
 23 14 
 24 14 
 25 15 
 26 15 
 27 15 
 28 15 
 29 15 
 30 16 
 31 16 
 32 16 
 33 16 
 34 16 
 35 15 
 36 16 
 37 16 
 38 16 
 39 16 
 40 16 
 41 16 
 42 15 
 41 14 
 41 13 
 40 12 
 40 11 
 39 10 
 39 9 
 38 8 
 37 9 
 36 8 
 35 8 
 34 9 
 33 8 
 32 8 
 31 8 
 30 8 
 29 7 
 28 7 
 27 7 
 26 7 
 25 7 
 24 7 
 23 7 
 22 7 
 21 7 
 20 7 
 19 7 
 18 7 
 17 7 
 16 7 
 15 7 
 14 7 
 13 7 
 12 6 
 11 7 
 10 7 
 9 6 
 9 5 
 9 4 
 10 4 
 11 3