 
 68 4 
 69 3 
 70 4 
 71 3 
 72 4 
 73 3 
 74 4 
 75 3 
 76 4 
 77 3 
 78 4 
 79 3 
 80 4 
 81 3 
 82 4 
 83 3 
 84 4 
 85 3 
 86 4 
 87 4 
 88 4 
 89 4 
 90 4 
 91 4 
 92 4 
 93 4 
 94 4 
 95 5 
 96 5 
 97 5 
 98 5 
 99 5 
 100 6 
 101 6 
 102 6 
 103 7 
 103 8 
 104 9 
 104 10 
 104 11 
 104 12 
 104 13 
 104 14 
 104 15 
 104 16 
 104 17 
 103 18 
 104 19 
 104 20 
 104 21 
 105 22 
 105 23 
 106 24 
 106 25 
 107 26 
 108 25 
 109 25 
 109 26 
 108 27 
 109 28 
 110 28 
 110 29 
 109 29 
 108 29 
 107 29 
 106 30 
 106 31 
 107 32 
 108 31 
 109 31 
 110 31 
 109 32 
 110 33 
 111 33 
 110 34 
 110 35 
 109 34 
 108 35 
 107 36 
 106 35 
 105 35 
 104 36 
 104 37 
 103 38 
 103 39 
 102 40 
 101 41 
 100 42 
 99 43 
 98 42 
 97 43 
 96 43 
 95 43 
 94 42 
 93 42 
 92 42 
 91 41 
 90 40 
 90 39 
 90 38 
 89 37 
 88 37 
 87 37 
 86 38 
 85 38 
 84 38 
 83 38 
 82 38 
 81 38 
 80 38 
 79 38 
 78 38 
 77 39 
 76 38 
 75 39 
 74 39 
 73 39 
 72 39 
 71 39 
 70 39 
 69 39 
 68 40 
 67 39 
 66 40 
 65 39 
 64 40 
 63 39 
 62 40 
 61 40 
 60 40 
 59 40 
 58 40 
 57 40 
 56 40 
 55 40 
 54 40 
 53 40 
 52 40 
 51 40 
 50 40 
 49 40 
 48 40 
 47 39 
 46 38 
 45 38 
 44 38 
 43 38 
 42 38 
 41 38 
 40 39 
 39 39 
 38 40 
 38 41 
 38 42 
 37 43 
 37 44 
 36 45 
 36 46 
 36 47 
 35 47 
 34 48 
 33 48 
 32 49 
 31 50 
 30 49 
 29 50 
 28 49 
 27 50 
 26 49 
 25 49 
 24 48 
 23 47 
 22 47 
 21 46 
 21 45 
 21 44 
 20 43 
 19 42 
 18 43 
 17 43 
 16 43 
 15 43 
 14 43 
 13 43 
 12 42 
 11 42 
 10 41 
 9 41 
 9 40 
 8 39 
 7 38 
 6 37 
 5 36 
 4 36 
 4 35 
 3 34 
 4 33 
 5 32 
 6 33 
 7 32 
 7 31 
 8 30 
 8 29 
 8 28 
 7 27 
 7 26 
 8 25 
 9 24 
 10 23 
 11 23 
 12 23 
 13 22 
 14 22 
 15 21 
 16 21 
 17 21 
 18 21 
 19 22 
 20 21 
 20 20 
 20 19 
 21 18 
 22 18 
 23 17 
 23 16 
 23 15 
 24 16 
 25 17 
 26 18 
 27 17 
 28 17 
 29 17 
 30 17 
 31 17 
 32 17 
 33 17 
 34 17 
 35 16 
 36 17 
 37 16 
 38 17 
 39 16 
 40 17 
 41 16 
 42 17 
 43 16 
 44 15 
 45 15 
 46 16 
 47 15 
 47 14 
 46 13 
 47 12 
 47 11 
 46 10 
 46 9 
 45 8 
 44 8 
 43 8 
 42 8 
 43 7 
 44 7 
 45 6 
 46 6 
 47 6 
 48 6 
 49 5 
 50 5 
 51 5 
 52 5 
 53 5 
 54 5 
 55 4 
 56 5 
 57 4 
 58 4 
 59 4 
 60 4 
 61 4 
 62 4 
 63 4 
 64 4 
 65 4 
 66 4 
 67 3