 
 65 4 
 66 4 
 67 4 
 68 4 
 69 5 
 70 5 
 71 4 
 72 5 
 73 4 
 74 5 
 75 4 
 76 5 
 77 4 
 78 5 
 79 5 
 80 5 
 81 5 
 82 6 
 83 5 
 84 6 
 85 6 
 86 6 
 87 6 
 88 7 
 89 6 
 90 7 
 91 7 
 92 7 
 93 8 
 94 8 
 95 9 
 96 10 
 97 10 
 98 11 
 99 12 
 100 13 
 101 14 
 102 14 
 102 15 
 102 16 
 102 17 
 102 18 
 102 19 
 103 20 
 104 20 
 105 20 
 106 21 
 107 21 
 108 22 
 109 22 
 110 22 
 111 23 
 112 23 
 113 24 
 114 24 
 115 25 
 116 26 
 117 26 
 118 26 
 119 26 
 120 26 
 120 27 
 119 28 
 118 28 
 117 28 
 116 28 
 115 28 
 114 28 
 113 27 
 112 27 
 111 27 
 110 27 
 109 27 
 108 28 
 107 27 
 106 27 
 105 28 
 104 28 
 103 28 
 102 28 
 101 28 
 100 29 
 99 30 
 99 31 
 98 32 
 98 33 
 97 34 
 96 34 
 95 35 
 94 36 
 93 36 
 92 37 
 92 38 
 91 38 
 90 39 
 89 40 
 90 41 
 91 41 
 92 42 
 93 43 
 94 44 
 93 45 
 94 46 
 93 47 
 92 48 
 92 49 
 92 50 
 91 50 
 90 51 
 89 52 
 88 52 
 87 53 
 86 54 
 86 55 
 85 55 
 85 54 
 84 53 
 83 53 
 82 54 
 82 55 
 82 56 
 81 56 
 81 55 
 81 54 
 81 53 
 81 52 
 80 51 
 79 52 
 79 53 
 79 54 
 79 55 
 78 55 
 77 54 
 76 54 
 75 53 
 75 52 
 75 51 
 75 50 
 75 49 
 75 48 
 76 48 
 77 47 
 77 46 
 77 45 
 76 44 
 75 44 
 74 44 
 73 44 
 72 44 
 71 44 
 70 44 
 69 44 
 68 45 
 67 45 
 66 46 
 65 46 
 64 46 
 63 46 
 62 46 
 61 47 
 60 46 
 59 47 
 58 46 
 57 47 
 56 47 
 55 46 
 54 47 
 53 47 
 52 47 
 51 47 
 50 47 
 49 47 
 48 47 
 47 47 
 46 47 
 45 47 
 44 46 
 43 46 
 42 46 
 41 46 
 40 46 
 39 46 
 38 47 
 37 48 
 37 49 
 37 50 
 37 51 
 36 52 
 37 53 
 36 54 
 36 55 
 36 56 
 36 57 
 35 58 
 34 58 
 33 59 
 32 60 
 32 61 
 31 60 
 30 59 
 29 59 
 28 60 
 27 60 
 27 59 
 26 58 
 25 59 
 25 60 
 24 60 
 24 59 
 24 58 
 23 57 
 22 57 
 22 56 
 22 55 
 23 55 
 24 54 
 24 53 
 25 52 
 26 52 
 27 52 
 28 51 
 28 50 
 29 49 
 29 48 
 29 47 
 30 46 
 29 45 
 30 44 
 31 44 
 32 43 
 32 42 
 31 41 
 30 41 
 29 40 
 28 39 
 27 39 
 27 38 
 26 37 
 25 37 
 24 37 
 23 37 
 22 37 
 21 37 
 20 37 
 19 38 
 18 37 
 17 36 
 16 36 
 15 36 
 14 36 
 15 35 
 16 34 
 16 33 
 16 32 
 17 31 
 16 30 
 15 30 
 14 29 
 13 28 
 12 27 
 11 27 
 10 26 
 9 26 
 8 25 
 8 24 
 7 23 
 6 23 
 5 22 
 4 21 
 4 20 
 4 19 
 3 18 
 4 17 
 3 16 
 4 15 
 4 14 
 4 13 
 5 12 
 6 12 
 7 12 
 8 13 
 9 13 
 10 13 
 11 13 
 12 13 
 13 13 
 14 13 
 15 13 
 16 13 
 17 13 
 18 13 
 19 13 
 20 14 
 21 15 
 22 15 
 23 15 
 24 15 
 24 16 
 25 17 
 26 18 
 26 19 
 27 20 
 28 19 
 28 18 
 29 18 
 30 17 
 30 16 
 31 16 
 32 15 
 33 14 
 34 13 
 35 13 
 36 12 
 37 12 
 38 11 
 39 11 
 40 11 
 41 10 
 42 10 
 43 10 
 44 10 
 45 10 
 46 9 
 47 8 
 48 8 
 49 8 
 50 7 
 51 6 
 52 6 
 53 5 
 54 6 
 55 5 
 56 6 
 57 5 
 58 5 
 59 5 
 60 5 
 61 5 
 62 5 
 63 5 
 64 4