 
 25 5 
 26 5 
 27 5 
 28 5 
 29 5 
 30 5 
 31 5 
 32 5 
 33 6 
 33 7 
 34 8 
 35 8 
 36 9 
 37 10 
 38 11 
 37 12 
 37 13 
 38 14 
 39 15 
 40 15 
 40 16 
 40 17 
 40 18 
 41 19 
 42 19 
 43 19 
 43 20 
 43 21 
 43 22 
 44 23 
 44 24 
 44 25 
 44 26 
 44 27 
 45 28 
 45 29 
 45 30 
 45 31 
 45 32 
 46 33 
 47 34 
 48 34 
 49 34 
 50 34 
 51 34 
 52 33 
 53 33 
 54 32 
 54 31 
 55 31 
 56 30 
 56 29 
 57 28 
 58 27 
 59 26 
 59 25 
 59 24 
 60 23 
 60 22 
 60 21 
 61 20 
 62 19 
 62 18 
 63 19 
 64 18 
 64 17 
 65 17 
 66 17 
 67 17 
 68 16 
 69 17 
 70 16 
 71 17 
 72 18 
 73 18 
 74 18 
 75 19 
 76 20 
 77 21 
 77 22 
 78 23 
 79 24 
 79 25 
 79 26 
 79 27 
 80 28 
 81 29 
 82 29 
 83 28 
 84 27 
 85 26 
 86 25 
 86 24 
 87 24 
 88 23 
 89 23 
 90 22 
 91 22 
 92 22 
 93 22 
 94 23 
 95 23 
 96 23 
 97 24 
 98 25 
 99 26 
 100 27 
 99 28 
 100 29 
 100 30 
 101 31 
 101 32 
 101 33 
 101 34 
 101 35 
 101 36 
 101 37 
 102 38 
 102 39 
 102 40 
 102 41 
 103 42 
 103 43 
 103 44 
 104 45 
 104 46 
 105 47 
 106 48 
 107 48 
 108 49 
 109 49 
 110 50 
 111 49 
 112 50 
 113 50 
 114 51 
 115 52 
 116 52 
 117 53 
 117 54 
 118 55 
 117 56 
 118 57 
 118 58 
 118 59 
 117 60 
 116 61 
 116 62 
 117 63 
 116 64 
 116 65 
 115 66 
 114 67 
 113 67 
 112 68 
 111 68 
 110 69 
 109 69 
 110 68 
 111 67 
 112 66 
 113 65 
 114 64 
 113 63 
 114 62 
 113 61 
 114 60 
 115 59 
 116 58 
 116 57 
 115 56 
 115 55 
 114 54 
 113 53 
 112 52 
 111 53 
 110 52 
 109 53 
 108 54 
 108 55 
 108 56 
 108 57 
 108 58 
 107 59 
 107 60 
 107 61 
 107 62 
 106 63 
 106 64 
 105 65 
 106 66 
 105 67 
 105 68 
 105 69 
 105 70 
 105 71 
 104 72 
 105 73 
 105 74 
 105 75 
 105 76 
 105 77 
 105 78 
 105 79 
 106 80 
 106 81 
 107 82 
 107 83 
 108 84 
 109 84 
 110 85 
 111 86 
 112 87 
 111 88 
 111 89 
 111 90 
 111 91 
 110 92 
 109 93 
 109 94 
 108 95 
 108 96 
 107 97 
 107 98 
 107 99 
 107 100 
 107 101 
 108 102 
 109 103 
 110 104 
 109 105 
 110 106 
 111 107 
 112 107 
 113 108 
 113 109 
 114 110 
 115 110 
 116 111 
 116 112 
 116 113 
 116 114 
 116 115 
 115 115 
 114 116 
 113 116 
 112 115 
 111 115 
 110 115 
 109 114 
 108 113 
 108 112 
 107 111 
 107 110 
 106 109 
 105 108 
 104 107 
 104 106 
 103 105 
 103 104 
 103 103 
 103 102 
 103 101 
 103 100 
 103 99 
 103 98 
 103 97 
 103 96 
 103 95 
 103 94 
 103 93 
 103 92 
 102 91 
 102 90 
 101 89 
 101 88 
 100 87 
 99 86 
 98 85 
 97 85 
 96 84 
 95 84 
 94 83 
 93 82 
 92 82 
 91 81 
 90 80 
 89 79 
 88 78 
 87 77 
 87 76 
 86 75 
 85 75 
 84 76 
 84 77 
 85 78 
 85 79 
 85 80 
 85 81 
 86 82 
 86 83 
 87 84 
 88 85 
 89 85 
 89 86 
 90 87 
 91 87 
 90 88 
 90 89 
 90 90 
 89 91 
 88 92 
 87 93 
 86 94 
 85 95 
 84 96 
 84 97 
 83 97 
 82 98 
 81 99 
 80 100 
 80 101 
 79 102 
 78 103 
 78 104 
 78 105 
 77 106 
 76 107 
 75 108 
 75 109 
 74 110 
 73 111 
 72 112 
 71 113 
 70 112 
 69 113 
 68 113 
 67 113 
 66 113 
 65 113 
 64 112 
 65 111 
 66 110 
 66 109 
 67 109 
 68 108 
 68 107 
 69 107 
 70 107 
 71 107 
 72 106 
 72 105 
 73 104 
 72 103 
 73 102 
 74 101 
 74 100 
 75 99 
 75 98 
 76 97 
 77 96 
 77 95 
 78 94 
 78 93 
 79 92 
 79 91 
 80 90 
 80 89 
 80 88 
 79 87 
 78 86 
 77 85 
 76 84 
 75 83 
 74 82 
 73 81 
 73 80 
 73 79 
 72 78 
 71 78 
 70 78 
 69 78 
 68 79 
 67 79 
 66 79 
 65 79 
 64 80 
 63 80 
 62 81 
 61 82 
 60 83 
 60 84 
 60 85 
 59 84 
 58 85 
 57 86 
 57 87 
 57 88 
 56 89 
 55 90 
 54 90 
 53 91 
 52 92 
 52 93 
 51 94 
 51 95 
 51 96 
 51 97 
 51 98 
 51 99 
 51 100 
 52 101 
 52 102 
 52 103 
 52 104 
 52 105 
 53 106 
 53 107 
 54 108 
 54 109 
 54 110 
 53 111 
 53 112 
 52 113 
 52 114 
 51 115 
 51 116 
 50 117 
 49 117 
 48 117 
 47 117 
 46 118 
 45 118 
 44 118 
 43 118 
 42 118 
 41 118 
 40 119 
 39 118 
 38 117 
 38 116 
 39 115 
 40 114 
 41 114 
 42 113 
 43 112 
 44 113 
 45 112 
 46 111 
 46 110 
 46 109 
 47 108 
 47 107 
 48 106 
 47 105 
 47 104 
 47 103 
 46 102 
 45 101 
 44 100 
 43 100 
 42 101 
 41 102 
 40 103 
 39 104 
 38 105 
 37 106 
 37 107 
 36 108 
 36 109 
 35 110 
 35 111 
 35 112 
 35 113 
 34 114 
 33 115 
 32 116 
 33 117 
 32 118 
 31 119 
 30 120 
 29 121 
 28 122 
 27 122 
 26 123 
 25 123 
 24 123 
 23 123 
 22 122 
 21 122 
 22 121 
 22 120 
 23 119 
 23 118 
 24 117 
 25 116 
 25 115 
 26 115 
 27 114 
 27 113 
 28 113 
 29 112 
 29 111 
 30 110 
 30 109 
 31 108 
 31 107 
 32 106 
 33 105 
 33 104 
 34 103 
 34 102 
 34 101 
 35 100 
 36 99 
 36 98 
 36 97 
 37 96 
 36 95 
 37 94 
 37 93 
 37 92 
 37 91 
 36 90 
 35 90 
 34 89 
 33 89 
 33 88 
 32 87 
 32 86 
 31 85 
 31 84 
 31 83 
 30 82 
 29 81 
 28 82 
 27 82 
 26 81 
 26 80 
 26 79 
 26 78 
 25 77 
 24 77 
 24 76 
 23 75 
 22 74 
 21 73 
 21 72 
 20 71 
 19 70 
 19 69 
 18 68 
 19 67 
 18 66 
 17 65 
 16 64 
 17 63 
 16 62 
 16 61 
 16 60 
 16 59 
 16 58 
 17 57 
 16 56 
 16 55 
 16 54 
 15 53 
 15 52 
 15 51 
 15 50 
 16 49 
 16 48 
 16 47 
 15 46 
 15 45 
 15 44 
 16 43 
 16 42 
 16 41 
 16 40 
 16 39 
 17 38 
 17 37 
 18 36 
 19 35 
 19 34 
 18 33 
 17 33 
 16 32 
 15 32 
 14 32 
 13 31 
 12 31 
 11 30 
 12 29 
 11 28 
 11 27 
 11 26 
 11 25 
 12 24 
 13 23 
 13 22 
 14 21 
 15 20 
 16 19 
 17 19 
 18 18 
 18 17 
 17 16 
 17 15 
 16 14 
 17 13 
 18 12 
 18 11 
 18 10 
 19 9 
 20 8 
 21 8 
 22 7 
 23 7 
 24 6 
 24 5