 
 18 4 
 19 4 
 20 4 
 21 4 
 22 4 
 23 4 
 24 4 
 25 4 
 26 4 
 27 4 
 28 4 
 29 4 
 30 4 
 31 5 
 32 5 
 33 6 
 34 6 
 35 6 
 36 7 
 36 8 
 37 9 
 38 10 
 39 11 
 40 12 
 41 12 
 42 11 
 43 12 
 44 12 
 45 12 
 46 12 
 47 12 
 48 11 
 49 11 
 50 11 
 51 11 
 52 10 
 53 9 
 54 10 
 55 10 
 56 10 
 57 10 
 58 9 
 59 10 
 60 10 
 61 10 
 62 9 
 63 8 
 64 9 
 65 9 
 66 9 
 67 9 
 68 9 
 69 9 
 70 8 
 71 9 
 72 9 
 73 8 
 74 9 
 75 8 
 76 9 
 77 9 
 78 10 
 79 10 
 80 10 
 81 10 
 82 10 
 83 11 
 84 11 
 84 12 
 85 13 
 86 13 
 87 14 
 88 14 
 89 15 
 90 15 
 91 15 
 92 15 
 93 15 
 94 15 
 95 15 
 96 15 
 97 15 
 98 15 
 99 15 
 100 15 
 101 15 
 102 15 
 103 15 
 104 15 
 105 16 
 106 16 
 107 17 
 108 18 
 108 19 
 109 20 
 109 21 
 109 22 
 109 23 
 109 24 
 108 25 
 107 26 
 107 27 
 107 28 
 106 29 
 106 30 
 105 31 
 104 32 
 103 33 
 102 34 
 102 35 
 102 36 
 101 37 
 102 38 
 102 39 
 102 40 
 102 41 
 103 42 
 103 43 
 104 44 
 103 45 
 104 46 
 105 47 
 104 48 
 104 49 
 103 49 
 102 50 
 101 51 
 100 51 
 99 51 
 98 51 
 97 51 
 96 51 
 95 51 
 94 51 
 93 51 
 92 51 
 91 51 
 90 51 
 89 50 
 88 50 
 87 49 
 86 49 
 85 48 
 84 49 
 83 48 
 82 47 
 81 46 
 80 46 
 79 45 
 78 45 
 77 44 
 76 43 
 75 43 
 74 43 
 73 43 
 72 43 
 71 43 
 70 43 
 69 44 
 68 43 
 67 44 
 66 44 
 65 44 
 64 44 
 63 45 
 62 45 
 61 45 
 60 45 
 59 45 
 58 45 
 57 45 
 56 46 
 55 46 
 54 47 
 53 47 
 52 47 
 51 47 
 50 47 
 49 48 
 49 49 
 48 49 
 47 49 
 46 49 
 45 48 
 44 49 
 43 48 
 42 47 
 41 47 
 40 47 
 39 47 
 38 47 
 37 46 
 36 46 
 35 46 
 34 45 
 33 45 
 32 44 
 31 43 
 30 42 
 29 41 
 28 41 
 27 41 
 26 40 
 26 39 
 25 38 
 24 38 
 23 39 
 22 38 
 21 38 
 20 39 
 19 40 
 18 40 
 17 40 
 16 39 
 15 40 
 14 40 
 13 40 
 12 41 
 11 41 
 10 41 
 9 42 
 8 42 
 7 42 
 6 41 
 6 40 
 6 39 
 5 38 
 4 37 
 4 36 
 4 35 
 4 34 
 4 33 
 4 32 
 4 31 
 4 30 
 5 30 
 6 29 
 6 28 
 7 28 
 8 27 
 9 26 
 9 25 
 10 24 
 11 23 
 12 23 
 13 22 
 13 21 
 14 20 
 15 19 
 15 18 
 15 17 
 15 16 
 14 15 
 15 14 
 15 13 
 14 12 
 15 11 
 15 10 
 15 9 
 15 8 
 16 7 
 17 6 
 17 5 
 17 4