 
 47 4 
 48 3 
 49 4 
 50 4 
 51 4 
 52 4 
 53 4 
 54 4 
 55 5 
 56 6 
 57 5 
 58 6 
 59 6 
 60 6 
 61 7 
 62 8 
 61 9 
 61 10 
 62 11 
 63 11 
 64 12 
 65 12 
 66 12 
 67 12 
 68 12 
 69 13 
 70 13 
 71 13 
 72 13 
 73 13 
 74 13 
 75 13 
 76 14 
 77 13 
 78 14 
 79 13 
 80 14 
 81 13 
 82 14 
 83 13 
 84 14 
 85 14 
 86 14 
 87 15 
 88 15 
 89 16 
 90 17 
 91 17 
 92 18 
 93 18 
 94 19 
 95 19 
 95 20 
 96 21 
 97 22 
 98 23 
 98 24 
 99 25 
 100 26 
 100 27 
 101 28 
 102 28 
 103 29 
 103 30 
 104 31 
 105 32 
 106 33 
 106 34 
 106 35 
 107 36 
 107 37 
 107 38 
 108 39 
 108 40 
 108 41 
 107 42 
 108 43 
 108 44 
 108 45 
 108 46 
 108 47 
 107 48 
 108 49 
 108 50 
 107 51 
 107 52 
 107 53 
 107 54 
 107 55 
 106 55 
 105 54 
 104 55 
 104 56 
 104 57 
 103 58 
 103 59 
 103 60 
 103 61 
 103 62 
 103 63 
 103 64 
 103 65 
 103 66 
 103 67 
 103 68 
 103 69 
 103 70 
 103 71 
 104 72 
 104 73 
 104 74 
 104 75 
 104 76 
 104 77 
 104 78 
 104 79 
 103 79 
 102 79 
 101 80 
 100 80 
 99 80 
 98 80 
 97 80 
 96 80 
 95 80 
 95 79 
 95 78 
 96 77 
 96 76 
 96 75 
 96 74 
 96 73 
 95 72 
 95 71 
 95 70 
 95 69 
 95 68 
 95 67 
 95 66 
 94 65 
 94 64 
 93 63 
 92 64 
 92 65 
 92 66 
 91 67 
 91 68 
 91 69 
 90 70 
 90 71 
 90 72 
 90 73 
 90 74 
 89 75 
 90 76 
 90 77 
 90 78 
 90 79 
 90 80 
 90 81 
 89 82 
 88 81 
 87 82 
 86 81 
 85 82 
 84 81 
 83 82 
 82 81 
 81 82 
 80 81 
 80 80 
 80 79 
 81 78 
 81 77 
 81 76 
 82 75 
 82 74 
 82 73 
 82 72 
 82 71 
 83 70 
 83 69 
 82 68 
 83 67 
 83 66 
 83 65 
 83 64 
 84 63 
 84 62 
 83 61 
 82 61 
 81 62 
 80 61 
 79 61 
 78 62 
 77 63 
 77 64 
 76 65 
 76 66 
 76 67 
 76 68 
 76 69 
 76 70 
 76 71 
 76 72 
 76 73 
 76 74 
 76 75 
 76 76 
 76 77 
 77 78 
 77 79 
 77 80 
 78 81 
 78 82 
 78 83 
 79 84 
 78 85 
 78 86 
 78 87 
 77 87 
 76 88 
 75 88 
 74 88 
 73 88 
 72 89 
 71 88 
 70 89 
 69 88 
 68 89 
 67 88 
 66 89 
 65 88 
 64 89 
 63 88 
 63 87 
 63 86 
 63 85 
 63 84 
 64 84 
 65 83 
 65 82 
 66 81 
 65 80 
 66 79 
 66 78 
 66 77 
 66 76 
 66 75 
 65 74 
 66 73 
 65 72 
 66 71 
 65 70 
 65 69 
 65 68 
 64 67 
 63 66 
 63 65 
 62 64 
 62 63 
 61 62 
 61 61 
 60 60 
 59 60 
 58 59 
 57 60 
 56 60 
 55 60 
 54 60 
 53 61 
 52 62 
 51 62 
 50 63 
 49 64 
 48 65 
 48 66 
 47 67 
 47 68 
 46 69 
 46 70 
 45 71 
 45 72 
 44 73 
 44 74 
 44 75 
 43 76 
 43 77 
 42 78 
 42 79 
 41 80 
 41 81 
 42 82 
 42 83 
 41 84 
 40 84 
 39 84 
 38 84 
 37 85 
 36 85 
 35 85 
 34 85 
 33 85 
 32 85 
 31 85 
 30 85 
 29 85 
 28 85 
 27 84 
 26 84 
 27 83 
 27 82 
 28 81 
 29 81 
 30 80 
 30 79 
 31 78 
 32 77 
 33 76 
 33 75 
 33 74 
 34 73 
 34 72 
 34 71 
 35 70 
 35 69 
 35 68 
 36 67 
 36 66 
 36 65 
 36 64 
 37 63 
 37 62 
 37 61 
 37 60 
 38 59 
 38 58 
 38 57 
 38 56 
 38 55 
 39 54 
 39 53 
 39 52 
 39 51 
 39 50 
 39 49 
 39 48 
 39 47 
 39 46 
 39 45 
 38 44 
 38 43 
 38 42 
 38 41 
 38 40 
 37 39 
 38 38 
 37 37 
 36 36 
 35 37 
 34 38 
 33 38 
 32 39 
 32 40 
 32 41 
 31 42 
 31 43 
 30 43 
 30 42 
 30 41 
 29 40 
 28 41 
 27 42 
 27 41 
 28 40 
 28 39 
 27 38 
 26 39 
 25 40 
 24 41 
 24 42 
 23 43 
 22 44 
 21 45 
 20 46 
 19 47 
 18 48 
 17 48 
 16 49 
 15 49 
 14 50 
 14 51 
 13 51 
 12 52 
 11 53 
 10 54 
 9 54 
 8 55 
 7 56 
 6 57 
 5 57 
 4 56 
 4 55 
 5 54 
 6 53 
 7 52 
 8 52 
 9 51 
 10 51 
 11 50 
 12 49 
 12 48 
 13 48 
 14 47 
 15 46 
 16 45 
 17 44 
 18 43 
 18 42 
 19 41 
 20 40 
 20 39 
 21 38 
 21 37 
 22 36 
 22 35 
 22 34 
 22 33 
 23 32 
 23 31 
 24 30 
 24 29 
 24 28 
 25 27 
 24 26 
 25 25 
 25 24 
 25 23 
 25 22 
 26 21 
 26 20 
 26 19 
 27 18 
 26 17 
 27 16 
 28 15 
 28 14 
 28 13 
 29 12 
 29 11 
 30 10 
 31 9 
 31 8 
 31 7 
 32 6 
 33 6 
 34 5 
 35 5 
 36 5 
 37 4 
 38 5 
 39 4 
 40 5 
 41 5 
 42 5 
 43 4 
 44 4 
 45 4 
 46 3