 
 64 4 
 65 4 
 66 3 
 67 4 
 68 4 
 69 3 
 70 4 
 71 4 
 72 4 
 73 4 
 74 5 
 75 5 
 76 6 
 77 6 
 78 6 
 79 7 
 80 7 
 81 8 
 82 8 
 83 9 
 84 10 
 85 9 
 86 10 
 87 10 
 88 11 
 89 12 
 90 12 
 90 13 
 91 14 
 92 15 
 93 15 
 93 16 
 94 17 
 95 18 
 96 19 
 96 20 
 97 21 
 97 22 
 98 23 
 99 24 
 99 25 
 100 26 
 100 27 
 100 28 
 101 29 
 101 30 
 102 31 
 102 32 
 102 33 
 103 34 
 103 35 
 103 36 
 104 37 
 104 38 
 104 39 
 104 40 
 104 41 
 105 42 
 105 43 
 105 44 
 105 45 
 105 46 
 105 47 
 105 48 
 105 49 
 105 50 
 105 51 
 105 52 
 105 53 
 105 54 
 106 55 
 107 55 
 108 56 
 109 55 
 109 54 
 110 53 
 110 52 
 110 51 
 110 50 
 111 50 
 111 51 
 111 52 
 111 53 
 111 54 
 111 55 
 111 56 
 110 56 
 109 57 
 108 57 
 107 58 
 106 58 
 105 57 
 105 56 
 104 55 
 104 54 
 104 53 
 104 52 
 104 51 
 103 50 
 104 49 
 104 48 
 103 47 
 104 46 
 104 45 
 103 44 
 103 43 
 103 42 
 102 41 
 101 42 
 101 43 
 100 44 
 100 45 
 100 46 
 100 47 
 100 48 
 100 49 
 100 50 
 100 51 
 100 52 
 100 53 
 100 54 
 100 55 
 99 56 
 99 57 
 99 58 
 99 59 
 98 60 
 98 61 
 98 62 
 97 63 
 97 64 
 97 65 
 97 66 
 98 67 
 98 68 
 98 69 
 98 70 
 99 71 
 99 72 
 99 73 
 99 74 
 100 75 
 100 76 
 100 77 
 100 78 
 101 79 
 100 80 
 100 81 
 101 82 
 100 83 
 100 84 
 100 85 
 100 86 
 99 86 
 98 87 
 97 88 
 96 88 
 95 89 
 94 89 
 93 89 
 92 89 
 91 89 
 90 88 
 89 88 
 88 87 
 88 86 
 88 85 
 88 84 
 89 83 
 89 82 
 90 81 
 90 80 
 91 79 
 90 78 
 90 77 
 90 76 
 90 75 
 90 74 
 90 73 
 89 72 
 89 71 
 88 70 
 87 69 
 87 68 
 86 67 
 85 68 
 84 69 
 83 70 
 83 71 
 82 71 
 81 72 
 81 73 
 80 74 
 79 75 
 79 76 
 78 77 
 77 78 
 77 79 
 76 80 
 75 81 
 74 82 
 73 83 
 72 83 
 71 82 
 71 81 
 71 80 
 71 79 
 71 78 
 71 77 
 71 76 
 71 75 
 71 74 
 71 73 
 71 72 
 71 71 
 71 70 
 72 69 
 73 68 
 74 67 
 74 66 
 75 65 
 75 64 
 74 63 
 73 62 
 72 62 
 71 62 
 70 62 
 69 63 
 69 64 
 69 65 
 69 66 
 68 67 
 69 68 
 68 69 
 68 70 
 68 71 
 68 72 
 68 73 
 68 74 
 68 75 
 68 76 
 68 77 
 68 78 
 68 79 
 68 80 
 68 81 
 68 82 
 68 83 
 68 84 
 68 85 
 68 86 
 69 87 
 69 88 
 68 89 
 69 90 
 69 91 
 68 92 
 68 93 
 67 94 
 66 94 
 65 95 
 64 95 
 63 96 
 62 95 
 61 95 
 60 95 
 59 95 
 58 94 
 57 94 
 56 93 
 56 92 
 56 91 
 57 90 
 57 89 
 58 88 
 59 88 
 60 87 
 60 86 
 60 85 
 60 84 
 59 83 
 59 82 
 59 81 
 58 80 
 59 79 
 59 78 
 58 77 
 58 76 
 58 75 
 58 74 
 58 73 
 58 72 
 57 71 
 58 70 
 57 69 
 57 68 
 56 67 
 56 66 
 55 65 
 54 64 
 53 63 
 52 64 
 52 65 
 52 66 
 51 67 
 52 68 
 51 69 
 51 70 
 51 71 
 50 72 
 50 73 
 49 74 
 49 75 
 49 76 
 48 77 
 48 78 
 48 79 
 48 80 
 47 81 
 47 82 
 47 83 
 46 84 
 46 85 
 46 86 
 46 87 
 45 88 
 44 89 
 43 90 
 42 89 
 41 90 
 40 90 
 39 90 
 38 90 
 37 89 
 36 90 
 35 89 
 34 89 
 33 88 
 33 87 
 33 86 
 33 85 
 34 84 
 35 83 
 36 82 
 37 82 
 38 81 
 39 80 
 39 79 
 40 78 
 39 77 
 40 76 
 39 75 
 40 74 
 39 73 
 40 72 
 40 71 
 40 70 
 40 69 
 40 68 
 40 67 
 40 66 
 41 65 
 40 64 
 40 63 
 41 62 
 41 61 
 41 60 
 41 59 
 42 58 
 41 57 
 42 56 
 42 55 
 42 54 
 43 53 
 43 52 
 43 51 
 42 50 
 42 49 
 42 48 
 42 47 
 42 46 
 42 45 
 41 44 
 40 44 
 39 44 
 38 44 
 37 45 
 36 44 
 35 45 
 34 45 
 33 46 
 32 47 
 31 48 
 31 49 
 30 50 
 30 51 
 29 50 
 28 51 
 27 50 
 26 50 
 25 50 
 24 50 
 23 51 
 22 52 
 22 53 
 22 54 
 21 55 
 20 56 
 20 57 
 19 58 
 18 59 
 17 60 
 16 60 
 15 60 
 14 60 
 13 60 
 12 60 
 11 59 
 10 60 
 9 59 
 8 59 
 7 58 
 6 57 
 6 56 
 5 55 
 5 54 
 5 53 
 5 52 
 4 51 
 5 50 
 5 49 
 5 48 
 5 47 
 5 46 
 5 45 
 6 44 
 6 43 
 6 42 
 6 41 
 7 40 
 7 39 
 7 38 
 7 37 
 6 36 
 6 35 
 5 34 
 4 34 
 4 33 
 4 32 
 3 31 
 4 30 
 5 30 
 6 30 
 7 29 
 8 29 
 8 30 
 8 31 
 8 32 
 9 33 
 9 34 
 9 35 
 10 36 
 10 37 
 10 38 
 10 39 
 10 40 
 10 41 
 10 42 
 9 43 
 9 44 
 9 45 
 8 46 
 8 47 
 9 48 
 8 49 
 9 50 
 8 51 
 9 52 
 9 53 
 10 54 
 11 55 
 12 55 
 13 55 
 14 54 
 15 55 
 16 54 
 17 53 
 18 52 
 18 51 
 18 50 
 19 49 
 19 48 
 19 47 
 19 46 
 19 45 
 19 44 
 19 43 
 19 42 
 19 41 
 20 40 
 20 39 
 20 38 
 21 37 
 21 36 
 21 35 
 22 34 
 22 33 
 23 32 
 23 31 
 24 30 
 24 29 
 25 28 
 24 27 
 25 26 
 25 25 
 25 24 
 25 23 
 25 22 
 26 21 
 26 20 
 26 19 
 27 18 
 27 17 
 27 16 
 28 15 
 28 14 
 28 13 
 29 12 
 30 12 
 31 11 
 31 10 
 32 9 
 33 8 
 34 8 
 35 7 
 36 7 
 37 7 
 38 7 
 39 7 
 40 8 
 41 8 
 42 8 
 43 9 
 44 9 
 45 9 
 46 9 
 47 9 
 48 9 
 49 9 
 50 8 
 51 8 
 52 8 
 53 7 
 54 6 
 55 6 
 56 5 
 57 5 
 58 4 
 59 4 
 60 4 
 61 4 
 62 4 
 63 3