 
 113 4 
 114 4 
 114 5 
 114 6 
 114 7 
 114 8 
 114 9 
 113 10 
 113 11 
 113 12 
 113 13 
 113 14 
 113 15 
 113 16 
 113 17 
 113 18 
 113 19 
 112 20 
 113 21 
 113 22 
 113 23 
 113 24 
 113 25 
 113 26 
 113 27 
 113 28 
 113 29 
 113 30 
 113 31 
 113 32 
 112 33 
 113 34 
 113 35 
 113 36 
 113 37 
 113 38 
 112 39 
 112 40 
 113 41 
 113 42 
 113 43 
 113 44 
 113 45 
 113 46 
 113 47 
 113 48 
 113 49 
 114 50 
 113 51 
 114 52 
 115 53 
 115 54 
 115 55 
 115 56 
 116 57 
 116 58 
 116 59 
 116 60 
 117 61 
 118 62 
 118 63 
 118 64 
 119 65 
 119 66 
 120 67 
 119 68 
 120 69 
 120 70 
 121 71 
 121 72 
 121 73 
 121 74 
 122 75 
 122 76 
 122 77 
 123 78 
 122 79 
 123 80 
 123 81 
 123 82 
 123 83 
 123 84 
 123 85 
 123 86 
 123 87 
 122 88 
 121 89 
 120 90 
 119 91 
 118 91 
 117 92 
 116 92 
 115 93 
 114 93 
 113 94 
 112 94 
 111 95 
 110 95 
 109 94 
 108 95 
 107 94 
 106 95 
 105 95 
 104 95 
 103 95 
 102 95 
 101 95 
 100 95 
 99 95 
 98 95 
 97 95 
 96 95 
 95 95 
 94 95 
 93 95 
 92 95 
 91 95 
 90 95 
 89 96 
 88 95 
 87 95 
 86 96 
 85 95 
 84 95 
 83 96 
 82 95 
 81 96 
 80 95 
 79 95 
 78 95 
 77 96 
 76 95 
 75 95 
 74 95 
 73 95 
 72 95 
 71 95 
 70 95 
 69 95 
 68 94 
 67 94 
 66 94 
 65 93 
 64 93 
 63 92 
 62 92 
 61 91 
 60 90 
 59 91 
 59 92 
 58 93 
 57 94 
 57 95 
 56 96 
 56 97 
 55 97 
 54 98 
 53 97 
 54 96 
 53 95 
 52 95 
 51 96 
 50 97 
 49 97 
 48 97 
 47 96 
 46 97 
 45 97 
 44 98 
 43 98 
 42 99 
 41 99 
 40 100 
 39 101 
 39 102 
 38 102 
 37 103 
 37 104 
 36 105 
 35 106 
 34 107 
 33 108 
 32 109 
 32 110 
 31 111 
 31 112 
 31 113 
 30 114 
 30 115 
 30 116 
 29 117 
 29 118 
 29 119 
 29 120 
 28 121 
 29 122 
 29 123 
 28 124 
 29 125 
 29 126 
 30 127 
 30 128 
 31 129 
 31 130 
 32 131 
 33 131 
 34 131 
 35 132 
 36 131 
 37 131 
 38 132 
 39 132 
 39 133 
 38 134 
 38 135 
 39 136 
 40 136 
 41 136 
 42 136 
 43 135 
 44 135 
 45 134 
 46 135 
 47 136 
 48 137 
 49 137 
 50 137 
 51 138 
 51 139 
 50 140 
 49 141 
 48 141 
 47 141 
 46 142 
 45 141 
 44 141 
 43 141 
 42 141 
 41 140 
 40 140 
 39 140 
 38 140 
 37 139 
 36 139 
 35 138 
 34 138 
 33 138 
 33 137 
 32 136 
 31 136 
 30 135 
 29 134 
 29 133 
 28 132 
 27 132 
 26 131 
 25 130 
 25 129 
 25 128 
 24 127 
 24 126 
 23 125 
 23 124 
 23 123 
 22 122 
 23 121 
 23 120 
 22 119 
 23 118 
 23 117 
 23 116 
 23 115 
 24 114 
 24 113 
 23 112 
 24 111 
 24 110 
 24 109 
 25 108 
 26 107 
 26 106 
 27 106 
 28 105 
 28 104 
 29 103 
 30 102 
 30 101 
 31 100 
 32 99 
 31 98 
 32 97 
 32 96 
 32 95 
 33 96 
 34 95 
 35 94 
 35 93 
 36 94 
 37 93 
 37 92 
 38 91 
 38 90 
 39 89 
 38 88 
 38 87 
 38 86 
 37 85 
 36 85 
 35 84 
 34 83 
 34 82 
 35 82 
 36 81 
 37 80 
 38 79 
 39 78 
 40 78 
 41 77 
 42 76 
 41 75 
 40 74 
 39 74 
 40 73 
 39 72 
 38 72 
 38 71 
 37 70 
 37 69 
 36 68 
 35 67 
 35 66 
 35 65 
 34 64 
 34 63 
 34 62 
 33 61 
 32 60 
 32 59 
 32 58 
 32 57 
 32 56 
 32 55 
 32 54 
 31 53 
 31 52 
 31 51 
 30 50 
 30 49 
 29 48 
 28 47 
 29 46 
 29 45 
 28 44 
 28 43 
 28 42 
 27 41 
 27 40 
 27 39 
 27 38 
 27 37 
 26 36 
 26 35 
 25 34 
 26 33 
 26 32 
 26 31 
 25 30 
 26 29 
 26 28 
 26 27 
 25 26 
 26 25 
 26 24 
 26 23 
 27 22 
 28 21 
 29 20 
 29 19 
 30 18 
 30 17 
 31 16 
 32 15 
 33 15 
 34 16 
 35 15 
 36 15 
 37 15 
 38 14 
 39 15 
 40 14 
 41 15 
 42 15 
 43 14 
 44 14 
 45 14 
 46 14 
 47 14 
 48 14 
 49 14 
 50 14 
 51 14 
 52 14 
 53 14 
 54 14 
 55 14 
 56 14 
 57 14 
 58 15 
 59 14 
 60 14 
 61 14 
 62 15 
 63 14 
 64 14 
 65 14 
 66 14 
 67 15 
 68 14 
 69 14 
 70 14 
 71 14 
 72 14 
 73 14 
 74 14 
 75 14 
 76 14 
 77 13 
 78 14 
 79 14 
 80 13 
 81 14 
 82 13 
 83 13 
 84 13 
 85 13 
 86 13 
 87 12 
 88 12 
 89 12 
 90 11 
 91 11 
 92 11 
 93 11 
 94 11 
 95 10 
 96 10 
 97 10 
 98 10 
 99 10 
 100 9 
 101 9 
 102 9 
 103 8 
 104 8 
 105 7 
 106 7 
 107 7 
 108 6 
 109 5 
 110 5 
 111 5 
 112 4