 
 63 5 
 64 5 
 65 5 
 66 6 
 67 6 
 68 6 
 69 6 
 70 6 
 71 6 
 72 6 
 73 6 
 74 6 
 75 6 
 76 6 
 77 6 
 78 6 
 79 6 
 80 6 
 81 6 
 82 6 
 83 6 
 84 6 
 85 6 
 86 6 
 87 7 
 88 7 
 88 8 
 88 9 
 88 10 
 88 11 
 88 12 
 88 13 
 88 14 
 88 15 
 89 16 
 90 16 
 91 17 
 92 18 
 93 19 
 94 20 
 95 20 
 96 20 
 97 21 
 98 21 
 99 21 
 100 21 
 101 21 
 102 22 
 103 22 
 104 22 
 105 22 
 106 23 
 107 22 
 108 22 
 109 23 
 110 22 
 111 23 
 112 23 
 113 23 
 113 24 
 114 25 
 114 26 
 114 27 
 114 28 
 114 29 
 114 30 
 114 31 
 114 32 
 114 33 
 114 34 
 114 35 
 113 36 
 113 37 
 112 38 
 112 39 
 111 39 
 110 40 
 110 41 
 109 42 
 108 43 
 107 44 
 106 45 
 105 46 
 104 47 
 104 48 
 103 49 
 102 50 
 101 51 
 101 52 
 100 51 
 99 52 
 98 53 
 97 53 
 96 53 
 95 53 
 94 53 
 93 53 
 93 52 
 93 51 
 92 50 
 91 49 
 90 50 
 89 49 
 88 50 
 87 49 
 86 50 
 85 49 
 84 50 
 83 49 
 82 50 
 81 50 
 80 49 
 79 50 
 78 49 
 77 50 
 76 49 
 75 50 
 74 49 
 73 50 
 72 49 
 71 49 
 70 49 
 69 49 
 68 49 
 67 49 
 66 50 
 65 51 
 64 52 
 63 53 
 62 54 
 62 55 
 61 55 
 60 55 
 59 55 
 58 55 
 57 55 
 56 55 
 55 56 
 54 56 
 53 55 
 52 54 
 51 53 
 50 52 
 49 51 
 49 50 
 49 49 
 48 48 
 47 49 
 46 49 
 45 49 
 44 49 
 43 49 
 42 49 
 41 49 
 40 49 
 39 49 
 38 49 
 37 49 
 36 49 
 35 49 
 34 49 
 33 49 
 32 49 
 31 50 
 30 49 
 29 49 
 28 49 
 27 49 
 26 49 
 25 49 
 24 49 
 23 49 
 22 50 
 21 51 
 20 51 
 19 52 
 18 53 
 17 53 
 16 53 
 15 54 
 14 54 
 13 54 
 12 54 
 11 54 
 10 54 
 9 53 
 9 52 
 9 51 
 9 50 
 9 49 
 8 48 
 8 47 
 7 46 
 6 45 
 7 44 
 6 43 
 6 42 
 7 41 
 7 40 
 7 39 
 6 38 
 6 37 
 6 36 
 5 35 
 5 34 
 5 33 
 5 32 
 5 31 
 5 30 
 6 29 
 7 28 
 8 27 
 8 26 
 9 27 
 10 26 
 10 25 
 11 26 
 12 25 
 13 25 
 14 25 
 15 25 
 16 24 
 17 25 
 18 24 
 19 24 
 20 24 
 21 24 
 22 24 
 23 23 
 24 23 
 25 23 
 26 23 
 27 23 
 28 23 
 29 23 
 30 22 
 31 23 
 32 23 
 33 22 
 34 21 
 35 20 
 36 20 
 37 19 
 38 19 
 39 18 
 40 18 
 41 18 
 42 18 
 43 17 
 44 17 
 45 17 
 46 17 
 47 17 
 48 16 
 49 16 
 50 16 
 51 17 
 52 18 
 53 18 
 54 19 
 55 18 
 56 17 
 56 16 
 57 15 
 57 14 
 57 13 
 57 12 
 57 11 
 57 10 
 57 9 
 58 8 
 59 8 
 60 7 
 61 7 
 62 6 
 62 5