 
 54 2 
 55 2 
 56 2 
 57 2 
 58 2 
 59 2 
 60 2 
 61 2 
 62 2 
 63 2 
 64 3 
 65 3 
 66 3 
 67 4 
 68 4 
 69 5 
 70 6 
 71 6 
 71 7 
 72 8 
 73 8 
 73 9 
 73 10 
 74 11 
 74 12 
 74 13 
 74 14 
 73 15 
 74 16 
 73 17 
 74 18 
 73 19 
 74 20 
 73 21 
 74 22 
 73 23 
 73 24 
 72 25 
 72 26 
 72 27 
 72 28 
 71 29 
 72 30 
 72 31 
 73 32 
 74 33 
 74 34 
 75 35 
 75 36 
 75 37 
 75 38 
 76 39 
 76 40 
 76 41 
 77 42 
 76 43 
 77 44 
 76 45 
 76 46 
 76 47 
 76 48 
 77 49 
 77 50 
 78 51 
 78 52 
 79 53 
 79 54 
 79 55 
 79 56 
 80 57 
 80 58 
 80 59 
 81 60 
 81 61 
 81 62 
 82 63 
 81 64 
 82 65 
 83 66 
 83 67 
 83 68 
 84 69 
 84 70 
 83 71 
 83 72 
 82 73 
 81 73 
 80 74 
 80 75 
 79 76 
 80 77 
 80 78 
 79 79 
 79 80 
 78 80 
 77 81 
 76 82 
 76 83 
 76 84 
 76 85 
 76 86 
 76 87 
 76 88 
 76 89 
 75 90 
 75 91 
 75 92 
 74 93 
 73 94 
 74 95 
 74 96 
 73 97 
 74 98 
 73 99 
 73 100 
 72 101 
 72 102 
 72 103 
 72 104 
 71 105 
 71 106 
 71 107 
 71 108 
 72 109 
 73 110 
 74 111 
 75 111 
 75 112 
 76 113 
 77 113 
 78 114 
 79 113 
 80 114 
 81 114 
 81 115 
 82 116 
 81 117 
 80 118 
 79 118 
 78 118 
 77 118 
 76 119 
 75 119 
 74 119 
 73 120 
 72 120 
 71 120 
 70 120 
 69 120 
 68 120 
 67 120 
 66 120 
 65 120 
 64 120 
 63 120 
 62 120 
 61 119 
 60 119 
 59 119 
 58 118 
 57 119 
 56 118 
 55 118 
 54 117 
 54 116 
 54 115 
 54 114 
 54 113 
 55 112 
 54 111 
 55 110 
 55 109 
 54 108 
 55 107 
 54 106 
 54 105 
 53 104 
 53 103 
 53 102 
 52 101 
 52 100 
 53 99 
 52 98 
 53 97 
 52 96 
 53 95 
 53 94 
 54 93 
 54 92 
 54 91 
 55 90 
 55 89 
 55 88 
 54 87 
 54 86 
 54 85 
 53 84 
 52 84 
 51 83 
 50 82 
 50 81 
 49 80 
 49 79 
 49 78 
 49 77 
 48 76 
 48 75 
 48 74 
 47 73 
 47 72 
 47 71 
 46 70 
 47 69 
 46 68 
 47 67 
 46 66 
 47 65 
 46 64 
 47 63 
 46 62 
 46 61 
 45 60 
 45 59 
 45 58 
 45 57 
 45 56 
 44 55 
 45 54 
 45 53 
 44 52 
 45 51 
 45 50 
 44 49 
 44 48 
 44 47 
 43 46 
 43 45 
 43 44 
 43 43 
 43 42 
 42 41 
 42 40 
 42 39 
 43 38 
 43 37 
 44 36 
 44 35 
 45 34 
 46 33 
 47 32 
 48 31 
 49 30 
 50 29 
 51 28 
 51 27 
 51 26 
 51 25 
 50 24 
 50 23 
 49 22 
 48 21 
 47 20 
 46 19 
 46 18 
 46 17 
 45 16 
 45 15 
 45 14 
 46 13 
 45 12 
 45 11 
 45 10 
 45 9 
 46 8 
 47 7 
 48 6 
 48 5 
 49 5 
 50 4 
 51 3 
 52 3 
 53 2