 
 10 4 
 11 4 
 12 4 
 13 4 
 14 4 
 15 4 
 16 4 
 17 4 
 18 4 
 19 4 
 20 4 
 21 4 
 22 5 
 23 4 
 24 4 
 25 4 
 26 4 
 27 4 
 28 4 
 29 4 
 30 4 
 31 5 
 32 5 
 33 5 
 34 5 
 35 4 
 36 5 
 37 4 
 38 4 
 39 5 
 40 4 
 41 4 
 42 5 
 43 5 
 44 4 
 45 5 
 46 5 
 47 5 
 48 4 
 49 4 
 50 5 
 51 5 
 52 5 
 53 4 
 54 4 
 55 5 
 56 4 
 57 4 
 58 5 
 59 4 
 60 4 
 61 5 
 62 5 
 63 4 
 64 5 
 65 5 
 66 5 
 67 4 
 68 4 
 69 5 
 70 5 
 71 5 
 72 4 
 73 4 
 74 5 
 75 4 
 76 4 
 77 4 
 78 4 
 79 4 
 80 4 
 81 4 
 82 4 
 83 4 
 84 4 
 85 4 
 85 5 
 85 6 
 85 7 
 85 8 
 86 9 
 86 10 
 86 11 
 86 12 
 86 13 
 86 14 
 86 15 
 86 16 
 86 17 
 86 18 
 86 19 
 86 20 
 85 21 
 85 22 
 84 23 
 84 24 
 84 25 
 83 26 
 82 27 
 81 28 
 80 29 
 79 29 
 78 30 
 77 31 
 77 32 
 76 32 
 75 33 
 74 33 
 73 34 
 72 35 
 71 35 
 70 35 
 69 36 
 68 36 
 67 36 
 66 37 
 65 38 
 64 38 
 63 39 
 62 40 
 61 39 
 60 40 
 60 41 
 60 42 
 60 43 
 59 44 
 60 45 
 59 46 
 59 47 
 60 48 
 60 49 
 59 50 
 60 51 
 59 52 
 59 53 
 59 54 
 60 55 
 59 56 
 59 57 
 59 58 
 59 59 
 59 60 
 59 61 
 59 62 
 59 63 
 59 64 
 59 65 
 59 66 
 59 67 
 59 68 
 59 69 
 59 70 
 59 71 
 59 72 
 59 73 
 59 74 
 59 75 
 59 76 
 59 77 
 59 78 
 59 79 
 59 80 
 59 81 
 59 82 
 59 83 
 60 84 
 61 84 
 62 84 
 63 84 
 64 85 
 65 85 
 66 86 
 67 86 
 68 87 
 69 88 
 70 87 
 71 88 
 72 88 
 73 89 
 74 89 
 75 89 
 76 90 
 77 91 
 78 91 
 79 91 
 80 92 
 81 92 
 82 93 
 83 92 
 84 93 
 85 94 
 86 94 
 87 95 
 88 95 
 89 95 
 89 96 
 88 96 
 87 96 
 86 96 
 85 96 
 84 96 
 83 96 
 82 96 
 81 96 
 80 96 
 79 96 
 78 96 
 77 96 
 76 96 
 75 96 
 74 96 
 73 96 
 72 96 
 71 96 
 70 96 
 69 96 
 68 96 
 67 96 
 66 96 
 65 96 
 64 96 
 63 96 
 62 96 
 61 96 
 60 96 
 59 96 
 58 96 
 57 96 
 56 96 
 55 96 
 54 96 
 53 96 
 52 96 
 51 96 
 50 96 
 49 96 
 48 96 
 47 96 
 46 96 
 45 96 
 44 96 
 43 96 
 42 96 
 41 96 
 40 96 
 39 96 
 38 96 
 37 96 
 36 96 
 35 96 
 34 96 
 33 96 
 32 96 
 31 96 
 30 96 
 29 96 
 28 96 
 27 96 
 26 96 
 25 96 
 24 96 
 23 96 
 22 96 
 21 96 
 20 96 
 19 96 
 18 96 
 17 96 
 16 96 
 15 96 
 14 96 
 13 96 
 12 96 
 11 96 
 11 95 
 12 95 
 13 95 
 14 95 
 15 94 
 16 94 
 17 94 
 18 94 
 19 93 
 20 92 
 21 92 
 22 92 
 23 91 
 24 92 
 25 91 
 25 90 
 26 90 
 27 90 
 28 89 
 29 89 
 30 89 
 31 89 
 32 88 
 33 88 
 34 87 
 35 88 
 36 87 
 37 86 
 38 86 
 39 86 
 40 85 
 41 85 
 42 84 
 43 84 
 44 85 
 45 84 
 46 83 
 46 82 
 46 81 
 46 80 
 46 79 
 46 78 
 46 77 
 46 76 
 46 75 
 46 74 
 46 73 
 45 72 
 45 71 
 46 70 
 45 69 
 45 68 
 45 67 
 45 66 
 45 65 
 45 64 
 45 63 
 44 62 
 45 61 
 45 60 
 45 59 
 45 58 
 45 57 
 45 56 
 45 55 
 44 54 
 45 53 
 44 52 
 45 51 
 45 50 
 44 49 
 44 48 
 44 47 
 44 46 
 44 45 
 44 44 
 44 43 
 44 42 
 43 41 
 42 41 
 41 41 
 40 40 
 39 40 
 38 40 
 37 40 
 36 39 
 35 39 
 34 38 
 33 38 
 32 38 
 31 38 
 30 38 
 30 37 
 29 36 
 28 37 
 27 36 
 26 36 
 25 36 
 24 36 
 23 35 
 22 35 
 21 34 
 20 33 
 19 32 
 18 32 
 17 32 
 16 31 
 15 30 
 14 30 
 14 29 
 13 28 
 12 28 
 12 27 
 11 26 
 10 26 
 9 25 
 9 24 
 10 23 
 9 22 
 10 21 
 9 20 
 9 19 
 9 18 
 10 17 
 9 16 
 9 15 
 9 14 
 10 13 
 9 12 
 9 11 
 9 10 
 9 9 
 9 8 
 9 7 
 9 6 
 8 5 
 9 4