 
 8 4 
 9 3 
 10 4 
 11 3 
 12 4 
 13 4 
 14 4 
 15 4 
 16 4 
 17 4 
 18 4 
 19 4 
 20 5 
 21 6 
 22 6 
 22 7 
 23 8 
 24 8 
 25 9 
 26 10 
 27 11 
 28 11 
 29 10 
 30 9 
 31 9 
 32 8 
 33 8 
 34 8 
 35 8 
 36 8 
 37 8 
 38 9 
 39 9 
 40 9 
 41 8 
 42 8 
 43 8 
 44 7 
 45 7 
 46 6 
 47 7 
 48 6 
 49 5 
 50 5 
 51 5 
 52 4 
 53 5 
 54 5 
 55 5 
 56 6 
 57 6 
 58 6 
 59 6 
 60 6 
 61 6 
 62 6 
 63 6 
 64 6 
 65 7 
 66 6 
 67 7 
 68 7 
 69 7 
 70 8 
 71 8 
 72 9 
 73 9 
 74 10 
 75 10 
 76 11 
 77 11 
 78 11 
 79 11 
 80 12 
 81 12 
 82 12 
 82 13 
 83 14 
 84 14 
 85 15 
 86 16 
 87 17 
 88 18 
 89 19 
 90 20 
 91 21 
 91 22 
 92 23 
 93 23 
 94 24 
 95 25 
 96 25 
 96 26 
 97 27 
 98 28 
 99 29 
 100 29 
 100 30 
 101 31 
 102 32 
 103 33 
 103 34 
 103 35 
 104 36 
 104 37 
 105 38 
 105 39 
 105 40 
 106 41 
 106 42 
 106 43 
 106 44 
 106 45 
 107 46 
 107 47 
 107 48 
 107 49 
 107 50 
 108 51 
 109 52 
 108 53 
 107 54 
 107 55 
 108 56 
 109 57 
 109 58 
 110 59 
 110 60 
 110 61 
 109 61 
 108 61 
 107 60 
 106 60 
 105 59 
 104 59 
 103 59 
 102 58 
 101 58 
 100 59 
 99 60 
 98 60 
 97 61 
 96 60 
 95 61 
 96 62 
 97 63 
 98 64 
 98 65 
 98 66 
 97 67 
 98 68 
 98 69 
 98 70 
 97 71 
 96 72 
 95 73 
 94 73 
 93 74 
 92 74 
 91 74 
 90 75 
 89 74 
 88 74 
 87 75 
 86 75 
 85 74 
 84 74 
 83 73 
 82 72 
 83 71 
 83 70 
 83 69 
 84 68 
 85 67 
 86 66 
 86 65 
 86 64 
 85 63 
 84 62 
 83 61 
 82 61 
 81 61 
 80 60 
 79 60 
 78 60 
 77 60 
 76 60 
 75 60 
 74 60 
 73 59 
 72 59 
 71 59 
 70 59 
 69 59 
 68 59 
 67 59 
 66 59 
 65 58 
 64 58 
 63 58 
 62 58 
 61 58 
 60 57 
 59 57 
 58 57 
 57 56 
 56 56 
 55 56 
 54 55 
 53 56 
 52 55 
 51 55 
 50 54 
 49 54 
 48 54 
 47 53 
 46 53 
 45 52 
 44 51 
 43 50 
 42 50 
 41 50 
 40 49 
 39 48 
 38 49 
 38 50 
 38 51 
 37 52 
 37 53 
 36 54 
 35 55 
 34 55 
 33 55 
 32 55 
 31 55 
 30 55 
 29 55 
 28 55 
 27 56 
 26 56 
 25 55 
 24 55 
 23 54 
 24 53 
 24 52 
 24 51 
 24 50 
 24 49 
 25 48 
 26 47 
 27 46 
 28 47 
 29 47 
 30 46 
 29 45 
 30 44 
 31 43 
 30 42 
 31 41 
 31 40 
 32 39 
 31 38 
 31 37 
 30 36 
 30 35 
 29 34 
 28 34 
 28 33 
 27 32 
 28 31 
 27 30 
 27 29 
 27 28 
 26 27 
 25 27 
 24 26 
 23 25 
 22 25 
 22 24 
 21 23 
 20 23 
 19 23 
 18 22 
 17 21 
 16 20 
 15 20 
 14 19 
 13 18 
 12 18 
 12 17 
 11 16 
 10 16 
 9 15 
 8 14 
 7 14 
 6 13 
 5 13 
 4 13 
 4 12 
 3 11 
 4 10 
 3 9 
 4 8 
 4 7 
 4 6 
 4 5 
 5 5 
 6 4 
 7 3