 
 62 5 
 63 5 
 64 6 
 65 7 
 65 8 
 66 9 
 67 10 
 68 11 
 69 12 
 70 13 
 71 13 
 72 13 
 73 14 
 74 15 
 75 16 
 76 16 
 77 17 
 77 18 
 78 19 
 79 20 
 80 21 
 80 22 
 81 23 
 81 24 
 82 25 
 83 26 
 83 27 
 84 28 
 85 29 
 86 30 
 87 31 
 88 32 
 89 32 
 90 33 
 91 34 
 92 35 
 93 36 
 94 36 
 95 37 
 96 38 
 97 38 
 98 39 
 99 39 
 100 40 
 101 40 
 102 41 
 103 41 
 104 42 
 105 42 
 106 43 
 107 43 
 108 44 
 109 45 
 110 45 
 111 46 
 112 47 
 113 48 
 113 49 
 114 50 
 114 51 
 114 52 
 114 53 
 114 54 
 113 55 
 112 56 
 111 56 
 110 57 
 109 58 
 108 58 
 107 59 
 106 59 
 105 60 
 105 61 
 104 61 
 103 62 
 103 63 
 102 63 
 101 64 
 100 65 
 99 66 
 99 67 
 98 68 
 97 69 
 97 70 
 96 71 
 95 72 
 94 73 
 94 74 
 93 75 
 92 76 
 91 76 
 90 77 
 89 78 
 88 78 
 87 79 
 86 79 
 85 79 
 84 79 
 83 79 
 82 79 
 81 78 
 80 78 
 79 78 
 78 79 
 79 80 
 79 81 
 79 82 
 79 83 
 78 84 
 78 85 
 77 84 
 76 83 
 75 82 
 74 82 
 74 81 
 73 80 
 72 81 
 72 82 
 72 83 
 71 84 
 72 85 
 72 86 
 71 87 
 71 88 
 70 89 
 70 90 
 70 91 
 69 92 
 68 92 
 67 91 
 67 90 
 67 89 
 66 88 
 65 89 
 64 90 
 65 91 
 64 92 
 65 93 
 64 94 
 63 95 
 62 96 
 63 97 
 63 98 
 62 99 
 61 98 
 60 99 
 61 100 
 60 101 
 60 102 
 59 102 
 58 103 
 59 104 
 58 105 
 58 106 
 57 105 
 56 106 
 57 107 
 56 108 
 55 108 
 54 109 
 54 110 
 53 110 
 52 111 
 51 112 
 50 113 
 49 114 
 48 113 
 47 114 
 46 115 
 45 116 
 44 116 
 43 117 
 42 117 
 41 117 
 40 117 
 39 117 
 38 117 
 37 117 
 36 116 
 35 117 
 34 117 
 33 117 
 32 116 
 31 117 
 30 116 
 29 116 
 28 115 
 27 116 
 26 116 
 26 115 
 25 114 
 24 115 
 23 115 
 24 114 
 23 113 
 22 113 
 21 113 
 20 112 
 19 113 
 18 113 
 19 112 
 18 111 
 17 111 
 16 110 
 15 110 
 14 110 
 13 110 
 12 111 
 11 111 
 10 111 
 9 111 
 9 110 
 9 109 
 9 108 
 10 108 
 11 107 
 12 108 
 13 107 
 14 108 
 15 108 
 16 107 
 16 106 
 17 105 
 18 105 
 19 106 
 20 105 
 21 106 
 22 106 
 22 107 
 23 108 
 24 109 
 25 108 
 26 108 
 27 108 
 28 108 
 29 108 
 30 109 
 31 109 
 32 110 
 32 111 
 33 112 
 34 112 
 35 113 
 36 113 
 37 113 
 38 112 
 39 112 
 40 111 
 41 112 
 42 112 
 43 111 
 43 110 
 44 111 
 45 110 
 45 109 
 46 109 
 47 108 
 47 107 
 48 107 
 49 106 
 49 105 
 50 105 
 51 104 
 51 103 
 52 102 
 52 101 
 52 100 
 53 99 
 54 98 
 54 97 
 54 96 
 55 95 
 55 94 
 55 93 
 54 92 
 54 91 
 54 90 
 53 89 
 52 88 
 53 87 
 53 86 
 52 85 
 53 84 
 53 83 
 53 82 
 53 81 
 52 80 
 51 81 
 50 82 
 50 83 
 50 84 
 49 84 
 48 84 
 48 83 
 48 82 
 48 81 
 48 80 
 48 79 
 49 78 
 48 77 
 47 77 
 46 78 
 45 78 
 44 78 
 43 79 
 42 79 
 41 79 
 40 79 
 39 79 
 38 78 
 37 78 
 36 78 
 35 78 
 34 77 
 33 76 
 32 75 
 31 75 
 30 74 
 30 73 
 29 72 
 28 72 
 28 71 
 27 70 
 26 69 
 25 68 
 24 67 
 23 66 
 23 65 
 22 64 
 21 63 
 20 62 
 19 62 
 18 61 
 17 60 
 16 59 
 15 58 
 14 57 
 13 57 
 12 56 
 11 55 
 10 54 
 10 53 
 10 52 
 10 51 
 10 50 
 11 49 
 12 48 
 13 47 
 14 46 
 15 46 
 16 45 
 17 44 
 18 44 
 19 44 
 20 43 
 21 42 
 22 41 
 23 41 
 24 40 
 25 40 
 26 39 
 27 38 
 28 38 
 29 37 
 30 36 
 31 36 
 32 36 
 33 35 
 33 34 
 34 34 
 35 33 
 36 32 
 37 32 
 38 31 
 38 30 
 39 30 
 40 29 
 40 28 
 41 27 
 42 26 
 43 25 
 44 24 
 45 23 
 45 22 
 46 21 
 47 20 
 48 19 
 48 18 
 49 17 
 50 16 
 51 15 
 52 14 
 53 14 
 54 14 
 55 13 
 55 12 
 56 12 
 57 11 
 58 11 
 59 10 
 59 9 
 60 8 
 60 7 
 61 6 
 61 5