 
 32 4 
 33 3 
 34 4 
 35 3 
 36 4 
 37 3 
 38 4 
 39 3 
 40 4 
 41 3 
 42 4 
 43 4 
 44 4 
 45 4 
 46 4 
 47 4 
 48 4 
 49 4 
 50 4 
 51 4 
 52 5 
 52 6 
 53 7 
 54 7 
 55 7 
 56 7 
 57 7 
 58 8 
 59 7 
 60 8 
 61 8 
 62 8 
 63 9 
 64 9 
 65 9 
 66 8 
 67 9 
 68 9 
 69 10 
 70 9 
 71 9 
 72 10 
 73 10 
 74 10 
 75 10 
 76 10 
 77 10 
 78 10 
 79 10 
 80 10 
 81 10 
 82 10 
 83 10 
 84 11 
 85 10 
 86 11 
 87 11 
 88 12 
 89 12 
 90 13 
 91 14 
 92 14 
 93 15 
 94 16 
 95 16 
 96 17 
 97 17 
 98 17 
 99 18 
 100 19 
 101 19 
 102 20 
 103 21 
 103 22 
 104 23 
 105 24 
 105 25 
 106 26 
 106 27 
 107 28 
 107 29 
 108 30 
 108 31 
 107 32 
 108 33 
 108 34 
 108 35 
 107 36 
 108 37 
 108 38 
 108 39 
 108 40 
 108 41 
 108 42 
 109 43 
 108 44 
 108 45 
 108 46 
 108 47 
 108 48 
 108 49 
 108 50 
 108 51 
 107 52 
 108 53 
 108 54 
 108 55 
 108 56 
 108 57 
 108 58 
 108 59 
 108 60 
 108 61 
 108 62 
 108 63 
 108 64 
 109 65 
 109 66 
 109 67 
 110 68 
 110 69 
 110 70 
 110 71 
 111 72 
 110 73 
 109 73 
 108 72 
 108 71 
 108 70 
 108 69 
 108 68 
 108 67 
 107 66 
 107 65 
 107 64 
 107 63 
 107 62 
 107 61 
 107 60 
 106 59 
 106 58 
 105 57 
 104 56 
 103 57 
 103 58 
 103 59 
 103 60 
 102 61 
 102 62 
 101 63 
 101 64 
 100 65 
 100 66 
 100 67 
 99 68 
 100 69 
 99 70 
 99 71 
 99 72 
 99 73 
 99 74 
 98 75 
 99 76 
 98 77 
 98 78 
 98 79 
 97 80 
 97 81 
 97 82 
 98 83 
 97 84 
 97 85 
 97 86 
 97 87 
 97 88 
 96 89 
 95 89 
 94 89 
 93 89 
 92 89 
 91 90 
 90 90 
 89 90 
 89 89 
 89 88 
 89 87 
 89 86 
 90 85 
 90 84 
 90 83 
 90 82 
 90 81 
 90 80 
 90 79 
 90 78 
 90 77 
 90 76 
 90 75 
 90 74 
 90 73 
 90 72 
 90 71 
 90 70 
 90 69 
 90 68 
 89 67 
 88 67 
 87 68 
 87 69 
 87 70 
 87 71 
 87 72 
 87 73 
 87 74 
 87 75 
 87 76 
 87 77 
 87 78 
 86 79 
 86 80 
 86 81 
 85 82 
 86 83 
 85 84 
 85 85 
 85 86 
 84 86 
 83 87 
 82 87 
 81 87 
 80 87 
 79 87 
 78 87 
 77 87 
 76 86 
 75 86 
 74 86 
 74 85 
 74 84 
 74 83 
 75 82 
 76 81 
 76 80 
 77 79 
 77 78 
 77 77 
 77 76 
 78 75 
 77 74 
 78 73 
 77 72 
 78 71 
 78 70 
 78 69 
 78 68 
 78 67 
 78 66 
 79 65 
 79 64 
 79 63 
 79 62 
 79 61 
 79 60 
 79 59 
 78 58 
 77 58 
 76 58 
 75 59 
 74 58 
 73 58 
 72 58 
 71 57 
 70 58 
 69 58 
 68 58 
 67 57 
 66 57 
 65 57 
 64 56 
 63 57 
 62 58 
 62 59 
 61 60 
 62 61 
 61 62 
 61 63 
 62 64 
 62 65 
 62 66 
 62 67 
 62 68 
 62 69 
 63 70 
 63 71 
 62 72 
 63 73 
 63 74 
 63 75 
 64 76 
 64 77 
 65 78 
 66 79 
 66 80 
 66 81 
 66 82 
 66 83 
 65 83 
 64 84 
 63 85 
 62 84 
 61 85 
 61 86 
 60 86 
 59 86 
 58 87 
 57 88 
 56 88 
 56 87 
 56 86 
 57 85 
 56 84 
 56 83 
 55 82 
 55 81 
 55 80 
 55 79 
 55 78 
 55 77 
 55 76 
 55 75 
 55 74 
 55 73 
 55 72 
 54 71 
 54 70 
 54 69 
 54 68 
 54 67 
 54 66 
 54 65 
 54 64 
 54 63 
 53 62 
 52 62 
 51 63 
 51 64 
 51 65 
 51 66 
 51 67 
 51 68 
 51 69 
 51 70 
 51 71 
 51 72 
 51 73 
 52 74 
 52 75 
 52 76 
 52 77 
 52 78 
 52 79 
 52 80 
 52 81 
 53 82 
 53 83 
 53 84 
 53 85 
 53 86 
 53 87 
 52 88 
 51 88 
 50 88 
 49 88 
 48 89 
 47 88 
 46 89 
 45 88 
 44 88 
 43 88 
 42 88 
 41 87 
 42 86 
 43 85 
 43 84 
 43 83 
 44 82 
 44 81 
 43 80 
 43 79 
 43 78 
 43 77 
 43 76 
 43 75 
 42 74 
 42 73 
 42 72 
 42 71 
 42 70 
 41 69 
 42 68 
 41 67 
 41 66 
 41 65 
 41 64 
 41 63 
 41 62 
 41 61 
 41 60 
 41 59 
 41 58 
 41 57 
 41 56 
 40 55 
 41 54 
 40 53 
 40 52 
 40 51 
 40 50 
 40 49 
 40 48 
 39 47 
 40 46 
 39 45 
 40 44 
 39 43 
 40 42 
 39 41 
 38 41 
 38 40 
 37 39 
 36 40 
 35 39 
 34 40 
 33 39 
 32 38 
 31 38 
 30 39 
 29 39 
 28 39 
 27 40 
 26 40 
 25 41 
 24 42 
 24 43 
 23 44 
 24 45 
 23 46 
 22 47 
 21 47 
 21 46 
 21 45 
 20 44 
 19 45 
 18 46 
 18 47 
 18 48 
 18 49 
 17 50 
 17 51 
 16 52 
 16 53 
 16 54 
 17 55 
 16 56 
 16 57 
 16 58 
 16 59 
 16 60 
 16 61 
 16 62 
 16 63 
 16 64 
 16 65 
 16 66 
 17 67 
 16 68 
 16 69 
 16 70 
 17 71 
 17 72 
 16 73 
 17 74 
 17 75 
 17 76 
 17 77 
 17 78 
 17 79 
 17 80 
 16 81 
 17 82 
 16 83 
 16 84 
 16 85 
 15 86 
 14 87 
 13 88 
 13 89 
 12 90 
 11 90 
 10 91 
 9 91 
 8 91 
 7 91 
 6 90 
 6 89 
 7 88 
 8 88 
 9 87 
 10 86 
 10 85 
 11 84 
 11 83 
 11 82 
 12 81 
 11 80 
 12 79 
 12 78 
 12 77 
 12 76 
 12 75 
 12 74 
 12 73 
 12 72 
 12 71 
 11 70 
 12 69 
 11 68 
 11 67 
 11 66 
 11 65 
 11 64 
 10 63 
 9 63 
 8 64 
 8 65 
 7 66 
 6 66 
 5 67 
 4 67 
 4 66 
 5 65 
 6 64 
 7 63 
 8 62 
 9 61 
 9 60 
 10 59 
 9 58 
 10 57 
 9 56 
 10 55 
 9 54 
 10 53 
 9 52 
 10 51 
 9 50 
 10 49 
 9 48 
 10 47 
 9 46 
 10 45 
 9 44 
 10 43 
 9 42 
 10 41 
 10 40 
 10 39 
 10 38 
 10 37 
 10 36 
 10 35 
 11 34 
 11 33 
 12 32 
 11 31 
 12 30 
 12 29 
 12 28 
 13 27 
 13 26 
 13 25 
 13 24 
 13 23 
 13 22 
 14 21 
 14 20 
 14 19 
 14 18 
 15 17 
 15 16 
 16 15 
 17 14 
 17 13 
 17 12 
 17 11 
 18 10 
 18 9 
 19 8 
 19 7 
 20 7 
 21 6 
 22 5 
 23 6 
 24 5 
 25 5 
 26 5 
 27 4 
 28 4 
 29 4 
 30 4 
 31 3