 
 50 6 
 51 5 
 52 5 
 53 5 
 54 5 
 55 5 
 56 5 
 57 5 
 58 5 
 59 5 
 60 5 
 61 6 
 62 5 
 63 5 
 64 6 
 65 5 
 66 6 
 67 6 
 68 6 
 69 6 
 70 7 
 71 7 
 72 8 
 73 8 
 74 9 
 75 9 
 76 10 
 77 10 
 78 11 
 79 12 
 80 12 
 80 13 
 81 14 
 82 14 
 82 15 
 83 16 
 84 16 
 85 17 
 86 18 
 87 19 
 88 20 
 89 20 
 90 21 
 91 22 
 92 22 
 92 23 
 93 24 
 92 25 
 92 26 
 92 27 
 91 28 
 90 29 
 90 30 
 89 31 
 89 32 
 89 33 
 89 34 
 90 35 
 91 36 
 92 36 
 93 36 
 94 37 
 95 37 
 96 37 
 97 37 
 98 37 
 99 37 
 100 37 
 101 37 
 102 37 
 103 37 
 104 36 
 105 36 
 106 37 
 107 38 
 108 38 
 108 39 
 109 40 
 110 41 
 110 42 
 110 43 
 110 44 
 110 45 
 110 46 
 110 47 
 109 48 
 109 49 
 109 50 
 108 51 
 108 52 
 107 53 
 106 54 
 106 55 
 105 56 
 105 57 
 104 58 
 103 59 
 102 60 
 101 61 
 100 62 
 99 63 
 98 64 
 97 65 
 96 65 
 95 66 
 94 67 
 93 68 
 92 68 
 91 69 
 90 69 
 89 70 
 89 71 
 90 72 
 90 73 
 91 74 
 92 75 
 93 76 
 94 76 
 95 77 
 96 77 
 97 77 
 98 77 
 99 77 
 100 78 
 101 78 
 102 78 
 103 78 
 104 78 
 105 78 
 106 78 
 107 79 
 108 79 
 109 79 
 110 80 
 111 80 
 111 81 
 112 82 
 112 83 
 112 84 
 112 85 
 112 86 
 112 87 
 111 88 
 111 89 
 110 90 
 109 91 
 108 91 
 107 91 
 106 91 
 105 91 
 104 90 
 103 91 
 102 90 
 101 90 
 100 89 
 99 89 
 98 89 
 97 88 
 96 88 
 95 87 
 94 87 
 93 87 
 92 87 
 91 86 
 90 86 
 89 86 
 88 86 
 87 86 
 86 86 
 85 86 
 84 86 
 83 86 
 82 87 
 81 87 
 80 88 
 79 89 
 78 90 
 77 91 
 77 92 
 76 93 
 75 94 
 75 95 
 74 96 
 75 97 
 76 98 
 77 99 
 78 99 
 79 99 
 80 100 
 81 99 
 82 100 
 83 100 
 84 101 
 85 100 
 86 101 
 87 101 
 88 101 
 89 102 
 90 102 
 91 103 
 92 103 
 93 103 
 94 103 
 95 104 
 96 104 
 97 105 
 98 105 
 99 105 
 100 106 
 101 106 
 102 107 
 103 107 
 104 108 
 105 108 
 105 109 
 106 110 
 106 111 
 105 112 
 104 112 
 103 113 
 102 113 
 101 114 
 100 115 
 99 115 
 98 116 
 97 116 
 96 117 
 95 117 
 94 118 
 93 118 
 92 119 
 91 119 
 90 119 
 89 120 
 88 120 
 87 121 
 86 121 
 85 121 
 84 122 
 83 122 
 82 122 
 81 122 
 80 123 
 79 122 
 78 123 
 77 123 
 76 123 
 75 123 
 74 123 
 73 123 
 72 123 
 71 122 
 70 123 
 69 122 
 68 122 
 67 122 
 66 121 
 65 121 
 64 120 
 63 120 
 62 120 
 61 119 
 60 119 
 59 118 
 58 118 
 57 118 
 56 117 
 55 117 
 54 116 
 53 116 
 52 116 
 51 115 
 50 115 
 49 114 
 48 114 
 47 114 
 46 114 
 45 114 
 44 113 
 43 113 
 42 113 
 41 112 
 40 111 
 39 110 
 38 109 
 38 108 
 37 107 
 37 106 
 36 105 
 35 104 
 35 103 
 34 102 
 34 101 
 33 100 
 32 99 
 31 98 
 30 98 
 29 97 
 28 97 
 27 97 
 26 98 
 25 98 
 24 98 
 24 97 
 23 96 
 22 95 
 22 94 
 21 93 
 21 92 
 21 91 
 21 90 
 20 89 
 20 88 
 20 87 
 20 86 
 21 85 
 21 84 
 21 83 
 22 82 
 22 81 
 23 80 
 23 79 
 24 78 
 24 77 
 25 76 
 25 75 
 26 74 
 26 73 
 27 72 
 28 71 
 28 70 
 28 69 
 29 68 
 29 67 
 30 66 
 30 65 
 30 64 
 30 63 
 31 62 
 31 61 
 31 60 
 31 59 
 31 58 
 32 57 
 32 56 
 32 55 
 31 54 
 32 53 
 32 52 
 31 51 
 31 50 
 31 49 
 31 48 
 30 47 
 30 46 
 29 45 
 29 44 
 29 43 
 28 42 
 28 41 
 27 40 
 26 39 
 25 38 
 24 37 
 23 36 
 22 35 
 21 34 
 20 34 
 20 33 
 19 32 
 18 31 
 17 31 
 17 30 
 16 29 
 16 28 
 17 27 
 18 26 
 19 25 
 20 24 
 21 24 
 22 24 
 23 23 
 24 22 
 25 21 
 26 20 
 27 19 
 28 18 
 29 18 
 30 17 
 30 16 
 31 16 
 32 15 
 33 14 
 34 14 
 35 13 
 36 12 
 37 11 
 38 11 
 39 10 
 40 10 
 41 9 
 42 9 
 43 8 
 44 8 
 45 7 
 46 7 
 47 6 
 48 6 
 49 5