 
 53 6 
 54 5 
 55 6 
 55 7 
 55 8 
 55 9 
 55 10 
 56 11 
 57 12 
 57 13 
 57 14 
 57 15 
 57 16 
 57 17 
 57 18 
 58 19 
 59 19 
 60 20 
 61 20 
 62 19 
 62 18 
 63 19 
 64 20 
 65 19 
 65 18 
 66 19 
 67 20 
 68 19 
 69 20 
 68 21 
 67 22 
 66 22 
 65 22 
 64 23 
 63 23 
 62 24 
 61 24 
 60 25 
 59 25 
 58 24 
 57 25 
 57 26 
 56 27 
 56 28 
 56 29 
 56 30 
 56 31 
 56 32 
 56 33 
 56 34 
 57 35 
 57 36 
 57 37 
 56 38 
 57 39 
 58 40 
 59 41 
 60 41 
 61 42 
 62 42 
 63 41 
 64 41 
 65 41 
 66 41 
 67 41 
 68 41 
 69 41 
 70 42 
 71 42 
 72 43 
 73 43 
 74 43 
 75 43 
 76 44 
 77 43 
 78 44 
 79 44 
 80 44 
 81 45 
 82 45 
 83 45 
 84 46 
 85 47 
 85 48 
 85 49 
 85 50 
 85 51 
 86 52 
 87 53 
 88 53 
 89 52 
 90 53 
 91 54 
 92 54 
 93 55 
 94 55 
 95 55 
 96 56 
 97 56 
 98 56 
 99 57 
 100 57 
 101 57 
 102 58 
 103 59 
 103 60 
 103 61 
 103 62 
 104 63 
 103 64 
 104 65 
 104 66 
 103 66 
 102 67 
 102 68 
 101 69 
 100 69 
 99 70 
 98 71 
 97 72 
 96 72 
 95 73 
 94 74 
 93 73 
 92 74 
 92 75 
 91 75 
 90 76 
 89 76 
 88 77 
 87 77 
 86 78 
 85 79 
 84 79 
 83 79 
 82 80 
 81 80 
 80 81 
 79 80 
 78 81 
 78 82 
 77 81 
 76 82 
 76 83 
 75 82 
 74 83 
 73 83 
 72 83 
 71 83 
 70 83 
 69 83 
 68 83 
 67 83 
 66 83 
 65 83 
 64 83 
 63 83 
 62 83 
 61 83 
 60 83 
 59 83 
 58 83 
 57 83 
 56 83 
 55 83 
 54 83 
 53 83 
 52 83 
 51 83 
 50 83 
 49 83 
 48 82 
 47 82 
 46 83 
 45 83 
 44 83 
 43 83 
 42 82 
 41 82 
 40 81 
 39 82 
 38 82 
 37 82 
 36 81 
 35 81 
 34 80 
 33 80 
 32 80 
 31 81 
 30 81 
 29 80 
 28 80 
 27 80 
 26 79 
 25 79 
 24 80 
 23 79 
 22 78 
 21 78 
 20 77 
 19 77 
 18 77 
 17 76 
 16 75 
 15 75 
 14 74 
 13 73 
 12 74 
 11 74 
 10 73 
 9 72 
 8 72 
 7 71 
 6 70 
 5 69 
 5 68 
 6 67 
 6 66 
 5 65 
 5 64 
 6 63 
 7 62 
 7 61 
 8 61 
 9 60 
 10 59 
 11 59 
 12 58 
 12 57 
 13 56 
 14 55 
 15 54 
 16 53 
 17 53 
 18 53 
 19 52 
 20 52 
 21 51 
 21 50 
 21 49 
 22 49 
 23 48 
 22 47 
 23 46 
 24 45 
 25 44 
 26 44 
 27 44 
 28 43 
 29 42 
 30 42 
 31 42 
 32 41 
 33 41 
 34 41 
 35 41 
 36 41 
 37 40 
 38 40 
 39 41 
 40 40 
 41 40 
 42 41 
 43 40 
 44 41 
 45 41 
 46 40 
 47 40 
 48 39 
 49 38 
 49 37 
 50 36 
 50 35 
 50 34 
 50 33 
 50 32 
 50 31 
 50 30 
 50 29 
 50 28 
 50 27 
 50 26 
 50 25 
 49 24 
 48 24 
 47 23 
 46 24 
 45 23 
 44 23 
 43 24 
 42 23 
 41 24 
 40 24 
 39 23 
 39 22 
 39 21 
 40 20 
 41 19 
 42 19 
 43 18 
 44 18 
 45 18 
 46 18 
 47 19 
 48 18 
 49 18 
 50 17 
 50 16 
 50 15 
 50 14 
 50 13 
 49 12 
 48 12 
 48 11 
 48 10 
 49 9 
 50 8 
 51 7 
 52 6 
 52 5