 
 62 5 
 63 5 
 64 5 
 65 5 
 66 5 
 67 6 
 68 6 
 69 6 
 70 6 
 71 6 
 72 7 
 73 7 
 74 7 
 75 7 
 76 8 
 77 9 
 78 9 
 79 9 
 80 9 
 81 9 
 82 9 
 83 9 
 84 9 
 85 10 
 86 10 
 87 10 
 88 10 
 89 9 
 90 9 
 90 10 
 90 11 
 90 12 
 91 13 
 90 14 
 90 15 
 91 16 
 90 17 
 91 18 
 92 19 
 92 20 
 93 21 
 94 20 
 95 21 
 96 22 
 97 22 
 98 22 
 99 23 
 100 23 
 101 23 
 102 23 
 103 23 
 104 24 
 105 23 
 106 24 
 107 24 
 108 23 
 109 24 
 110 24 
 111 23 
 112 23 
 113 24 
 114 23 
 115 24 
 115 25 
 115 26 
 116 27 
 117 27 
 117 28 
 117 29 
 117 30 
 117 31 
 117 32 
 116 33 
 115 33 
 114 34 
 114 35 
 113 36 
 113 37 
 113 38 
 113 39 
 113 40 
 113 41 
 112 41 
 111 42 
 110 42 
 109 42 
 108 43 
 107 43 
 106 44 
 105 45 
 105 46 
 105 47 
 105 48 
 105 49 
 105 50 
 105 51 
 104 52 
 103 53 
 102 53 
 101 54 
 100 54 
 99 54 
 98 54 
 97 54 
 96 54 
 95 54 
 94 53 
 93 52 
 92 51 
 91 50 
 91 49 
 90 48 
 89 48 
 88 48 
 87 48 
 86 48 
 85 48 
 84 48 
 83 48 
 82 48 
 81 48 
 80 48 
 79 48 
 78 48 
 77 48 
 76 48 
 75 48 
 74 48 
 73 48 
 72 48 
 71 49 
 70 49 
 69 49 
 68 50 
 68 51 
 68 52 
 67 53 
 67 54 
 66 55 
 65 55 
 64 56 
 64 57 
 63 57 
 62 58 
 61 59 
 60 59 
 59 59 
 58 59 
 57 59 
 56 58 
 55 57 
 55 56 
 55 55 
 54 54 
 54 53 
 54 52 
 54 51 
 54 50 
 53 49 
 52 49 
 51 48 
 50 49 
 49 49 
 48 50 
 47 51 
 46 51 
 45 52 
 45 53 
 44 52 
 43 53 
 42 52 
 41 52 
 40 52 
 39 53 
 38 52 
 37 53 
 36 53 
 35 53 
 34 53 
 33 52 
 32 53 
 32 54 
 31 54 
 31 53 
 30 52 
 29 53 
 28 53 
 27 53 
 26 53 
 25 52 
 24 53 
 24 54 
 23 54 
 23 53 
 22 52 
 21 53 
 21 54 
 20 54 
 19 53 
 18 54 
 18 55 
 17 55 
 16 56 
 15 56 
 14 56 
 13 56 
 12 56 
 11 56 
 10 55 
 9 55 
 9 54 
 9 53 
 8 52 
 8 51 
 8 50 
 8 49 
 8 48 
 7 47 
 7 46 
 7 45 
 7 44 
 7 43 
 7 42 
 7 41 
 7 40 
 7 39 
 7 38 
 6 37 
 6 36 
 6 35 
 5 34 
 5 33 
 5 32 
 5 31 
 6 30 
 7 30 
 8 29 
 9 29 
 10 28 
 10 27 
 11 27 
 12 26 
 13 26 
 14 26 
 15 26 
 16 25 
 17 25 
 18 25 
 19 25 
 20 25 
 21 25 
 22 25 
 23 25 
 24 25 
 25 25 
 26 25 
 27 25 
 28 25 
 29 25 
 30 25 
 31 25 
 32 25 
 33 25 
 34 24 
 35 23 
 35 22 
 35 21 
 36 20 
 37 20 
 38 19 
 39 19 
 40 19 
 41 20 
 42 19 
 43 18 
 44 17 
 45 16 
 46 16 
 47 16 
 48 15 
 49 15 
 50 15 
 51 16 
 51 17 
 52 18 
 53 19 
 54 19 
 55 18 
 56 17 
 56 16 
 56 15 
 56 14 
 56 13 
 56 12 
 56 11 
 56 10 
 57 9 
 57 8 
 58 7 
 59 6 
 60 6 
 61 5