 
 54 2 
 55 2 
 56 2 
 57 2 
 58 2 
 59 2 
 60 2 
 61 2 
 62 2 
 63 2 
 64 3 
 65 3 
 66 3 
 67 4 
 68 4 
 69 5 
 70 5 
 70 6 
 71 7 
 72 7 
 72 8 
 73 9 
 74 10 
 74 11 
 74 12 
 74 13 
 74 14 
 74 15 
 74 16 
 74 17 
 73 18 
 74 19 
 73 20 
 74 21 
 73 22 
 74 23 
 73 24 
 73 25 
 72 26 
 72 27 
 72 28 
 72 29 
 72 30 
 73 31 
 73 32 
 74 33 
 75 34 
 75 35 
 75 36 
 75 37 
 76 38 
 76 39 
 76 40 
 76 41 
 77 42 
 77 43 
 77 44 
 77 45 
 76 46 
 76 47 
 76 48 
 77 49 
 77 50 
 78 51 
 78 52 
 79 53 
 79 54 
 79 55 
 79 56 
 80 57 
 80 58 
 80 59 
 81 60 
 81 61 
 81 62 
 81 63 
 82 64 
 82 65 
 82 66 
 83 67 
 83 68 
 83 69 
 84 70 
 83 71 
 83 72 
 82 73 
 81 73 
 80 74 
 80 75 
 79 76 
 80 77 
 80 78 
 80 79 
 79 80 
 78 81 
 77 82 
 76 83 
 77 84 
 76 85 
 77 86 
 77 87 
 77 88 
 77 89 
 76 90 
 76 91 
 75 92 
 75 93 
 75 94 
 74 95 
 74 96 
 74 97 
 74 98 
 74 99 
 74 100 
 73 101 
 73 102 
 73 103 
 72 104 
 72 105 
 72 106 
 71 107 
 72 108 
 73 109 
 74 109 
 75 110 
 76 110 
 77 111 
 78 112 
 79 113 
 80 113 
 81 113 
 82 114 
 82 115 
 81 116 
 80 117 
 79 117 
 78 117 
 77 118 
 76 118 
 75 119 
 74 120 
 73 120 
 72 120 
 71 120 
 70 120 
 69 120 
 68 120 
 67 120 
 66 120 
 65 120 
 64 120 
 63 120 
 62 119 
 61 119 
 60 119 
 59 118 
 58 119 
 57 118 
 56 118 
 55 117 
 54 116 
 55 115 
 54 114 
 54 113 
 55 112 
 55 111 
 55 110 
 56 109 
 55 108 
 55 107 
 54 106 
 54 105 
 54 104 
 54 103 
 54 102 
 53 101 
 53 100 
 52 99 
 52 98 
 53 97 
 53 96 
 53 95 
 54 94 
 54 93 
 55 92 
 55 91 
 55 90 
 55 89 
 55 88 
 55 87 
 55 86 
 54 85 
 53 84 
 52 84 
 51 83 
 50 82 
 50 81 
 49 80 
 50 79 
 49 78 
 49 77 
 48 76 
 47 75 
 47 74 
 47 73 
 47 72 
 47 71 
 47 70 
 47 69 
 47 68 
 46 67 
 47 66 
 46 65 
 46 64 
 46 63 
 45 62 
 45 61 
 44 60 
 45 59 
 45 58 
 44 57 
 44 56 
 44 55 
 44 54 
 44 53 
 44 52 
 44 51 
 44 50 
 44 49 
 44 48 
 43 47 
 43 46 
 43 45 
 42 44 
 42 43 
 42 42 
 42 41 
 42 40 
 42 39 
 43 38 
 43 37 
 44 36 
 44 35 
 45 34 
 46 33 
 47 32 
 47 31 
 48 32 
 49 31 
 49 30 
 50 29 
 51 28 
 52 27 
 52 26 
 52 25 
 51 24 
 50 23 
 49 22 
 48 21 
 47 20 
 47 19 
 46 18 
 46 17 
 46 16 
 45 15 
 45 14 
 45 13 
 45 12 
 45 11 
 45 10 
 46 9 
 46 8 
 47 7 
 48 6 
 48 5 
 49 5 
 50 4 
 51 3 
 52 3 
 53 2