 
 61 6 
 62 6 
 63 6 
 64 5 
 65 5 
 66 6 
 67 6 
 68 6 
 69 6 
 70 6 
 71 6 
 72 5 
 73 5 
 74 5 
 75 6 
 76 6 
 77 6 
 78 6 
 79 6 
 80 6 
 81 6 
 82 6 
 83 7 
 84 7 
 85 8 
 86 8 
 87 9 
 88 10 
 88 11 
 89 12 
 90 12 
 89 13 
 90 14 
 89 15 
 89 16 
 89 17 
 89 18 
 90 19 
 91 20 
 92 21 
 93 21 
 94 21 
 95 21 
 96 21 
 97 21 
 98 21 
 99 21 
 100 21 
 101 21 
 102 21 
 103 21 
 104 20 
 105 20 
 106 20 
 107 19 
 108 18 
 109 19 
 110 18 
 111 19 
 111 20 
 112 21 
 113 22 
 113 23 
 114 24 
 114 25 
 114 26 
 114 27 
 114 28 
 113 29 
 113 30 
 112 31 
 111 32 
 112 33 
 111 34 
 111 35 
 112 36 
 111 37 
 112 38 
 111 39 
 112 40 
 112 41 
 111 41 
 110 42 
 109 42 
 108 42 
 107 42 
 106 43 
 105 44 
 104 45 
 104 46 
 104 47 
 103 48 
 103 49 
 102 50 
 101 51 
 100 52 
 99 52 
 98 52 
 97 52 
 96 52 
 95 52 
 94 52 
 93 52 
 92 51 
 91 51 
 92 50 
 91 49 
 91 48 
 90 47 
 89 48 
 88 48 
 87 47 
 86 48 
 85 47 
 84 47 
 83 48 
 82 48 
 81 48 
 80 48 
 79 47 
 78 47 
 77 48 
 76 47 
 75 48 
 74 48 
 73 48 
 72 48 
 71 48 
 70 48 
 69 48 
 68 48 
 67 48 
 66 48 
 65 49 
 65 50 
 65 51 
 65 52 
 64 52 
 63 53 
 62 54 
 61 54 
 60 55 
 59 55 
 58 55 
 57 55 
 56 55 
 55 56 
 54 56 
 54 55 
 53 54 
 52 53 
 51 52 
 50 51 
 49 51 
 48 51 
 47 51 
 46 51 
 45 51 
 44 51 
 43 51 
 42 51 
 41 51 
 40 50 
 39 50 
 38 49 
 37 50 
 37 51 
 36 50 
 35 49 
 34 50 
 33 49 
 32 49 
 31 50 
 30 49 
 29 49 
 28 49 
 27 49 
 26 49 
 25 49 
 24 49 
 23 50 
 23 51 
 23 52 
 22 51 
 21 52 
 20 52 
 19 52 
 18 52 
 17 52 
 16 52 
 15 52 
 14 52 
 13 51 
 13 50 
 12 49 
 11 49 
 10 49 
 10 48 
 10 47 
 10 46 
 9 45 
 8 44 
 8 43 
 8 42 
 7 41 
 8 40 
 7 39 
 8 38 
 7 37 
 7 36 
 8 35 
 8 34 
 7 33 
 6 34 
 6 35 
 5 34 
 5 33 
 5 32 
 6 31 
 7 30 
 7 29 
 8 28 
 9 27 
 9 26 
 10 25 
 11 25 
 12 24 
 13 24 
 14 23 
 15 24 
 16 23 
 17 23 
 18 23 
 19 23 
 20 23 
 21 23 
 22 23 
 23 23 
 24 23 
 25 23 
 26 23 
 27 22 
 28 22 
 29 22 
 30 22 
 31 21 
 32 21 
 33 21 
 34 20 
 34 19 
 34 18 
 34 17 
 35 17 
 36 17 
 37 18 
 38 19 
 39 19 
 40 18 
 41 17 
 42 17 
 43 17 
 44 17 
 45 17 
 46 17 
 47 17 
 48 17 
 49 17 
 49 18 
 50 19 
 51 18 
 51 17 
 52 17 
 53 17 
 54 18 
 55 17 
 54 16 
 54 15 
 54 14 
 55 13 
 55 12 
 55 11 
 56 10 
 57 9 
 57 8 
 58 7 
 58 6 
 59 6 
 60 5