 
 51 3 
 52 3 
 53 3 
 54 3 
 55 3 
 56 3 
 57 3 
 58 3 
 59 4 
 60 3 
 61 4 
 62 4 
 63 4 
 64 4 
 65 4 
 66 5 
 67 5 
 68 5 
 69 6 
 70 6 
 71 6 
 72 7 
 73 8 
 74 9 
 75 9 
 76 10 
 77 11 
 78 12 
 79 13 
 80 14 
 81 14 
 82 15 
 83 16 
 84 17 
 85 18 
 86 18 
 87 19 
 88 20 
 89 20 
 90 21 
 91 21 
 92 21 
 93 21 
 94 20 
 95 20 
 96 20 
 97 20 
 98 19 
 99 19 
 100 19 
 101 19 
 102 18 
 103 19 
 104 19 
 105 19 
 105 20 
 106 21 
 106 22 
 105 23 
 105 24 
 105 25 
 104 26 
 104 27 
 104 28 
 103 29 
 102 30 
 102 31 
 101 32 
 101 33 
 102 34 
 103 34 
 104 35 
 105 36 
 106 37 
 106 38 
 107 39 
 108 40 
 108 41 
 108 42 
 107 43 
 107 44 
 107 45 
 106 46 
 105 47 
 104 48 
 103 48 
 102 49 
 102 50 
 101 50 
 100 51 
 99 51 
 98 52 
 97 52 
 96 53 
 95 54 
 95 55 
 95 56 
 96 57 
 96 58 
 96 59 
 97 60 
 98 61 
 98 62 
 99 63 
 100 64 
 101 65 
 102 66 
 103 67 
 104 68 
 105 69 
 105 70 
 106 71 
 107 72 
 107 73 
 107 74 
 108 75 
 107 76 
 108 77 
 108 78 
 107 79 
 107 80 
 107 81 
 107 82 
 107 83 
 106 84 
 106 85 
 105 85 
 104 86 
 103 86 
 102 86 
 101 86 
 100 86 
 99 86 
 98 85 
 97 85 
 96 85 
 95 84 
 94 84 
 93 83 
 92 83 
 91 83 
 90 82 
 89 82 
 88 82 
 87 81 
 86 81 
 85 81 
 84 81 
 83 80 
 82 81 
 81 81 
 80 81 
 79 82 
 78 82 
 77 83 
 76 84 
 75 85 
 74 86 
 73 87 
 72 88 
 73 89 
 72 90 
 71 91 
 71 92 
 72 93 
 73 93 
 74 94 
 75 94 
 76 94 
 77 94 
 78 95 
 79 95 
 80 95 
 81 95 
 82 96 
 83 96 
 84 96 
 85 97 
 86 97 
 87 97 
 88 97 
 89 98 
 90 98 
 91 99 
 92 99 
 93 99 
 94 99 
 95 100 
 96 100 
 97 101 
 98 101 
 99 102 
 100 103 
 101 104 
 102 105 
 101 106 
 100 107 
 99 107 
 98 108 
 97 108 
 96 109 
 95 110 
 94 110 
 93 111 
 92 111 
 91 111 
 90 112 
 89 112 
 88 113 
 87 113 
 86 114 
 85 114 
 84 115 
 83 115 
 82 115 
 81 115 
 80 116 
 79 116 
 78 116 
 77 116 
 76 117 
 75 117 
 74 117 
 73 117 
 72 117 
 71 117 
 70 117 
 69 117 
 68 116 
 67 117 
 66 116 
 65 116 
 64 115 
 63 116 
 62 115 
 61 114 
 60 114 
 59 114 
 58 113 
 57 113 
 56 112 
 55 112 
 54 112 
 53 111 
 52 111 
 51 110 
 50 110 
 49 110 
 48 109 
 47 109 
 46 109 
 45 108 
 44 109 
 43 108 
 42 108 
 41 108 
 40 107 
 39 106 
 38 106 
 38 105 
 37 104 
 36 103 
 35 102 
 35 101 
 34 100 
 34 99 
 33 98 
 32 97 
 32 96 
 31 95 
 30 94 
 30 93 
 29 92 
 28 92 
 27 92 
 26 92 
 25 92 
 24 93 
 23 93 
 22 92 
 22 91 
 21 90 
 20 89 
 20 88 
 19 87 
 18 86 
 19 85 
 18 84 
 18 83 
 17 82 
 17 81 
 17 80 
 17 79 
 17 78 
 16 77 
 16 76 
 16 75 
 16 74 
 16 73 
 15 72 
 16 71 
 16 70 
 15 69 
 16 68 
 15 67 
 16 66 
 16 65 
 16 64 
 16 63 
 16 62 
 17 61 
 17 60 
 17 59 
 18 58 
 18 57 
 19 56 
 20 55 
 20 54 
 21 54 
 22 53 
 23 53 
 24 53 
 25 52 
 26 53 
 27 52 
 28 53 
 29 52 
 30 53 
 31 52 
 32 53 
 33 53 
 34 53 
 35 53 
 36 53 
 37 53 
 38 53 
 39 53 
 40 52 
 41 52 
 42 51 
 42 50 
 42 49 
 43 48 
 43 47 
 44 47 
 45 46 
 44 45 
 45 44 
 44 43 
 43 42 
 42 41 
 41 41 
 40 41 
 39 41 
 38 40 
 37 40 
 36 40 
 35 40 
 34 40 
 33 40 
 32 40 
 31 40 
 30 40 
 29 40 
 28 40 
 27 40 
 26 40 
 25 40 
 24 40 
 23 40 
 22 40 
 21 40 
 20 40 
 19 40 
 18 40 
 17 41 
 16 41 
 15 40 
 14 40 
 13 40 
 12 40 
 13 39 
 14 39 
 15 38 
 16 37 
 16 36 
 16 35 
 16 34 
 16 33 
 17 32 
 17 31 
 18 30 
 18 29 
 18 28 
 19 27 
 20 26 
 20 25 
 21 25 
 22 24 
 22 23 
 23 22 
 24 21 
 25 20 
 26 19 
 27 18 
 28 17 
 29 16 
 30 15 
 31 15 
 32 14 
 32 13 
 33 13 
 34 12 
 35 11 
 36 10 
 37 10 
 38 9 
 39 8 
 40 8 
 41 7 
 42 7 
 43 6 
 44 6 
 45 5 
 46 5 
 47 4 
 48 4 
 49 4 
 50 3