 
 66 4 
 67 4 
 68 4 
 69 4 
 70 4 
 71 5 
 72 5 
 72 6 
 73 7 
 74 7 
 75 8 
 76 9 
 77 9 
 77 10 
 78 11 
 79 12 
 80 13 
 80 14 
 81 15 
 82 15 
 83 16 
 84 17 
 85 18 
 86 19 
 87 19 
 88 20 
 89 21 
 90 22 
 91 22 
 92 23 
 93 24 
 94 23 
 95 24 
 96 25 
 97 25 
 98 25 
 99 26 
 100 27 
 101 28 
 102 29 
 103 29 
 104 30 
 105 31 
 106 31 
 106 32 
 107 33 
 108 33 
 109 34 
 109 35 
 110 36 
 111 36 
 112 37 
 113 38 
 114 39 
 115 40 
 116 41 
 117 42 
 117 43 
 118 44 
 119 44 
 119 45 
 119 46 
 118 47 
 118 48 
 119 49 
 118 50 
 118 51 
 118 52 
 117 53 
 117 54 
 117 55 
 116 56 
 115 56 
 114 57 
 114 58 
 113 59 
 112 60 
 111 61 
 110 61 
 109 62 
 109 63 
 108 63 
 107 64 
 106 65 
 105 65 
 104 66 
 103 67 
 102 67 
 101 68 
 100 69 
 99 69 
 98 70 
 97 71 
 96 71 
 95 72 
 94 73 
 93 73 
 92 74 
 91 74 
 90 75 
 89 75 
 88 76 
 87 77 
 86 77 
 85 78 
 84 78 
 83 79 
 82 79 
 81 79 
 80 79 
 79 80 
 78 80 
 77 79 
 76 80 
 76 81 
 76 82 
 76 83 
 77 84 
 77 85 
 76 86 
 77 87 
 77 88 
 76 89 
 75 88 
 74 89 
 73 90 
 72 91 
 71 91 
 70 92 
 70 93 
 69 94 
 70 95 
 69 96 
 69 97 
 69 98 
 69 99 
 69 100 
 69 101 
 68 102 
 69 103 
 69 104 
 68 105 
 69 106 
 69 107 
 69 108 
 69 109 
 68 110 
 68 111 
 68 112 
 68 113 
 68 114 
 68 115 
 67 116 
 66 117 
 66 118 
 66 119 
 65 120 
 64 121 
 64 122 
 63 123 
 62 124 
 61 125 
 60 126 
 59 126 
 58 127 
 57 126 
 56 126 
 55 125 
 56 124 
 57 123 
 57 122 
 58 121 
 58 120 
 59 120 
 60 119 
 59 118 
 60 117 
 61 116 
 61 115 
 61 114 
 62 113 
 62 112 
 62 111 
 62 110 
 63 109 
 62 108 
 62 107 
 63 106 
 63 105 
 62 104 
 62 103 
 63 102 
 63 101 
 62 100 
 63 99 
 63 98 
 62 97 
 62 96 
 62 95 
 61 94 
 60 94 
 60 93 
 59 92 
 58 91 
 58 90 
 58 89 
 57 88 
 56 88 
 55 88 
 54 88 
 53 88 
 54 87 
 54 86 
 54 85 
 53 84 
 54 83 
 55 82 
 54 81 
 54 80 
 53 79 
 52 79 
 51 79 
 50 79 
 49 79 
 48 79 
 47 78 
 46 78 
 45 78 
 44 77 
 43 76 
 42 76 
 42 75 
 41 74 
 40 74 
 39 73 
 38 72 
 37 72 
 36 71 
 35 70 
 34 69 
 33 68 
 32 68 
 31 67 
 30 66 
 29 65 
 28 64 
 27 63 
 26 63 
 26 62 
 25 61 
 24 60 
 23 60 
 23 59 
 22 58 
 21 57 
 20 57 
 19 56 
 18 55 
 17 54 
 16 53 
 16 52 
 15 51 
 14 50 
 14 49 
 14 48 
 14 47 
 13 46 
 12 46 
 13 45 
 13 44 
 12 43 
 12 42 
 12 41 
 12 40 
 12 39 
 13 39 
 14 38 
 14 37 
 15 37 
 16 36 
 17 35 
 18 34 
 19 33 
 20 32 
 21 32 
 22 31 
 23 31 
 24 30 
 25 29 
 26 28 
 27 28 
 28 27 
 29 26 
 30 26 
 31 26 
 32 25 
 33 24 
 34 23 
 35 23 
 36 22 
 37 22 
 38 22 
 39 21 
 39 20 
 40 19 
 41 19 
 42 19 
 43 18 
 44 18 
 45 18 
 46 17 
 47 16 
 48 16 
 49 15 
 50 14 
 51 13 
 52 14 
 53 14 
 54 13 
 54 12 
 55 12 
 56 11 
 57 10 
 58 9 
 59 9 
 60 8 
 61 7 
 62 6 
 63 6 
 64 5 
 65 4