 
 52 5 
 53 5 
 54 5 
 55 6 
 56 6 
 55 7 
 56 8 
 56 9 
 57 10 
 57 11 
 56 12 
 57 13 
 57 14 
 57 15 
 57 16 
 58 17 
 59 17 
 60 17 
 61 17 
 62 17 
 63 17 
 64 17 
 64 18 
 65 19 
 66 19 
 67 18 
 68 19 
 67 20 
 66 20 
 65 21 
 64 21 
 63 21 
 62 21 
 61 22 
 60 22 
 59 23 
 58 24 
 57 25 
 57 26 
 57 27 
 58 28 
 57 29 
 57 30 
 58 31 
 58 32 
 58 33 
 58 34 
 58 35 
 58 36 
 58 37 
 58 38 
 58 39 
 59 40 
 60 39 
 61 39 
 62 39 
 63 39 
 64 39 
 65 39 
 66 40 
 67 40 
 68 41 
 69 41 
 70 41 
 71 41 
 72 41 
 73 42 
 74 43 
 75 42 
 76 43 
 77 43 
 78 43 
 79 43 
 80 43 
 81 43 
 82 43 
 83 44 
 84 45 
 84 46 
 84 47 
 85 48 
 86 49 
 87 49 
 88 49 
 89 50 
 90 50 
 90 51 
 91 52 
 92 52 
 93 52 
 94 53 
 95 54 
 96 55 
 97 55 
 98 56 
 99 56 
 100 56 
 99 57 
 100 58 
 101 57 
 102 58 
 103 59 
 102 60 
 103 61 
 104 61 
 104 62 
 104 63 
 104 64 
 103 65 
 103 66 
 102 67 
 101 67 
 100 68 
 99 68 
 98 69 
 97 70 
 96 71 
 95 72 
 94 73 
 93 72 
 92 73 
 91 74 
 90 75 
 89 75 
 88 76 
 87 77 
 86 78 
 85 78 
 84 79 
 83 79 
 82 79 
 81 80 
 80 80 
 79 81 
 78 81 
 77 81 
 76 82 
 75 81 
 74 81 
 73 81 
 72 82 
 71 82 
 70 82 
 69 82 
 68 82 
 67 82 
 66 82 
 65 82 
 64 82 
 63 82 
 62 82 
 61 82 
 60 82 
 59 82 
 58 82 
 57 82 
 56 82 
 55 82 
 54 82 
 53 82 
 52 82 
 51 82 
 50 82 
 49 82 
 48 82 
 47 82 
 46 82 
 45 82 
 44 82 
 43 82 
 42 82 
 41 81 
 40 81 
 39 82 
 38 81 
 37 81 
 36 82 
 35 82 
 34 81 
 33 81 
 32 80 
 31 81 
 30 80 
 29 80 
 28 80 
 27 79 
 26 79 
 25 79 
 24 79 
 23 79 
 22 78 
 21 78 
 20 78 
 19 77 
 18 77 
 17 77 
 16 77 
 15 76 
 14 76 
 13 76 
 12 76 
 11 75 
 10 75 
 9 75 
 8 74 
 7 73 
 6 72 
 7 71 
 6 70 
 5 70 
 6 69 
 5 68 
 5 67 
 5 66 
 5 65 
 5 64 
 5 63 
 5 62 
 6 61 
 7 60 
 8 59 
 9 58 
 10 57 
 11 56 
 12 56 
 13 55 
 14 54 
 15 53 
 16 52 
 17 51 
 18 50 
 19 51 
 20 50 
 21 49 
 22 49 
 23 49 
 24 48 
 24 47 
 25 46 
 25 45 
 26 45 
 27 44 
 28 44 
 29 43 
 30 42 
 31 43 
 32 43 
 33 42 
 33 41 
 34 41 
 35 41 
 36 41 
 37 41 
 38 40 
 39 40 
 40 40 
 41 39 
 42 39 
 43 39 
 44 39 
 45 39 
 46 39 
 47 39 
 48 39 
 49 38 
 50 37 
 50 36 
 50 35 
 50 34 
 50 33 
 50 32 
 51 31 
 51 30 
 51 29 
 51 28 
 51 27 
 52 26 
 52 25 
 51 24 
 51 23 
 50 22 
 49 21 
 48 20 
 47 20 
 46 20 
 45 20 
 44 20 
 43 20 
 42 20 
 41 20 
 41 19 
 42 18 
 43 19 
 44 18 
 45 18 
 46 18 
 47 17 
 48 17 
 49 17 
 50 17 
 51 16 
 51 15 
 52 14 
 52 13 
 51 12 
 51 11 
 51 10 
 51 9 
 51 8 
 50 7 
 50 6 
 51 5