 
 6 4 
 7 3 
 8 4 
 9 3 
 10 4 
 11 4 
 12 4 
 13 4 
 14 4 
 15 4 
 16 4 
 17 4 
 18 4 
 19 4 
 20 4 
 21 5 
 22 5 
 23 5 
 24 5 
 25 5 
 26 5 
 27 6 
 28 6 
 29 6 
 30 7 
 31 7 
 32 8 
 33 9 
 34 9 
 35 10 
 36 11 
 37 11 
 37 12 
 38 13 
 39 14 
 39 15 
 40 16 
 41 17 
 42 18 
 43 19 
 44 18 
 45 18 
 46 19 
 47 19 
 48 19 
 49 19 
 50 20 
 51 19 
 52 20 
 53 20 
 54 20 
 55 20 
 56 20 
 57 20 
 58 20 
 59 20 
 60 20 
 61 20 
 62 20 
 63 20 
 64 20 
 65 20 
 66 20 
 67 21 
 68 21 
 69 20 
 70 21 
 71 21 
 72 21 
 73 21 
 74 21 
 75 21 
 76 21 
 77 21 
 78 22 
 79 21 
 80 22 
 81 22 
 82 22 
 83 23 
 84 22 
 85 23 
 86 23 
 87 23 
 88 23 
 89 23 
 90 23 
 91 24 
 92 23 
 93 24 
 94 24 
 95 23 
 96 24 
 97 24 
 98 23 
 99 24 
 100 24 
 101 24 
 102 24 
 103 25 
 104 24 
 105 24 
 106 24 
 107 24 
 108 25 
 109 25 
 110 26 
 111 27 
 110 28 
 110 29 
 109 29 
 108 30 
 107 30 
 106 30 
 105 30 
 104 30 
 103 30 
 102 30 
 101 30 
 100 29 
 99 30 
 98 29 
 97 29 
 96 29 
 95 29 
 94 29 
 93 29 
 92 29 
 91 29 
 90 29 
 89 29 
 88 29 
 87 28 
 86 28 
 85 28 
 84 28 
 83 28 
 82 27 
 81 27 
 80 27 
 79 27 
 78 27 
 77 27 
 76 27 
 75 26 
 74 27 
 73 26 
 72 26 
 71 26 
 70 26 
 69 26 
 68 26 
 67 26 
 66 26 
 65 26 
 64 26 
 63 26 
 62 26 
 61 26 
 60 26 
 59 26 
 58 26 
 57 26 
 56 26 
 55 26 
 54 25 
 53 25 
 52 25 
 51 25 
 50 25 
 49 25 
 48 25 
 47 25 
 46 25 
 45 26 
 44 26 
 43 26 
 42 26 
 41 27 
 41 28 
 40 29 
 39 30 
 39 31 
 38 32 
 37 33 
 36 34 
 35 35 
 34 35 
 33 36 
 32 36 
 31 37 
 30 37 
 29 37 
 28 37 
 27 38 
 26 37 
 25 38 
 24 37 
 23 38 
 22 37 
 21 38 
 20 37 
 19 38 
 18 37 
 17 37 
 16 37 
 15 37 
 14 37 
 13 37 
 12 37 
 11 37 
 10 37 
 9 37 
 8 37 
 7 37 
 6 37 
 5 36 
 5 35 
 5 34 
 6 33 
 7 33 
 8 33 
 9 33 
 10 34 
 11 34 
 12 34 
 13 34 
 14 34 
 15 34 
 16 34 
 17 34 
 18 34 
 19 34 
 20 34 
 21 34 
 22 34 
 23 34 
 24 34 
 25 34 
 26 34 
 27 34 
 28 34 
 29 34 
 30 34 
 31 33 
 32 33 
 33 32 
 34 31 
 34 30 
 35 29 
 36 29 
 37 28 
 36 27 
 35 27 
 34 27 
 33 27 
 32 27 
 31 27 
 30 27 
 29 27 
 28 27 
 27 27 
 26 27 
 25 26 
 24 26 
 23 27 
 22 26 
 21 27 
 20 26 
 19 27 
 18 26 
 17 26 
 16 26 
 15 26 
 14 26 
 13 26 
 12 26 
 11 26 
 10 25 
 9 25 
 8 25 
 7 25 
 6 25 
 5 25 
 5 24 
 5 23 
 6 22 
 7 23 
 8 22 
 9 22 
 10 22 
 11 23 
 12 23 
 13 23 
 14 23 
 15 23 
 16 23 
 17 23 
 18 23 
 19 24 
 20 23 
 21 24 
 22 24 
 23 23 
 24 24 
 25 23 
 26 24 
 27 24 
 28 23 
 29 24 
 30 24 
 31 24 
 32 24 
 33 24 
 34 24 
 35 23 
 36 24 
 37 23 
 38 22 
 38 21 
 37 20 
 36 19 
 35 20 
 34 20 
 33 20 
 32 19 
 31 19 
 30 19 
 29 19 
 28 18 
 27 19 
 26 18 
 25 18 
 24 18 
 23 18 
 22 18 
 21 17 
 20 18 
 19 17 
 18 17 
 17 16 
 16 17 
 15 17 
 14 16 
 13 17 
 12 16 
 11 16 
 10 16 
 9 16 
 8 16 
 7 16 
 6 16 
 5 15 
 5 14 
 5 13 
 6 13 
 7 13 
 8 13 
 9 13 
 10 13 
 11 13 
 12 13 
 13 14 
 14 13 
 15 14 
 16 13 
 17 14 
 18 14 
 19 14 
 20 14 
 21 14 
 22 15 
 23 15 
 24 15 
 25 15 
 26 15 
 27 16 
 28 16 
 29 16 
 30 16 
 31 16 
 32 16 
 33 17 
 34 16 
 35 17 
 36 16 
 36 15 
 35 14 
 34 14 
 34 13 
 33 12 
 32 12 
 31 11 
 30 10 
 29 10 
 28 10 
 27 9 
 26 9 
 25 8 
 24 9 
 23 8 
 22 8 
 21 8 
 20 8 
 19 8 
 18 8 
 17 8 
 16 8 
 15 8 
 14 8 
 13 8 
 12 8 
 11 7 
 10 7 
 9 7 
 8 7 
 7 7 
 6 7 
 5 7 
 4 6 
 3 5 
 4 4 
 5 3