 
 35 4 
 35 5 
 34 5 
 33 6 
 33 7 
 34 8 
 33 9 
 32 10 
 32 11 
 32 12 
 32 13 
 32 14 
 31 15 
 31 16 
 31 17 
 31 18 
 31 19 
 31 20 
 30 21 
 30 22 
 30 23 
 30 24 
 30 25 
 29 26 
 30 27 
 29 28 
 30 29 
 29 30 
 30 31 
 31 32 
 32 32 
 33 32 
 34 32 
 35 32 
 36 32 
 37 32 
 38 32 
 39 32 
 40 32 
 41 32 
 42 32 
 43 32 
 44 32 
 45 32 
 46 32 
 47 32 
 48 32 
 49 32 
 50 32 
 51 32 
 52 32 
 53 32 
 54 32 
 55 32 
 56 32 
 57 32 
 58 32 
 59 32 
 60 32 
 61 32 
 62 32 
 63 32 
 64 32 
 65 32 
 66 32 
 67 32 
 68 32 
 69 32 
 70 32 
 71 32 
 72 32 
 73 32 
 74 32 
 75 32 
 76 32 
 77 32 
 78 32 
 79 32 
 80 32 
 81 32 
 82 32 
 83 32 
 84 32 
 85 32 
 86 32 
 87 32 
 88 32 
 89 32 
 90 32 
 91 32 
 92 32 
 93 32 
 94 32 
 95 32 
 96 32 
 97 32 
 98 32 
 99 32 
 100 32 
 101 32 
 102 32 
 103 32 
 104 32 
 105 32 
 106 32 
 107 32 
 108 32 
 109 32 
 110 32 
 111 33 
 110 34 
 110 35 
 111 36 
 110 37 
 111 38 
 110 39 
 111 40 
 110 41 
 111 42 
 110 43 
 111 44 
 110 45 
 110 46 
 109 46 
 108 46 
 107 46 
 106 46 
 105 46 
 104 46 
 103 46 
 102 46 
 101 46 
 100 46 
 99 46 
 98 46 
 97 46 
 96 46 
 95 46 
 94 46 
 93 46 
 92 46 
 91 46 
 90 46 
 89 46 
 88 46 
 87 46 
 86 46 
 85 46 
 84 46 
 83 46 
 82 46 
 81 46 
 80 46 
 79 46 
 78 46 
 77 46 
 76 46 
 75 46 
 74 46 
 73 46 
 72 46 
 71 46 
 70 46 
 69 46 
 68 46 
 67 46 
 66 46 
 65 46 
 64 46 
 63 46 
 62 46 
 61 46 
 60 46 
 59 46 
 58 46 
 57 46 
 56 46 
 55 46 
 54 46 
 53 46 
 52 46 
 51 46 
 50 46 
 49 46 
 48 46 
 47 46 
 46 46 
 45 46 
 44 46 
 43 46 
 42 46 
 41 46 
 40 46 
 39 46 
 38 46 
 37 46 
 36 46 
 35 46 
 34 46 
 33 46 
 32 46 
 31 46 
 30 47 
 30 48 
 30 49 
 31 50 
 32 50 
 33 50 
 33 51 
 32 52 
 33 53 
 33 54 
 33 55 
 32 56 
 33 57 
 33 58 
 33 59 
 32 60 
 33 61 
 33 62 
 33 63 
 32 64 
 33 65 
 32 66 
 31 65 
 30 66 
 29 65 
 28 66 
 27 65 
 26 66 
 25 65 
 24 66 
 23 65 
 22 66 
 21 65 
 20 66 
 19 65 
 18 66 
 17 65 
 16 66 
 15 65 
 14 66 
 13 65 
 12 66 
 11 65 
 10 66 
 9 65 
 8 66 
 7 65 
 6 66 
 5 65 
 4 66 
 3 65 
 4 64 
 3 63 
 4 62 
 3 61 
 4 60 
 3 59 
 4 58 
 3 57 
 4 56 
 3 55 
 4 54 
 3 53 
 4 52 
 4 51 
 4 50 
 5 50 
 6 49 
 6 48 
 6 47 
 6 46 
 6 45 
 6 44 
 6 43 
 6 42 
 6 41 
 6 40 
 6 39 
 6 38 
 6 37 
 6 36 
 6 35 
 6 34 
 6 33 
 7 32 
 7 31 
 6 30 
 7 29 
 8 28 
 8 27 
 9 26 
 9 25 
 9 24 
 10 23 
 11 22 
 11 21 
 12 20 
 12 19 
 13 18 
 14 17 
 14 16 
 15 15 
 16 14 
 16 13 
 17 12 
 18 11 
 19 11 
 20 10 
 21 9 
 22 9 
 23 9 
 24 8 
 25 7 
 26 7 
 27 6 
 28 6 
 29 5 
 30 5 
 31 5 
 32 4 
 33 4 
 34 4 
 35 3