 
 61 5 
 62 6 
 63 5 
 64 5 
 65 5 
 66 5 
 67 5 
 68 5 
 69 6 
 70 5 
 71 6 
 72 6 
 73 6 
 74 6 
 75 6 
 76 7 
 77 7 
 78 7 
 79 7 
 80 7 
 81 7 
 82 7 
 83 7 
 84 8 
 85 7 
 86 7 
 87 8 
 88 7 
 89 7 
 90 8 
 90 9 
 89 10 
 90 11 
 90 12 
 89 13 
 90 14 
 90 15 
 91 16 
 92 16 
 91 17 
 92 18 
 93 19 
 94 19 
 95 20 
 96 21 
 97 21 
 98 21 
 99 21 
 100 21 
 101 21 
 102 21 
 103 21 
 104 21 
 105 21 
 106 22 
 107 22 
 108 22 
 109 21 
 110 21 
 111 22 
 112 22 
 113 23 
 114 23 
 114 24 
 115 25 
 116 26 
 116 27 
 115 28 
 114 29 
 113 30 
 113 31 
 113 32 
 113 33 
 113 34 
 112 35 
 111 36 
 111 37 
 112 38 
 111 39 
 111 40 
 110 40 
 109 41 
 108 41 
 107 42 
 107 43 
 107 44 
 107 45 
 107 46 
 106 47 
 106 48 
 105 49 
 104 50 
 103 51 
 102 51 
 101 52 
 101 53 
 100 53 
 99 53 
 98 53 
 97 53 
 96 53 
 95 52 
 94 52 
 93 51 
 93 50 
 92 49 
 91 50 
 90 49 
 89 50 
 89 51 
 88 50 
 87 50 
 86 50 
 85 50 
 84 50 
 83 50 
 82 50 
 81 50 
 80 50 
 79 50 
 78 50 
 77 50 
 76 50 
 75 50 
 74 50 
 73 50 
 72 50 
 71 50 
 70 50 
 69 50 
 68 50 
 67 51 
 67 52 
 67 53 
 66 52 
 65 53 
 65 54 
 64 55 
 63 56 
 62 56 
 61 57 
 60 57 
 59 57 
 58 56 
 57 56 
 56 56 
 55 56 
 54 55 
 53 54 
 53 53 
 53 52 
 53 51 
 52 50 
 51 49 
 50 50 
 49 50 
 48 50 
 47 50 
 46 50 
 45 50 
 44 50 
 43 50 
 42 50 
 41 50 
 40 50 
 39 51 
 38 51 
 37 51 
 36 51 
 35 50 
 34 51 
 34 52 
 33 52 
 33 51 
 32 50 
 31 51 
 30 51 
 29 51 
 28 51 
 27 50 
 26 51 
 26 52 
 25 51 
 24 51 
 23 50 
 22 51 
 22 52 
 21 51 
 20 52 
 20 53 
 19 53 
 18 53 
 17 53 
 16 53 
 15 53 
 14 52 
 13 52 
 12 52 
 12 51 
 11 50 
 10 49 
 10 48 
 9 47 
 8 46 
 8 45 
 8 44 
 7 43 
 8 42 
 7 41 
 8 40 
 7 39 
 7 38 
 8 37 
 7 36 
 7 35 
 7 34 
 6 33 
 6 32 
 6 31 
 7 30 
 8 29 
 9 29 
 10 28 
 11 28 
 12 27 
 13 26 
 14 26 
 15 25 
 16 25 
 17 24 
 18 24 
 19 23 
 20 23 
 21 23 
 22 22 
 23 22 
 24 22 
 25 22 
 26 22 
 27 22 
 28 21 
 29 21 
 30 21 
 31 22 
 32 22 
 33 21 
 34 21 
 35 20 
 36 20 
 37 21 
 38 21 
 39 20 
 40 21 
 41 20 
 41 19 
 42 18 
 43 18 
 44 17 
 45 16 
 46 16 
 47 16 
 48 15 
 49 15 
 50 16 
 51 17 
 52 17 
 53 17 
 54 18 
 55 18 
 56 17 
 57 16 
 56 15 
 57 14 
 56 13 
 55 13 
 56 12 
 56 11 
 57 10 
 57 9 
 58 8 
 58 7 
 59 6 
 60 5