 
 107 4 
 108 3 
 109 4 
 110 4 
 110 5 
 110 6 
 110 7 
 110 8 
 110 9 
 110 10 
 109 10 
 108 10 
 107 10 
 106 11 
 105 11 
 104 11 
 103 11 
 102 11 
 101 12 
 100 12 
 99 12 
 98 13 
 97 12 
 96 13 
 95 13 
 94 13 
 93 13 
 92 14 
 91 14 
 90 14 
 89 14 
 88 14 
 87 15 
 86 15 
 85 15 
 84 15 
 83 15 
 82 15 
 81 16 
 80 15 
 79 16 
 78 16 
 77 16 
 76 16 
 75 16 
 74 17 
 73 17 
 72 17 
 71 17 
 70 17 
 69 18 
 68 17 
 67 17 
 66 18 
 65 18 
 64 18 
 63 18 
 62 19 
 61 19 
 60 19 
 59 19 
 58 20 
 57 20 
 56 20 
 55 20 
 54 20 
 53 21 
 52 20 
 51 21 
 50 20 
 49 21 
 48 21 
 47 21 
 46 21 
 45 22 
 44 22 
 43 22 
 42 22 
 41 23 
 40 22 
 39 23 
 38 23 
 37 23 
 36 23 
 35 23 
 34 23 
 33 24 
 32 24 
 31 24 
 30 24 
 29 24 
 28 24 
 27 25 
 26 24 
 25 25 
 24 24 
 23 25 
 22 25 
 21 25 
 20 25 
 19 26 
 18 26 
 17 27 
 17 28 
 18 29 
 19 29 
 20 30 
 21 31 
 22 32 
 22 33 
 22 34 
 22 35 
 22 36 
 22 37 
 22 38 
 21 39 
 21 40 
 20 41 
 19 41 
 18 41 
 17 42 
 16 42 
 15 42 
 14 42 
 13 42 
 12 42 
 11 43 
 10 42 
 9 43 
 8 42 
 7 42 
 6 42 
 6 41 
 5 40 
 4 40 
 4 39 
 4 38 
 3 37 
 4 36 
 3 35 
 4 34 
 4 33 
 5 32 
 6 31 
 5 30 
 5 29 
 5 28 
 5 27 
 5 26 
 5 25 
 4 24 
 4 23 
 4 22 
 4 21 
 4 20 
 4 19 
 4 18 
 4 17 
 5 16 
 5 15 
 6 14 
 7 13 
 7 12 
 8 11 
 9 10 
 10 9 
 11 8 
 12 7 
 12 6 
 13 6 
 14 6 
 15 5 
 16 5 
 17 5 
 18 4 
 19 5 
 19 6 
 18 7 
 18 8 
 18 9 
 17 10 
 17 11 
 17 12 
 16 13 
 16 14 
 16 15 
 16 16 
 16 17 
 16 18 
 17 19 
 18 19 
 19 19 
 20 18 
 21 18 
 22 18 
 23 18 
 24 18 
 25 18 
 26 17 
 27 17 
 28 17 
 29 16 
 30 17 
 31 16 
 32 16 
 33 16 
 34 16 
 35 16 
 36 16 
 37 16 
 38 15 
 39 15 
 40 15 
 41 15 
 42 15 
 43 15 
 44 14 
 45 14 
 46 14 
 47 14 
 48 14 
 49 14 
 50 13 
 51 14 
 52 13 
 53 13 
 54 13 
 55 13 
 56 12 
 57 12 
 58 12 
 59 12 
 60 12 
 61 11 
 62 11 
 63 11 
 64 10 
 65 11 
 66 11 
 67 10 
 68 10 
 69 10 
 70 10 
 71 10 
 72 10 
 73 9 
 74 10 
 75 9 
 76 9 
 77 9 
 78 9 
 79 8 
 80 8 
 81 8 
 82 8 
 83 8 
 84 8 
 85 7 
 86 7 
 87 7 
 88 7 
 89 7 
 90 6 
 91 6 
 92 6 
 93 7 
 94 6 
 95 5 
 96 6 
 97 5 
 98 5 
 99 5 
 100 5 
 101 4 
 102 4 
 103 4 
 104 4 
 105 4 
 106 3