 
 47 26 
 48 25 
 49 26 
 50 25 
 51 25 
 52 25 
 53 25 
 54 25 
 55 25 
 56 25 
 55 26 
 55 27 
 54 27 
 53 28 
 53 29 
 52 30 
 51 31 
 50 32 
 50 33 
 49 34 
 49 35 
 48 36 
 47 37 
 46 38 
 46 39 
 45 40 
 45 41 
 44 42 
 45 43 
 44 44 
 43 45 
 42 46 
 43 47 
 42 48 
 41 49 
 41 50 
 42 51 
 43 51 
 44 52 
 45 52 
 46 52 
 47 53 
 48 53 
 49 53 
 50 53 
 51 54 
 52 55 
 53 55 
 54 55 
 55 56 
 56 56 
 57 56 
 58 57 
 59 57 
 60 57 
 61 58 
 62 58 
 63 59 
 64 58 
 65 59 
 66 59 
 67 60 
 68 60 
 69 61 
 70 61 
 71 61 
 72 62 
 73 62 
 74 62 
 75 63 
 76 63 
 77 64 
 78 64 
 79 64 
 80 65 
 81 65 
 82 65 
 83 66 
 84 66 
 85 66 
 86 67 
 87 67 
 88 67 
 89 68 
 90 68 
 91 68 
 92 69 
 93 69 
 94 70 
 95 70 
 96 71 
 97 71 
 98 71 
 99 71 
 100 72 
 101 72 
 102 73 
 103 73 
 104 73 
 105 73 
 106 74 
 107 74 
 108 75 
 109 75 
 110 75 
 111 76 
 112 76 
 113 76 
 114 77 
 115 77 
 116 78 
 117 78 
 116 79 
 116 80 
 115 81 
 115 82 
 115 83 
 114 84 
 114 85 
 114 86 
 113 87 
 113 88 
 113 89 
 112 90 
 112 91 
 111 91 
 110 90 
 109 90 
 108 90 
 107 90 
 106 89 
 105 88 
 104 88 
 103 88 
 102 87 
 101 87 
 100 87 
 99 86 
 98 86 
 97 86 
 96 85 
 95 85 
 94 85 
 93 84 
 92 84 
 91 84 
 90 83 
 89 83 
 88 82 
 87 82 
 86 82 
 85 81 
 84 81 
 83 81 
 82 80 
 81 80 
 80 79 
 79 79 
 78 79 
 77 78 
 76 78 
 75 78 
 74 77 
 73 77 
 72 77 
 71 76 
 70 76 
 69 76 
 68 75 
 67 75 
 66 74 
 65 74 
 64 74 
 63 73 
 62 73 
 61 73 
 60 72 
 59 72 
 58 72 
 57 71 
 56 71 
 55 70 
 54 70 
 53 70 
 52 70 
 51 69 
 50 69 
 49 68 
 48 68 
 47 67 
 46 67 
 45 67 
 44 67 
 43 66 
 42 66 
 41 65 
 40 65 
 39 65 
 38 64 
 37 64 
 36 65 
 36 66 
 35 67 
 36 68 
 37 68 
 38 69 
 37 70 
 37 71 
 37 72 
 36 73 
 36 74 
 35 75 
 35 76 
 35 77 
 34 78 
 34 79 
 33 80 
 33 81 
 33 82 
 32 82 
 31 83 
 30 82 
 29 82 
 28 81 
 27 81 
 26 81 
 25 80 
 24 80 
 23 79 
 22 79 
 21 79 
 20 78 
 19 78 
 18 78 
 17 77 
 16 77 
 15 77 
 14 76 
 13 76 
 12 75 
 11 75 
 10 75 
 9 74 
 8 74 
 7 74 
 6 73 
 5 73 
 5 72 
 6 71 
 6 70 
 6 69 
 7 68 
 7 67 
 7 66 
 8 65 
 8 64 
 9 63 
 9 62 
 9 61 
 10 60 
 10 59 
 10 58 
 11 59 
 12 59 
 13 58 
 13 57 
 14 56 
 14 55 
 15 54 
 15 53 
 15 52 
 16 51 
 16 50 
 16 49 
 17 48 
 17 47 
 18 46 
 18 45 
 18 44 
 18 43 
 19 44 
 20 43 
 19 42 
 20 41 
 20 40 
 21 40 
 22 39 
 23 38 
 23 37 
 24 36 
 25 36 
 26 35 
 26 34 
 27 34 
 28 33 
 29 33 
 30 32 
 31 31 
 32 30 
 33 29 
 34 29 
 35 28 
 36 28 
 37 27 
 38 27 
 39 27 
 40 26 
 41 26 
 42 26 
 43 26 
 44 26 
 45 26 
 46 25