 
 123 24 
 124 25 
 124 26 
 124 27 
 124 28 
 124 29 
 124 30 
 125 31 
 125 32 
 125 33 
 125 34 
 125 35 
 125 36 
 125 37 
 124 37 
 123 38 
 122 38 
 121 38 
 121 37 
 120 36 
 119 36 
 118 36 
 117 37 
 116 37 
 115 37 
 114 37 
 113 37 
 112 38 
 111 38 
 110 38 
 109 38 
 108 38 
 107 38 
 106 39 
 105 39 
 104 39 
 103 39 
 102 39 
 101 39 
 100 40 
 99 40 
 98 40 
 97 40 
 96 40 
 95 41 
 94 41 
 93 41 
 92 41 
 91 41 
 90 41 
 89 42 
 88 42 
 87 42 
 86 42 
 85 42 
 84 42 
 83 43 
 82 43 
 81 43 
 80 43 
 79 43 
 78 44 
 77 44 
 76 44 
 75 44 
 74 44 
 73 44 
 72 45 
 71 45 
 70 45 
 69 45 
 68 45 
 67 45 
 66 46 
 65 46 
 64 46 
 63 46 
 62 46 
 61 47 
 60 47 
 59 48 
 58 48 
 57 48 
 56 49 
 55 50 
 55 51 
 55 52 
 55 53 
 54 54 
 55 55 
 54 56 
 54 57 
 53 58 
 53 59 
 53 60 
 53 61 
 52 62 
 51 63 
 51 64 
 51 65 
 51 66 
 50 67 
 50 68 
 49 69 
 48 68 
 47 68 
 46 68 
 45 69 
 44 69 
 43 69 
 42 69 
 41 69 
 40 69 
 39 70 
 38 70 
 37 70 
 36 70 
 35 70 
 34 71 
 33 71 
 32 71 
 31 71 
 30 71 
 29 71 
 28 72 
 27 72 
 26 72 
 25 72 
 25 71 
 24 70 
 25 69 
 26 69 
 27 69 
 28 69 
 29 68 
 30 68 
 31 68 
 32 68 
 33 68 
 34 67 
 35 67 
 36 67 
 37 67 
 38 67 
 39 67 
 40 66 
 41 66 
 42 66 
 43 66 
 44 66 
 45 66 
 46 65 
 47 65 
 48 64 
 48 63 
 49 63 
 50 62 
 50 61 
 50 60 
 50 59 
 50 58 
 50 57 
 51 56 
 51 55 
 51 54 
 51 53 
 51 52 
 52 51 
 51 50 
 50 50 
 49 51 
 48 51 
 47 51 
 46 51 
 45 51 
 44 52 
 43 52 
 42 52 
 41 52 
 40 52 
 39 52 
 38 53 
 37 53 
 36 53 
 35 53 
 34 53 
 33 53 
 32 54 
 31 54 
 30 54 
 29 54 
 28 54 
 27 55 
 26 55 
 25 55 
 24 55 
 23 55 
 22 55 
 22 54 
 22 53 
 23 53 
 24 52 
 25 52 
 26 52 
 27 51 
 28 51 
 29 51 
 30 51 
 31 51 
 32 51 
 33 50 
 34 50 
 35 50 
 36 50 
 37 50 
 38 50 
 39 49 
 40 49 
 41 49 
 42 49 
 43 49 
 44 48 
 45 48 
 46 48 
 47 48 
 48 48 
 49 48 
 50 47 
 51 47 
 52 46 
 51 45 
 52 44 
 51 43 
 51 42 
 50 41 
 50 40 
 50 39 
 49 38 
 48 39 
 48 40 
 47 39 
 46 40 
 45 39 
 44 39 
 43 40 
 42 40 
 41 40 
 40 40 
 39 40 
 38 40 
 37 41 
 36 41 
 35 41 
 34 41 
 33 41 
 32 41 
 31 42 
 30 42 
 29 42 
 28 42 
 27 42 
 26 43 
 25 43 
 24 43 
 23 43 
 22 43 
 21 43 
 20 43 
 20 42 
 20 41 
 21 40 
 22 40 
 23 40 
 24 40 
 25 40 
 26 39 
 27 39 
 28 39 
 29 39 
 30 39 
 31 39 
 32 38 
 33 38 
 34 38 
 35 38 
 36 38 
 37 38 
 38 37 
 39 37 
 40 37 
 41 37 
 42 37 
 43 36 
 44 36 
 45 36 
 46 36 
 47 35 
 47 34 
 46 33 
 46 32 
 45 31 
 45 30 
 44 29 
 43 28 
 42 29 
 41 29 
 40 29 
 39 29 
 38 29 
 37 29 
 36 30 
 35 30 
 34 30 
 33 30 
 32 30 
 31 30 
 30 31 
 29 31 
 28 31 
 27 31 
 26 31 
 25 32 
 24 32 
 23 32 
 22 32 
 21 32 
 20 32 
 19 33 
 18 33 
 17 33 
 17 32 
 17 31 
 17 30 
 18 30 
 19 30 
 20 29 
 21 29 
 22 29 
 23 29 
 24 29 
 25 28 
 26 28 
 27 28 
 28 28 
 29 28 
 30 28 
 31 27 
 32 27 
 33 27 
 34 27 
 35 27 
 36 27 
 37 26 
 38 26 
 39 26 
 40 26 
 41 26 
 42 25 
 43 25 
 44 25 
 45 25 
 46 26 
 47 26 
 48 26 
 48 27 
 49 28 
 49 29 
 50 30 
 50 31 
 51 32 
 52 33 
 52 34 
 53 35 
 54 36 
 55 36 
 56 37 
 57 37 
 58 37 
 59 37 
 60 37 
 61 36 
 62 36 
 63 36 
 64 36 
 65 36 
 66 35 
 67 35 
 68 35 
 69 35 
 70 35 
 71 35 
 72 34 
 73 34 
 74 34 
 75 34 
 76 34 
 77 34 
 78 33 
 79 33 
 80 33 
 81 33 
 82 33 
 83 32 
 84 32 
 85 32 
 86 32 
 87 32 
 88 32 
 89 31 
 90 31 
 91 31 
 92 31 
 93 31 
 94 31 
 95 30 
 96 30 
 97 30 
 98 30 
 99 30 
 100 29 
 101 29 
 102 29 
 103 29 
 104 29 
 105 29 
 106 28 
 107 28 
 108 28 
 109 28 
 110 28 
 111 28 
 112 27 
 113 27 
 114 27 
 115 27 
 116 27 
 117 26 
 118 25 
 118 24 
 119 24 
 120 24 
 121 24 
 122 24 
 123 23