 
 70 5 
 71 4 
 72 4 
 73 4 
 74 4 
 75 4 
 76 4 
 77 4 
 78 4 
 79 4 
 80 4 
 81 4 
 82 4 
 83 5 
 84 4 
 85 5 
 86 5 
 87 5 
 88 5 
 89 6 
 90 5 
 91 6 
 92 6 
 93 6 
 94 7 
 95 7 
 96 7 
 97 8 
 98 8 
 99 9 
 100 10 
 101 10 
 101 11 
 102 12 
 103 12 
 104 13 
 105 14 
 106 14 
 106 15 
 107 16 
 108 17 
 108 18 
 109 19 
 110 20 
 111 20 
 111 21 
 112 22 
 112 23 
 113 24 
 113 25 
 114 26 
 113 27 
 114 28 
 115 29 
 115 30 
 116 31 
 116 32 
 116 33 
 117 34 
 117 35 
 117 36 
 117 37 
 117 38 
 117 39 
 118 40 
 119 40 
 120 40 
 120 41 
 121 42 
 121 43 
 120 44 
 119 43 
 118 44 
 117 44 
 116 44 
 115 44 
 114 44 
 113 44 
 112 45 
 111 46 
 111 47 
 112 48 
 111 49 
 112 50 
 113 51 
 114 51 
 115 52 
 116 53 
 116 54 
 117 55 
 118 55 
 119 56 
 120 57 
 119 58 
 119 59 
 120 60 
 120 61 
 119 62 
 119 63 
 118 63 
 117 64 
 117 65 
 116 65 
 115 66 
 114 67 
 113 68 
 112 68 
 111 68 
 110 68 
 109 69 
 108 68 
 107 67 
 106 67 
 106 66 
 105 65 
 105 64 
 106 63 
 107 62 
 107 61 
 108 60 
 107 59 
 106 59 
 106 58 
 105 57 
 104 56 
 104 55 
 103 54 
 102 54 
 102 53 
 101 52 
 100 51 
 99 50 
 98 50 
 97 51 
 96 51 
 95 52 
 94 52 
 93 52 
 92 53 
 91 53 
 90 53 
 89 53 
 88 53 
 87 53 
 86 53 
 85 53 
 84 53 
 83 53 
 82 54 
 81 54 
 80 54 
 79 54 
 78 54 
 77 53 
 76 53 
 75 54 
 74 54 
 73 54 
 72 54 
 71 54 
 70 54 
 69 54 
 68 54 
 67 55 
 66 54 
 65 54 
 64 55 
 63 54 
 62 54 
 61 55 
 60 54 
 59 54 
 58 54 
 57 54 
 56 54 
 55 54 
 54 54 
 53 54 
 52 54 
 51 54 
 50 53 
 49 53 
 48 53 
 47 53 
 46 52 
 45 52 
 44 51 
 43 51 
 42 51 
 41 51 
 40 50 
 39 51 
 38 51 
 37 52 
 37 53 
 37 54 
 37 55 
 37 56 
 37 57 
 37 58 
 37 59 
 37 60 
 37 61 
 37 62 
 37 63 
 37 64 
 37 65 
 37 66 
 36 67 
 35 67 
 34 68 
 33 68 
 32 68 
 31 68 
 30 68 
 29 68 
 28 68 
 27 68 
 26 68 
 25 67 
 24 67 
 24 66 
 25 65 
 25 64 
 26 64 
 27 63 
 27 62 
 28 62 
 29 61 
 29 60 
 28 59 
 28 58 
 28 57 
 27 56 
 28 55 
 27 54 
 27 53 
 27 52 
 27 51 
 27 50 
 27 49 
 27 48 
 28 47 
 27 46 
 26 46 
 25 46 
 24 45 
 23 45 
 22 45 
 21 45 
 20 44 
 19 44 
 18 44 
 17 43 
 16 43 
 15 43 
 14 42 
 13 42 
 12 42 
 12 41 
 11 40 
 10 39 
 9 39 
 8 39 
 7 38 
 6 37 
 5 36 
 4 35 
 4 34 
 4 33 
 4 32 
 4 31 
 4 30 
 4 29 
 5 28 
 6 28 
 7 27 
 8 28 
 9 27 
 10 26 
 11 26 
 12 26 
 13 26 
 14 25 
 14 24 
 15 24 
 16 24 
 17 23 
 18 24 
 19 24 
 20 23 
 21 24 
 22 23 
 23 24 
 24 23 
 25 24 
 26 24 
 27 24 
 28 25 
 29 26 
 30 26 
 31 25 
 32 24 
 33 23 
 34 22 
 35 22 
 36 22 
 37 21 
 38 20 
 39 19 
 40 19 
 41 19 
 42 18 
 42 17 
 43 16 
 44 15 
 45 14 
 46 13 
 47 12 
 48 12 
 49 12 
 50 11 
 51 10 
 52 10 
 53 10 
 54 9 
 54 8 
 55 8 
 56 8 
 57 7 
 58 7 
 59 7 
 60 6 
 61 6 
 62 6 
 63 6 
 64 5 
 65 6 
 66 5 
 67 5 
 68 5 
 69 4