 
 15 4 
 16 4 
 17 5 
 18 6 
 19 6 
 20 7 
 21 8 
 22 9 
 23 10 
 24 11 
 25 12 
 26 13 
 27 13 
 27 14 
 28 15 
 29 15 
 30 15 
 30 16 
 31 17 
 32 17 
 33 18 
 34 18 
 35 19 
 36 20 
 37 20 
 38 20 
 39 21 
 40 22 
 41 22 
 41 23 
 42 24 
 43 24 
 44 25 
 45 25 
 46 25 
 47 25 
 48 26 
 48 27 
 47 28 
 47 29 
 47 30 
 46 31 
 46 32 
 46 33 
 47 34 
 48 34 
 49 34 
 50 34 
 51 34 
 52 34 
 53 34 
 54 34 
 55 34 
 56 35 
 57 36 
 58 36 
 59 37 
 60 37 
 61 38 
 62 38 
 63 39 
 64 39 
 65 40 
 66 40 
 67 41 
 68 41 
 69 42 
 70 42 
 71 43 
 72 43 
 73 44 
 74 44 
 75 45 
 76 45 
 77 45 
 78 45 
 79 46 
 80 46 
 81 47 
 82 46 
 83 47 
 84 47 
 85 48 
 86 48 
 87 48 
 88 48 
 89 49 
 90 49 
 91 50 
 92 50 
 93 50 
 94 50 
 95 50 
 96 51 
 97 51 
 98 51 
 99 51 
 100 51 
 101 51 
 102 52 
 103 52 
 104 52 
 105 52 
 106 52 
 107 53 
 108 53 
 109 53 
 110 54 
 110 55 
 111 56 
 110 57 
 110 58 
 110 59 
 109 60 
 108 59 
 107 59 
 106 59 
 105 59 
 104 58 
 103 58 
 102 58 
 101 57 
 100 57 
 99 57 
 98 57 
 97 56 
 96 56 
 95 56 
 94 55 
 93 55 
 92 55 
 91 55 
 90 55 
 89 54 
 88 54 
 87 54 
 86 54 
 85 53 
 84 54 
 83 53 
 82 52 
 81 52 
 80 52 
 79 52 
 78 52 
 77 52 
 76 51 
 75 51 
 74 51 
 73 50 
 72 50 
 71 49 
 70 50 
 69 49 
 68 49 
 67 48 
 66 48 
 65 47 
 64 48 
 63 47 
 62 46 
 61 47 
 60 46 
 59 45 
 58 45 
 57 45 
 56 45 
 55 44 
 54 44 
 53 44 
 52 43 
 51 43 
 50 43 
 49 42 
 48 42 
 47 42 
 46 41 
 45 41 
 44 42 
 43 42 
 42 43 
 42 44 
 42 45 
 41 46 
 41 47 
 41 48 
 41 49 
 40 49 
 39 49 
 38 49 
 37 49 
 36 49 
 35 50 
 34 49 
 33 49 
 32 50 
 31 50 
 30 50 
 29 51 
 28 51 
 27 51 
 26 52 
 25 52 
 24 53 
 23 53 
 22 53 
 21 53 
 20 53 
 19 54 
 18 55 
 17 55 
 16 55 
 15 56 
 14 56 
 13 57 
 12 57 
 11 57 
 10 57 
 9 58 
 8 58 
 7 59 
 6 59 
 5 60 
 4 59 
 4 58 
 4 57 
 5 56 
 6 56 
 7 55 
 8 55 
 9 54 
 10 55 
 11 54 
 12 54 
 13 54 
 14 53 
 15 53 
 16 52 
 17 52 
 18 51 
 19 51 
 20 51 
 21 51 
 22 50 
 23 50 
 24 49 
 25 49 
 26 49 
 27 48 
 28 48 
 29 48 
 30 47 
 31 47 
 32 47 
 33 46 
 34 46 
 35 46 
 36 46 
 37 46 
 38 46 
 39 45 
 40 44 
 39 43 
 38 43 
 37 43 
 36 43 
 35 43 
 34 42 
 33 42 
 32 41 
 31 40 
 30 40 
 29 41 
 28 41 
 27 40 
 26 40 
 25 40 
 24 40 
 23 40 
 22 39 
 21 39 
 20 39 
 19 38 
 18 37 
 17 37 
 16 36 
 15 36 
 14 36 
 13 37 
 12 38 
 11 39 
 10 39 
 9 40 
 9 41 
 8 41 
 7 41 
 6 40 
 6 39 
 7 38 
 8 38 
 9 37 
 10 36 
 11 35 
 12 34 
 13 33 
 14 32 
 15 32 
 16 33 
 17 33 
 18 34 
 19 34 
 20 35 
 21 36 
 22 36 
 23 37 
 24 37 
 25 37 
 26 37 
 27 38 
 28 37 
 29 38 
 30 37 
 31 38 
 32 37 
 33 38 
 34 38 
 35 39 
 36 40 
 37 40 
 38 39 
 39 40 
 40 39 
 40 38 
 39 37 
 38 37 
 37 37 
 36 36 
 35 36 
 34 35 
 33 34 
 32 34 
 31 33 
 30 33 
 29 33 
 28 32 
 27 31 
 26 31 
 25 30 
 24 30 
 23 29 
 22 28 
 21 27 
 20 26 
 19 26 
 19 25 
 18 24 
 17 23 
 16 22 
 16 21 
 16 20 
 15 19 
 15 18 
 14 17 
 14 16 
 15 15 
 16 15 
 17 16 
 17 17 
 18 18 
 18 19 
 19 20 
 19 21 
 20 22 
 21 23 
 22 24 
 23 25 
 24 25 
 25 26 
 26 27 
 27 28 
 28 29 
 29 29 
 30 30 
 31 30 
 32 31 
 33 31 
 34 32 
 35 32 
 36 33 
 37 33 
 38 34 
 39 34 
 40 35 
 41 35 
 42 34 
 43 33 
 43 32 
 44 31 
 44 30 
 44 29 
 44 28 
 43 27 
 42 27 
 41 26 
 40 25 
 39 25 
 38 24 
 37 23 
 36 23 
 35 22 
 34 22 
 33 21 
 32 21 
 31 20 
 30 19 
 29 18 
 28 18 
 27 17 
 26 17 
 25 16 
 25 15 
 24 14 
 23 14 
 22 13 
 21 12 
 20 11 
 19 10 
 18 9 
 17 9 
 16 8 
 15 7 
 14 7 
 13 6 
 12 6 
 12 5 
 13 4 
 14 3