 
 61 5 
 62 5 
 63 5 
 64 5 
 65 5 
 66 5 
 67 5 
 68 5 
 69 5 
 70 5 
 71 5 
 72 5 
 73 5 
 74 5 
 75 5 
 76 5 
 77 5 
 78 5 
 79 5 
 80 5 
 81 5 
 82 5 
 83 6 
 84 6 
 85 7 
 86 6 
 87 7 
 88 7 
 89 8 
 90 9 
 90 10 
 90 11 
 90 12 
 90 13 
 90 14 
 90 15 
 90 16 
 90 17 
 91 18 
 92 19 
 93 20 
 94 21 
 95 21 
 96 22 
 97 23 
 98 23 
 99 23 
 100 22 
 101 22 
 102 23 
 103 23 
 104 23 
 105 23 
 106 23 
 107 23 
 108 23 
 109 23 
 110 23 
 111 24 
 112 24 
 113 25 
 114 26 
 114 27 
 115 28 
 115 29 
 115 30 
 115 31 
 115 32 
 115 33 
 115 34 
 115 35 
 115 36 
 115 37 
 114 38 
 114 39 
 113 40 
 113 41 
 113 42 
 112 43 
 112 44 
 111 44 
 110 45 
 109 46 
 108 46 
 107 47 
 106 48 
 106 49 
 106 50 
 106 51 
 105 52 
 104 53 
 103 54 
 102 55 
 101 55 
 100 55 
 99 56 
 98 55 
 97 55 
 96 55 
 95 55 
 95 54 
 95 53 
 94 52 
 93 52 
 92 52 
 91 52 
 90 51 
 89 51 
 88 51 
 87 51 
 86 51 
 85 51 
 84 51 
 83 51 
 82 51 
 81 51 
 80 51 
 79 51 
 78 51 
 77 51 
 76 51 
 75 51 
 74 51 
 73 51 
 72 51 
 71 51 
 70 51 
 69 52 
 69 53 
 68 54 
 68 55 
 68 56 
 67 57 
 66 58 
 65 58 
 64 58 
 63 59 
 62 59 
 61 60 
 60 60 
 59 59 
 58 58 
 58 57 
 57 56 
 57 55 
 56 54 
 55 53 
 56 52 
 55 51 
 55 50 
 54 49 
 53 50 
 52 49 
 51 50 
 50 49 
 49 49 
 48 49 
 47 50 
 47 51 
 46 51 
 45 51 
 44 52 
 43 52 
 42 52 
 41 53 
 40 53 
 39 54 
 38 54 
 37 55 
 36 55 
 35 55 
 34 55 
 33 55 
 32 54 
 31 55 
 30 54 
 29 55 
 28 55 
 27 55 
 26 55 
 25 55 
 24 55 
 23 55 
 22 55 
 21 55 
 20 55 
 19 54 
 18 55 
 18 56 
 17 57 
 16 58 
 15 58 
 14 58 
 13 58 
 12 57 
 11 56 
 10 56 
 10 55 
 10 54 
 11 53 
 10 52 
 10 51 
 9 50 
 9 49 
 8 48 
 7 47 
 7 46 
 7 45 
 7 44 
 7 43 
 7 42 
 7 41 
 7 40 
 7 39 
 7 38 
 6 37 
 6 36 
 6 35 
 6 34 
 5 33 
 5 32 
 6 31 
 7 30 
 8 30 
 9 29 
 9 28 
 10 28 
 11 28 
 12 28 
 13 28 
 14 29 
 15 28 
 15 27 
 16 27 
 17 27 
 18 27 
 19 27 
 20 27 
 21 27 
 22 26 
 23 26 
 24 26 
 25 26 
 26 26 
 27 25 
 28 25 
 29 25 
 30 25 
 31 25 
 32 24 
 33 25 
 34 24 
 35 24 
 36 23 
 36 22 
 36 21 
 37 20 
 38 21 
 39 21 
 40 20 
 41 21 
 42 20 
 42 19 
 43 18 
 44 17 
 45 17 
 46 17 
 47 17 
 48 17 
 49 17 
 50 17 
 51 18 
 51 19 
 51 20 
 52 21 
 53 20 
 54 19 
 55 18 
 55 17 
 55 16 
 55 15 
 55 14 
 55 13 
 55 12 
 55 11 
 55 10 
 56 10 
 57 9 
 57 8 
 58 7 
 58 6 
 59 6 
 60 5