 
 55 2 
 56 2 
 57 2 
 58 2 
 59 2 
 60 2 
 61 2 
 62 2 
 63 3 
 64 3 
 65 3 
 66 4 
 67 4 
 68 5 
 69 5 
 70 6 
 71 7 
 72 8 
 72 9 
 73 10 
 73 11 
 74 12 
 73 13 
 73 14 
 74 15 
 73 16 
 73 17 
 73 18 
 73 19 
 73 20 
 73 21 
 74 22 
 73 23 
 73 24 
 72 25 
 72 26 
 72 27 
 71 28 
 71 29 
 71 30 
 72 31 
 73 32 
 74 33 
 74 34 
 75 35 
 75 36 
 75 37 
 75 38 
 75 39 
 76 40 
 76 41 
 76 42 
 76 43 
 76 44 
 76 45 
 76 46 
 75 47 
 76 48 
 76 49 
 77 50 
 77 51 
 78 52 
 78 53 
 79 54 
 78 55 
 79 56 
 79 57 
 80 58 
 80 59 
 80 60 
 81 61 
 80 62 
 81 63 
 81 64 
 81 65 
 82 66 
 83 67 
 83 68 
 83 69 
 83 70 
 83 71 
 82 72 
 82 73 
 81 73 
 80 74 
 79 75 
 79 76 
 79 77 
 79 78 
 79 79 
 78 80 
 77 81 
 76 82 
 75 83 
 76 84 
 75 85 
 76 86 
 76 87 
 75 88 
 76 89 
 75 90 
 75 91 
 74 92 
 74 93 
 73 94 
 74 95 
 73 96 
 73 97 
 74 98 
 73 99 
 73 100 
 72 101 
 72 102 
 72 103 
 71 104 
 71 105 
 71 106 
 71 107 
 71 108 
 72 109 
 73 110 
 74 111 
 75 112 
 76 112 
 77 113 
 78 113 
 79 114 
 80 114 
 81 115 
 81 116 
 81 117 
 80 118 
 79 118 
 78 118 
 77 118 
 76 118 
 75 119 
 74 119 
 73 119 
 72 120 
 71 120 
 70 120 
 69 120 
 68 120 
 67 120 
 66 120 
 65 120 
 64 120 
 63 120 
 62 120 
 61 119 
 60 119 
 59 119 
 58 118 
 57 119 
 56 118 
 55 118 
 54 117 
 54 116 
 53 115 
 54 114 
 54 113 
 54 112 
 54 111 
 55 110 
 55 109 
 55 108 
 54 107 
 54 106 
 54 105 
 53 104 
 53 103 
 53 102 
 52 101 
 52 100 
 53 99 
 52 98 
 52 97 
 52 96 
 53 95 
 53 94 
 54 93 
 54 92 
 54 91 
 54 90 
 54 89 
 54 88 
 54 87 
 54 86 
 53 85 
 52 84 
 51 83 
 50 82 
 50 81 
 49 80 
 48 79 
 48 78 
 48 77 
 47 76 
 47 75 
 47 74 
 47 73 
 47 72 
 47 71 
 46 70 
 46 69 
 47 68 
 46 67 
 46 66 
 47 65 
 46 64 
 46 63 
 46 62 
 45 61 
 45 60 
 44 59 
 45 58 
 44 57 
 44 56 
 44 55 
 44 54 
 44 53 
 44 52 
 44 51 
 44 50 
 44 49 
 44 48 
 43 47 
 43 46 
 42 45 
 42 44 
 42 43 
 42 42 
 42 41 
 42 40 
 42 39 
 42 38 
 43 37 
 43 36 
 44 35 
 44 34 
 45 33 
 46 32 
 47 32 
 48 31 
 48 30 
 49 30 
 50 29 
 51 28 
 51 27 
 51 26 
 51 25 
 50 24 
 50 23 
 49 22 
 48 22 
 48 21 
 47 20 
 46 20 
 46 19 
 46 18 
 45 17 
 45 16 
 44 15 
 45 14 
 44 13 
 45 12 
 44 11 
 45 10 
 45 9 
 46 8 
 47 7 
 47 6 
 48 6 
 49 5 
 49 4 
 50 4 
 51 4 
 52 3 
 53 3 
 54 2