 
 53 5 
 54 5 
 55 5 
 55 6 
 55 7 
 55 8 
 55 9 
 55 10 
 55 11 
 55 12 
 55 13 
 55 14 
 56 15 
 57 15 
 58 15 
 59 15 
 60 15 
 61 14 
 62 15 
 63 15 
 64 15 
 65 15 
 66 14 
 67 14 
 68 15 
 68 16 
 67 17 
 67 18 
 66 18 
 65 17 
 64 18 
 63 19 
 62 19 
 61 19 
 60 19 
 59 19 
 58 20 
 57 21 
 57 22 
 57 23 
 57 24 
 57 25 
 57 26 
 57 27 
 57 28 
 57 29 
 57 30 
 57 31 
 57 32 
 58 33 
 58 34 
 58 35 
 58 36 
 59 37 
 59 38 
 60 39 
 61 38 
 62 39 
 63 39 
 64 39 
 65 39 
 66 40 
 67 40 
 68 41 
 69 41 
 70 41 
 71 41 
 72 42 
 73 42 
 74 43 
 75 42 
 76 42 
 77 42 
 78 42 
 79 42 
 80 42 
 81 42 
 82 42 
 83 42 
 84 43 
 83 44 
 84 45 
 84 46 
 83 47 
 84 48 
 83 49 
 84 50 
 85 49 
 86 50 
 87 50 
 88 50 
 89 51 
 90 51 
 91 52 
 92 52 
 93 52 
 93 53 
 94 54 
 95 53 
 96 54 
 97 54 
 98 55 
 99 55 
 100 55 
 101 56 
 102 56 
 103 57 
 104 58 
 104 59 
 103 60 
 103 61 
 102 62 
 102 63 
 102 64 
 101 65 
 100 66 
 99 67 
 98 68 
 97 67 
 96 68 
 95 69 
 94 69 
 93 69 
 92 70 
 91 71 
 90 71 
 89 71 
 88 71 
 87 72 
 86 73 
 85 74 
 84 74 
 83 75 
 82 75 
 81 74 
 80 75 
 80 76 
 79 75 
 78 76 
 77 75 
 76 75 
 75 76 
 74 76 
 73 77 
 72 77 
 71 77 
 70 77 
 69 76 
 68 76 
 67 77 
 66 77 
 65 77 
 64 77 
 63 77 
 62 77 
 61 77 
 60 77 
 59 77 
 58 77 
 57 77 
 56 77 
 55 77 
 54 77 
 53 77 
 52 77 
 51 77 
 50 77 
 49 76 
 48 77 
 47 77 
 46 77 
 45 77 
 44 77 
 43 77 
 42 77 
 41 77 
 40 77 
 39 77 
 38 77 
 37 77 
 36 77 
 35 77 
 34 77 
 33 77 
 33 76 
 32 75 
 31 76 
 30 75 
 29 75 
 28 75 
 27 76 
 26 75 
 25 75 
 24 75 
 23 75 
 22 75 
 21 74 
 20 74 
 19 74 
 18 73 
 17 72 
 16 73 
 15 72 
 14 71 
 13 70 
 12 70 
 11 69 
 10 69 
 9 69 
 9 68 
 8 67 
 7 68 
 6 67 
 5 67 
 5 66 
 6 65 
 5 64 
 5 63 
 5 62 
 6 61 
 7 60 
 7 59 
 7 58 
 7 57 
 8 56 
 9 55 
 9 54 
 9 53 
 9 52 
 10 52 
 11 51 
 12 50 
 13 50 
 14 49 
 15 48 
 16 48 
 17 48 
 18 48 
 19 48 
 20 47 
 21 47 
 22 46 
 23 45 
 24 44 
 24 43 
 24 42 
 25 41 
 25 40 
 26 41 
 27 40 
 28 39 
 29 39 
 30 39 
 31 39 
 32 39 
 33 38 
 34 38 
 35 37 
 36 37 
 37 37 
 38 37 
 39 36 
 40 36 
 41 37 
 42 36 
 43 36 
 44 36 
 45 36 
 46 36 
 47 35 
 48 34 
 48 33 
 48 32 
 48 31 
 48 30 
 48 29 
 48 28 
 48 27 
 48 26 
 48 25 
 48 24 
 48 23 
 49 22 
 48 21 
 47 21 
 46 21 
 45 20 
 44 20 
 43 20 
 42 21 
 41 20 
 40 19 
 39 19 
 38 18 
 38 17 
 39 16 
 40 16 
 41 15 
 42 15 
 43 14 
 44 15 
 45 15 
 46 15 
 47 15 
 48 15 
 49 15 
 50 14 
 51 13 
 51 12 
 51 11 
 51 10 
 51 9 
 51 8 
 51 7 
 52 6 
 52 5