 
 53 2 
 54 2 
 55 2 
 56 2 
 57 2 
 58 2 
 59 2 
 60 3 
 61 3 
 62 3 
 63 3 
 64 3 
 65 4 
 66 5 
 67 5 
 68 6 
 69 6 
 70 7 
 71 8 
 71 9 
 72 10 
 72 11 
 72 12 
 72 13 
 72 14 
 72 15 
 72 16 
 72 17 
 72 18 
 72 19 
 72 20 
 72 21 
 73 22 
 72 23 
 72 24 
 71 25 
 71 26 
 71 27 
 71 28 
 70 29 
 71 30 
 71 31 
 72 32 
 73 33 
 73 34 
 74 35 
 74 36 
 74 37 
 74 38 
 74 39 
 75 40 
 75 41 
 75 42 
 76 43 
 76 44 
 75 45 
 75 46 
 75 47 
 75 48 
 76 49 
 76 50 
 77 51 
 77 52 
 77 53 
 78 54 
 78 55 
 78 56 
 79 57 
 79 58 
 79 59 
 79 60 
 80 61 
 80 62 
 81 63 
 80 64 
 81 65 
 82 66 
 82 67 
 82 68 
 83 69 
 83 70 
 82 71 
 82 72 
 81 73 
 80 74 
 80 75 
 80 76 
 80 77 
 80 78 
 79 79 
 78 80 
 77 80 
 76 81 
 75 82 
 75 83 
 75 84 
 75 85 
 75 86 
 75 87 
 75 88 
 75 89 
 75 90 
 74 91 
 74 92 
 73 93 
 73 94 
 73 95 
 72 96 
 73 97 
 73 98 
 72 99 
 72 100 
 71 101 
 71 102 
 71 103 
 71 104 
 70 105 
 70 106 
 69 107 
 70 108 
 71 109 
 72 109 
 73 110 
 74 111 
 75 111 
 76 112 
 77 113 
 78 113 
 79 113 
 80 114 
 81 115 
 80 116 
 80 117 
 79 117 
 78 117 
 77 117 
 76 117 
 75 118 
 74 119 
 73 119 
 72 120 
 71 120 
 70 120 
 69 120 
 68 120 
 67 120 
 66 120 
 65 120 
 64 120 
 63 120 
 62 120 
 61 119 
 60 119 
 59 119 
 58 119 
 57 118 
 56 119 
 55 118 
 54 117 
 53 117 
 53 116 
 53 115 
 53 114 
 53 113 
 54 112 
 54 111 
 54 110 
 54 109 
 54 108 
 54 107 
 54 106 
 54 105 
 53 104 
 53 103 
 53 102 
 53 101 
 52 100 
 52 99 
 52 98 
 52 97 
 53 96 
 53 95 
 54 94 
 54 93 
 55 92 
 55 91 
 55 90 
 55 89 
 55 88 
 55 87 
 55 86 
 54 85 
 53 84 
 52 83 
 51 82 
 51 81 
 50 80 
 50 79 
 49 78 
 49 77 
 49 76 
 48 75 
 48 74 
 48 73 
 48 72 
 47 71 
 47 70 
 47 69 
 47 68 
 47 67 
 46 66 
 46 65 
 47 64 
 46 63 
 46 62 
 46 61 
 45 60 
 45 59 
 45 58 
 45 57 
 44 56 
 44 55 
 44 54 
 44 53 
 44 52 
 45 51 
 44 50 
 44 49 
 43 48 
 43 47 
 43 46 
 42 45 
 42 44 
 42 43 
 42 42 
 42 41 
 42 40 
 42 39 
 43 38 
 43 37 
 44 36 
 44 35 
 45 34 
 45 33 
 46 33 
 47 32 
 47 31 
 48 31 
 49 30 
 49 29 
 50 28 
 50 27 
 50 26 
 50 25 
 49 24 
 48 23 
 47 22 
 46 21 
 46 20 
 46 19 
 45 18 
 44 17 
 45 16 
 44 15 
 44 14 
 44 13 
 44 12 
 44 11 
 45 10 
 44 9 
 45 8 
 45 7 
 46 6 
 47 5 
 48 5 
 49 4 
 50 3 
 51 3 
 52 2