 
 4 49 
 108 43 
 24 4 
 110 43 
 3 47 
 3 50 
 109 42 
 4 48 
 23 5 
 107 42 
 110 42 
 4 51 
 23 4 
 106 43 
 4 47 
 3 52 
 5 47 
 105 42 
 111 41 
 24 3 
 4 53 
 6 47 
 110 40 
 104 43 
 110 39 
 7 46 
 103 42 
 4 54 
 6 45 
 3 55 
 111 38 
 102 43 
 110 37 
 4 56 
 101 42 
 5 44 
 110 36 
 5 43 
 4 57 
 100 43 
 111 35 
 5 42 
 99 42 
 3 58 
 5 41 
 4 59 
 98 43 
 110 34 
 4 40 
 111 33 
 97 42 
 3 60 
 96 43 
 4 61 
 4 39 
 110 32 
 109 32 
 95 42 
 4 38 
 4 62 
 108 32 
 5 63 
 4 37 
 94 43 
 107 32 
 93 42 
 4 36 
 6 62 
 4 35 
 7 63 
 106 32 
 92 43 
 8 62 
 105 32 
 91 42 
 4 34 
 104 32 
 9 63 
 4 33 
 90 43 
 10 62 
 4 32 
 103 32 
 89 42 
 11 63 
 4 31 
 88 43 
 102 32 
 87 42 
 101 32 
 5 30 
 12 62 
 5 29 
 86 43 
 100 32 
 13 63 
 14 62 
 5 28 
 85 42 
 99 32 
 5 27 
 84 43 
 98 32 
 15 63 
 83 42 
 97 32 
 16 62 
 5 26 
 5 25 
 17 63 
 82 43 
 96 32 
 95 32 
 6 24 
 81 42 
 18 62 
 94 32 
 80 43 
 19 63 
 6 23 
 20 62 
 7 22 
 79 42 
 93 32 
 78 43 
 7 21 
 92 32 
 21 63 
 77 42 
 7 20 
 22 62 
 91 32 
 90 32 
 23 63 
 7 19 
 76 43 
 75 42 
 89 32 
 24 62 
 8 18 
 9 17 
 74 43 
 25 63 
 88 32 
 9 16 
 26 62 
 73 42 
 87 32 
 26 61 
 86 32 
 9 15 
 72 43 
 71 42 
 85 32 
 10 14 
 26 60 
 70 43 
 84 32 
 26 59 
 10 13 
 83 32 
 11 12 
 69 42 
 26 58 
 12 11 
 82 32 
 68 43 
 26 57 
 81 32 
 67 42 
 13 10 
 26 56 
 80 32 
 66 43 
 14 10 
 26 55 
 26 54 
 79 32 
 15 9 
 65 42 
 26 53 
 64 43 
 78 32 
 16 8 
 17 7 
 63 42 
 77 32 
 26 52 
 76 32 
 62 43 
 26 51 
 18 7 
 19 6 
 75 32 
 61 42 
 26 50 
 74 32 
 26 49 
 20 6 
 60 43 
 59 42 
 21 5 
 73 32 
 26 48 
 72 32 
 22 4 
 26 47 
 58 43 
 71 32 
 57 42 
 25 47 
 56 43 
 24 47 
 70 32 
 55 42 
 23 46 
 69 32 
 68 32 
 24 45 
 54 43 
 53 42 
 24 44 
 67 32 
 66 32 
 52 43 
 24 43 
 51 42 
 65 32 
 64 32 
 50 43 
 49 42 
 63 32 
 48 43 
 62 32 
 47 42 
 61 32 
 60 32 
 46 43 
 59 32 
 45 42 
 44 43 
 58 32 
 57 32 
 43 42 
 42 43 
 56 32 
 41 42 
 55 32 
 40 43 
 54 32 
 53 32 
 39 42 
 38 43 
 52 32 
 51 32 
 37 42 
 36 43 
 50 32 
 35 42 
 49 32 
 48 32 
 34 43 
 47 32 
 33 42 
 32 43 
 46 32 
 45 32 
 31 42 
 44 32 
 30 43 
 43 32 
 29 42 
 28 43 
 42 32 
 27 42 
 41 32 
 40 32 
 26 43 
 39 32 
 25 42 
 38 32 
 37 32 
 36 32 
 35 32 
 34 32 
 33 32 
 32 32 
 31 32 
 30 32 
 29 32 
 28 32 
 27 32 
 26 32 
 25 32 
 24 31 
 24 30 
 23 29 
 23 28 
 22 27 
 21 26 
 21 25 
 20 24 
 19 23 
 19 22 
 20 21 
 19 20 
 19 19 
 19 18 
 19 17 
 19 16 
 19 15 
 19 14 
 20 13 
 19 12 
 20 11 
 21 10 
 21 9 
 21 8 
 22 7 
 22 6