 
 117 5 
 116 6 
 117 7 
 117 8 
 117 9 
 116 10 
 116 11 
 116 12 
 116 13 
 116 14 
 116 15 
 116 16 
 116 17 
 116 18 
 116 19 
 116 20 
 116 21 
 117 22 
 117 23 
 116 24 
 117 25 
 116 26 
 117 27 
 116 28 
 117 29 
 117 30 
 117 31 
 116 32 
 116 33 
 117 34 
 116 35 
 116 36 
 116 37 
 116 38 
 116 39 
 116 40 
 116 41 
 116 42 
 116 43 
 116 44 
 116 45 
 116 46 
 117 47 
 117 48 
 117 49 
 117 50 
 117 51 
 117 52 
 117 53 
 117 54 
 117 55 
 118 56 
 117 57 
 118 58 
 119 59 
 119 60 
 118 61 
 119 62 
 120 63 
 119 64 
 119 65 
 119 66 
 120 67 
 119 68 
 120 69 
 120 70 
 120 71 
 120 72 
 120 73 
 121 74 
 121 75 
 121 76 
 121 77 
 121 78 
 121 79 
 121 80 
 121 81 
 121 82 
 122 83 
 121 84 
 121 85 
 121 86 
 121 87 
 120 88 
 120 89 
 120 90 
 119 90 
 118 91 
 117 91 
 116 92 
 115 92 
 114 92 
 113 93 
 112 92 
 111 93 
 110 92 
 109 93 
 108 92 
 107 93 
 106 92 
 105 92 
 104 92 
 103 91 
 102 91 
 101 92 
 100 91 
 99 91 
 98 91 
 97 91 
 96 90 
 95 90 
 94 91 
 93 90 
 92 89 
 91 89 
 90 89 
 89 89 
 88 89 
 87 88 
 86 88 
 85 89 
 84 88 
 83 88 
 82 88 
 81 88 
 80 88 
 79 88 
 78 88 
 77 87 
 76 87 
 75 87 
 74 87 
 73 87 
 72 86 
 71 87 
 70 86 
 69 86 
 68 86 
 67 86 
 66 86 
 65 86 
 64 85 
 63 85 
 62 86 
 61 87 
 61 88 
 60 89 
 59 90 
 59 91 
 58 91 
 57 90 
 57 89 
 56 88 
 55 89 
 54 89 
 53 89 
 52 89 
 51 90 
 50 91 
 49 92 
 48 93 
 47 93 
 46 94 
 46 95 
 46 96 
 45 97 
 44 98 
 43 99 
 42 100 
 42 101 
 41 101 
 40 102 
 39 102 
 38 103 
 37 104 
 36 105 
 36 106 
 36 107 
 35 107 
 34 107 
 33 108 
 32 108 
 31 108 
 30 109 
 29 109 
 28 109 
 27 110 
 26 110 
 25 110 
 24 110 
 23 111 
 22 110 
 21 110 
 20 110 
 19 110 
 18 110 
 17 109 
 16 109 
 15 108 
 14 108 
 13 107 
 12 107 
 12 106 
 11 105 
 10 104 
 10 103 
 9 102 
 8 102 
 7 101 
 7 100 
 6 99 
 6 98 
 5 97 
 5 96 
 5 95 
 4 94 
 5 93 
 4 92 
 5 91 
 6 92 
 7 92 
 8 93 
 9 93 
 9 94 
 9 95 
 8 96 
 9 97 
 9 98 
 9 99 
 10 100 
 11 101 
 12 100 
 12 99 
 13 99 
 14 100 
 14 101 
 14 102 
 14 103 
 15 104 
 16 105 
 17 105 
 18 105 
 19 106 
 20 106 
 21 106 
 22 106 
 23 106 
 24 106 
 25 106 
 26 106 
 27 105 
 28 105 
 29 104 
 30 103 
 31 103 
 32 103 
 33 102 
 34 101 
 35 100 
 36 99 
 36 98 
 37 97 
 38 96 
 39 95 
 39 94 
 40 94 
 41 93 
 42 92 
 43 91 
 43 90 
 43 89 
 44 88 
 45 87 
 44 86 
 44 85 
 45 84 
 44 83 
 45 82 
 44 81 
 45 80 
 44 79 
 45 78 
 44 77 
 43 77 
 43 76 
 44 75 
 45 74 
 45 73 
 46 73 
 47 72 
 46 71 
 45 70 
 44 69 
 44 68 
 43 67 
 43 66 
 43 65 
 43 64 
 42 63 
 42 62 
 42 61 
 41 60 
 41 59 
 41 58 
 41 57 
 40 56 
 39 55 
 39 54 
 39 53 
 39 52 
 39 51 
 38 50 
 38 49 
 38 48 
 37 47 
 37 46 
 37 45 
 37 44 
 36 43 
 36 42 
 36 41 
 35 40 
 35 39 
 35 38 
 34 37 
 33 36 
 34 35 
 33 34 
 33 33 
 33 32 
 33 31 
 32 30 
 31 30 
 31 29 
 31 28 
 30 27 
 30 26 
 30 25 
 30 24 
 29 23 
 29 22 
 29 21 
 29 20 
 29 19 
 29 18 
 29 17 
 30 16 
 31 15 
 31 14 
 32 14 
 33 14 
 34 14 
 35 13 
 36 13 
 37 13 
 38 13 
 39 12 
 40 12 
 41 13 
 42 13 
 43 12 
 44 12 
 45 12 
 46 12 
 47 12 
 48 12 
 49 12 
 50 12 
 51 12 
 52 12 
 53 13 
 54 12 
 55 13 
 56 13 
 57 12 
 58 13 
 59 12 
 60 13 
 61 13 
 62 13 
 63 13 
 64 13 
 65 13 
 66 13 
 67 13 
 68 13 
 69 13 
 70 13 
 71 13 
 72 12 
 73 13 
 74 12 
 75 12 
 76 12 
 77 12 
 78 12 
 79 11 
 80 11 
 81 11 
 82 11 
 83 11 
 84 11 
 85 10 
 86 11 
 87 11 
 88 10 
 89 10 
 90 10 
 91 10 
 92 10 
 93 9 
 94 9 
 95 9 
 96 10 
 97 9 
 97 8 
 98 8 
 99 8 
 100 8 
 101 8 
 102 7 
 103 7 
 104 7 
 105 7 
 106 6 
 107 6 
 108 6 
 109 5 
 110 6 
 111 6 
 112 5 
 113 5 
 114 5 
 115 5 
 116 4