 
 47 5 
 48 5 
 49 5 
 50 5 
 51 5 
 52 5 
 53 6 
 54 6 
 55 6 
 56 6 
 57 7 
 58 8 
 59 8 
 60 8 
 61 8 
 62 8 
 63 9 
 64 10 
 65 10 
 65 11 
 65 12 
 66 13 
 67 12 
 68 11 
 69 10 
 70 10 
 71 9 
 72 9 
 73 9 
 74 9 
 75 9 
 76 9 
 76 10 
 77 11 
 78 11 
 79 12 
 80 12 
 81 13 
 82 14 
 83 15 
 83 16 
 84 17 
 84 18 
 85 19 
 86 20 
 86 21 
 85 22 
 86 23 
 87 24 
 87 25 
 87 26 
 87 27 
 86 28 
 87 29 
 86 30 
 87 31 
 87 32 
 87 33 
 86 34 
 87 35 
 87 36 
 87 37 
 87 38 
 87 39 
 87 40 
 87 41 
 87 42 
 87 43 
 87 44 
 87 45 
 86 46 
 87 47 
 87 48 
 87 49 
 87 50 
 87 51 
 87 52 
 87 53 
 87 54 
 88 55 
 89 55 
 90 56 
 91 57 
 90 58 
 90 59 
 90 60 
 90 61 
 90 62 
 89 63 
 89 64 
 89 65 
 90 66 
 89 67 
 89 68 
 90 69 
 89 70 
 89 71 
 89 72 
 89 73 
 89 74 
 89 75 
 88 76 
 88 77 
 87 78 
 86 78 
 85 79 
 84 79 
 83 80 
 83 81 
 83 82 
 83 83 
 83 84 
 83 85 
 83 86 
 83 87 
 82 88 
 82 89 
 81 90 
 81 91 
 81 92 
 80 93 
 79 94 
 79 95 
 79 96 
 79 97 
 79 98 
 79 99 
 79 100 
 79 101 
 79 102 
 79 103 
 78 104 
 78 105 
 78 106 
 78 107 
 78 108 
 78 109 
 77 110 
 76 110 
 75 111 
 75 112 
 74 113 
 74 114 
 73 115 
 72 116 
 72 117 
 71 118 
 70 119 
 69 120 
 68 121 
 67 122 
 66 122 
 65 123 
 64 123 
 63 124 
 62 124 
 61 125 
 60 126 
 59 126 
 58 126 
 57 126 
 56 126 
 55 127 
 54 127 
 53 126 
 52 125 
 51 124 
 50 123 
 49 123 
 48 122 
 47 121 
 46 120 
 45 120 
 44 119 
 43 118 
 42 118 
 41 118 
 42 117 
 41 116 
 40 116 
 39 115 
 38 114 
 37 113 
 37 112 
 36 111 
 35 110 
 35 109 
 35 108 
 35 107 
 34 106 
 35 105 
 34 104 
 35 103 
 35 102 
 35 101 
 36 100 
 35 99 
 34 98 
 33 97 
 32 96 
 31 95 
 31 94 
 30 93 
 30 92 
 29 91 
 29 90 
 30 89 
 29 88 
 29 87 
 29 86 
 29 85 
 29 84 
 28 83 
 27 83 
 26 82 
 25 81 
 25 80 
 24 79 
 23 78 
 23 77 
 22 76 
 22 75 
 22 74 
 21 73 
 21 72 
 21 71 
 21 70 
 20 69 
 20 68 
 19 67 
 19 66 
 19 65 
 18 64 
 18 63 
 18 62 
 19 61 
 20 60 
 21 61 
 22 61 
 23 61 
 24 62 
 25 61 
 24 60 
 23 59 
 23 58 
 22 57 
 23 56 
 22 55 
 23 54 
 22 53 
 22 52 
 22 51 
 22 50 
 22 49 
 22 48 
 22 47 
 22 46 
 22 45 
 22 44 
 22 43 
 22 42 
 22 41 
 22 40 
 22 39 
 22 38 
 22 37 
 23 36 
 23 35 
 23 34 
 24 34 
 25 33 
 25 32 
 25 31 
 25 30 
 25 29 
 25 28 
 26 27 
 26 26 
 26 25 
 26 24 
 27 23 
 28 22 
 28 21 
 29 20 
 30 19 
 31 18 
 31 17 
 31 16 
 32 15 
 33 14 
 34 14 
 35 13 
 36 12 
 36 11 
 37 10 
 38 9 
 39 9 
 40 8 
 41 8 
 42 7 
 43 7 
 44 6 
 45 6 
 46 5