 
 16 4 
 17 4 
 18 4 
 19 4 
 20 4 
 21 4 
 22 4 
 23 4 
 24 4 
 25 4 
 26 4 
 27 4 
 28 4 
 29 5 
 30 5 
 31 6 
 32 6 
 33 7 
 34 8 
 35 8 
 36 8 
 37 9 
 38 9 
 39 9 
 40 10 
 41 11 
 42 11 
 43 12 
 44 12 
 45 11 
 46 12 
 47 12 
 48 11 
 49 11 
 50 11 
 51 11 
 52 10 
 53 11 
 54 11 
 55 11 
 56 10 
 57 10 
 58 10 
 59 10 
 60 10 
 61 10 
 62 9 
 63 9 
 64 9 
 65 9 
 66 8 
 67 8 
 68 8 
 69 8 
 70 7 
 71 6 
 72 6 
 73 6 
 74 6 
 75 6 
 76 6 
 77 6 
 78 6 
 79 7 
 80 8 
 81 8 
 82 8 
 83 9 
 82 10 
 83 11 
 84 12 
 85 11 
 86 12 
 86 13 
 87 14 
 88 14 
 89 14 
 90 14 
 90 15 
 91 16 
 92 15 
 93 15 
 94 16 
 95 15 
 96 15 
 97 14 
 98 15 
 99 14 
 100 13 
 101 13 
 102 13 
 103 13 
 104 14 
 105 14 
 106 14 
 106 15 
 107 16 
 107 17 
 107 18 
 107 19 
 107 20 
 108 21 
 109 22 
 109 23 
 109 24 
 109 25 
 109 26 
 108 27 
 107 28 
 106 29 
 105 30 
 105 31 
 104 32 
 103 33 
 103 34 
 102 35 
 101 36 
 100 37 
 100 38 
 101 39 
 102 39 
 102 40 
 102 41 
 102 42 
 102 43 
 103 44 
 103 45 
 103 46 
 103 47 
 102 48 
 101 49 
 100 49 
 99 49 
 98 49 
 97 49 
 96 49 
 95 49 
 94 49 
 93 49 
 92 49 
 91 49 
 90 49 
 89 49 
 88 49 
 87 49 
 86 48 
 85 48 
 84 47 
 83 46 
 82 46 
 81 45 
 80 45 
 79 45 
 78 45 
 77 45 
 76 44 
 75 43 
 74 44 
 73 43 
 72 42 
 71 42 
 70 42 
 69 42 
 68 42 
 67 42 
 66 43 
 65 43 
 64 43 
 63 43 
 62 43 
 61 43 
 60 44 
 59 43 
 58 43 
 57 44 
 56 44 
 55 44 
 54 45 
 53 45 
 52 46 
 51 45 
 50 45 
 49 45 
 48 46 
 47 47 
 46 46 
 45 47 
 44 48 
 43 48 
 42 49 
 41 48 
 40 48 
 39 48 
 38 47 
 37 47 
 36 47 
 35 46 
 34 45 
 33 45 
 32 44 
 31 43 
 30 44 
 29 43 
 28 42 
 27 41 
 26 40 
 25 39 
 24 38 
 23 39 
 22 39 
 21 39 
 20 40 
 19 40 
 18 40 
 17 40 
 16 40 
 15 40 
 14 40 
 13 40 
 12 40 
 11 40 
 10 39 
 9 39 
 8 40 
 7 40 
 6 39 
 6 38 
 5 37 
 5 36 
 5 35 
 4 34 
 4 33 
 4 32 
 4 31 
 4 30 
 5 30 
 6 29 
 6 28 
 7 27 
 8 26 
 8 25 
 8 24 
 9 23 
 10 22 
 11 21 
 12 20 
 13 19 
 14 18 
 15 17 
 14 16 
 13 16 
 13 15 
 13 14 
 13 13 
 13 12 
 13 11 
 13 10 
 14 9 
 14 8 
 14 7 
 14 6 
 14 5 
 15 4