 
 101 8 
 102 8 
 103 8 
 104 9 
 105 9 
 106 9 
 107 10 
 108 10 
 109 11 
 110 11 
 111 11 
 112 11 
 113 12 
 114 13 
 115 14 
 116 14 
 117 15 
 118 15 
 119 16 
 120 16 
 120 17 
 121 18 
 122 18 
 123 19 
 123 20 
 124 21 
 125 22 
 126 23 
 127 23 
 127 24 
 127 25 
 128 26 
 129 26 
 129 27 
 130 28 
 130 29 
 130 30 
 131 31 
 132 31 
 133 31 
 134 31 
 135 32 
 136 33 
 135 34 
 134 34 
 133 35 
 132 35 
 131 36 
 130 36 
 129 36 
 128 37 
 128 38 
 127 39 
 128 40 
 129 41 
 128 42 
 129 43 
 130 43 
 131 43 
 132 43 
 133 43 
 134 44 
 135 45 
 136 45 
 137 45 
 138 46 
 139 46 
 139 47 
 139 48 
 140 49 
 141 50 
 140 51 
 140 52 
 140 53 
 139 54 
 139 55 
 138 56 
 137 57 
 137 58 
 137 59 
 136 59 
 135 60 
 134 60 
 133 61 
 132 61 
 131 60 
 130 60 
 129 60 
 128 59 
 128 58 
 128 57 
 129 56 
 129 55 
 129 54 
 128 53 
 127 53 
 126 52 
 125 52 
 124 51 
 124 50 
 123 49 
 122 50 
 121 50 
 121 49 
 120 48 
 119 48 
 118 47 
 117 47 
 116 48 
 116 49 
 115 49 
 114 50 
 113 51 
 112 52 
 111 52 
 110 53 
 109 53 
 108 54 
 107 54 
 106 54 
 105 55 
 104 55 
 103 56 
 102 57 
 101 57 
 100 58 
 99 58 
 98 57 
 97 58 
 96 59 
 95 59 
 94 60 
 93 60 
 92 60 
 91 61 
 90 61 
 89 62 
 89 63 
 88 62 
 87 62 
 86 63 
 86 64 
 85 63 
 84 63 
 83 64 
 83 65 
 82 64 
 81 64 
 80 65 
 79 65 
 78 66 
 77 66 
 76 66 
 75 67 
 74 67 
 73 67 
 72 67 
 71 67 
 70 67 
 69 67 
 68 67 
 67 67 
 66 67 
 65 67 
 64 67 
 63 68 
 62 67 
 61 68 
 61 69 
 60 70 
 60 71 
 60 72 
 61 73 
 61 74 
 61 75 
 62 76 
 62 77 
 63 78 
 63 79 
 63 80 
 64 81 
 64 82 
 64 83 
 64 84 
 63 85 
 62 86 
 61 87 
 60 87 
 59 87 
 58 88 
 57 88 
 56 88 
 55 89 
 54 88 
 53 88 
 52 88 
 53 87 
 53 86 
 53 85 
 54 84 
 54 83 
 55 82 
 55 81 
 54 80 
 53 79 
 53 78 
 52 77 
 52 76 
 51 75 
 50 74 
 50 73 
 50 72 
 49 71 
 49 70 
 49 69 
 48 68 
 47 68 
 46 69 
 45 68 
 44 68 
 43 69 
 42 69 
 41 68 
 40 69 
 39 69 
 38 68 
 37 69 
 36 69 
 35 68 
 34 69 
 33 69 
 32 68 
 31 68 
 30 67 
 29 67 
 28 68 
 27 67 
 26 67 
 25 66 
 24 66 
 23 65 
 22 64 
 22 63 
 22 62 
 21 61 
 21 60 
 21 59 
 22 58 
 23 57 
 24 57 
 25 56 
 25 55 
 26 55 
 27 54 
 28 54 
 29 53 
 29 52 
 29 51 
 30 51 
 31 50 
 32 50 
 33 50 
 34 49 
 34 48 
 35 49 
 36 48 
 37 47 
 38 48 
 39 48 
 40 47 
 41 47 
 42 48 
 43 48 
 44 48 
 45 47 
 45 46 
 46 45 
 46 44 
 47 43 
 48 42 
 49 41 
 50 40 
 50 39 
 50 38 
 51 38 
 52 38 
 53 37 
 53 36 
 53 35 
 53 34 
 54 33 
 54 32 
 55 31 
 55 30 
 55 29 
 56 29 
 57 28 
 58 27 
 58 26 
 59 26 
 60 25 
 61 24 
 61 23 
 62 22 
 63 21 
 64 21 
 65 20 
 66 19 
 67 18 
 68 18 
 69 17 
 70 17 
 71 16 
 72 16 
 73 15 
 73 14 
 74 15 
 75 14 
 75 13 
 76 13 
 77 13 
 78 12 
 79 12 
 80 12 
 81 11 
 82 11 
 83 10 
 84 10 
 85 10 
 86 10 
 87 9 
 88 9 
 89 9 
 90 9 
 91 9 
 92 9 
 93 8 
 94 8 
 95 8 
 96 8 
 97 8 
 98 8 
 99 8 
 100 7