 
 71 4 
 72 5 
 73 6 
 74 7 
 75 8 
 76 9 
 77 10 
 78 10 
 79 11 
 80 11 
 81 12 
 82 13 
 83 13 
 84 14 
 85 14 
 86 15 
 87 15 
 88 16 
 89 17 
 90 18 
 91 18 
 92 19 
 93 19 
 93 20 
 94 21 
 95 21 
 96 22 
 97 23 
 98 23 
 99 24 
 100 25 
 101 25 
 102 26 
 103 26 
 104 27 
 105 28 
 106 29 
 107 29 
 108 30 
 109 30 
 110 31 
 111 31 
 112 32 
 113 33 
 114 33 
 115 34 
 116 35 
 117 36 
 118 37 
 119 38 
 119 39 
 120 40 
 120 41 
 121 42 
 122 43 
 122 44 
 122 45 
 122 46 
 122 47 
 122 48 
 122 49 
 122 50 
 121 51 
 121 52 
 120 53 
 120 54 
 119 55 
 119 56 
 118 57 
 118 58 
 117 59 
 116 60 
 116 61 
 115 62 
 114 63 
 113 64 
 113 65 
 112 66 
 112 67 
 111 68 
 111 69 
 110 70 
 109 71 
 109 72 
 108 73 
 108 74 
 107 75 
 106 76 
 106 77 
 105 78 
 104 79 
 104 80 
 103 81 
 102 82 
 102 83 
 101 83 
 100 84 
 100 85 
 99 85 
 98 86 
 97 87 
 96 88 
 95 89 
 94 90 
 93 91 
 92 91 
 91 92 
 90 92 
 89 92 
 88 93 
 88 94 
 89 95 
 90 96 
 90 97 
 90 98 
 91 99 
 90 100 
 90 101 
 89 101 
 88 101 
 87 101 
 86 102 
 85 102 
 84 102 
 83 102 
 82 102 
 81 102 
 80 102 
 79 103 
 78 103 
 77 103 
 76 104 
 76 105 
 75 106 
 75 107 
 74 108 
 74 109 
 74 110 
 73 111 
 73 112 
 73 113 
 72 114 
 71 115 
 71 116 
 70 117 
 69 118 
 69 119 
 68 120 
 67 121 
 66 122 
 65 122 
 64 123 
 63 124 
 62 125 
 61 126 
 60 126 
 59 127 
 58 127 
 57 127 
 56 128 
 55 128 
 54 128 
 53 128 
 52 128 
 51 129 
 50 129 
 49 129 
 48 129 
 47 129 
 46 129 
 45 129 
 44 130 
 43 130 
 42 131 
 41 132 
 40 132 
 39 132 
 38 132 
 37 133 
 36 134 
 35 133 
 34 134 
 33 134 
 32 135 
 31 135 
 30 135 
 29 135 
 28 135 
 28 134 
 29 134 
 30 133 
 31 132 
 32 132 
 33 131 
 34 130 
 35 130 
 36 130 
 37 129 
 36 128 
 35 128 
 34 127 
 33 127 
 32 126 
 31 125 
 30 125 
 29 124 
 28 123 
 27 122 
 26 122 
 26 121 
 25 120 
 25 119 
 24 118 
 24 117 
 24 116 
 24 115 
 23 114 
 23 113 
 23 112 
 22 111 
 23 110 
 23 109 
 23 108 
 24 107 
 24 106 
 24 105 
 24 104 
 24 103 
 25 102 
 25 101 
 25 100 
 26 99 
 26 98 
 27 97 
 27 96 
 27 95 
 28 94 
 28 93 
 29 92 
 29 91 
 29 90 
 29 89 
 29 88 
 30 87 
 29 86 
 29 85 
 29 84 
 28 83 
 28 82 
 27 81 
 26 80 
 25 79 
 24 78 
 23 78 
 22 77 
 21 77 
 20 77 
 19 77 
 18 78 
 17 79 
 17 80 
 17 81 
 17 82 
 18 83 
 18 84 
 18 85 
 18 86 
 18 87 
 18 88 
 17 88 
 17 87 
 17 86 
 17 85 
 16 84 
 17 83 
 16 82 
 16 81 
 16 80 
 16 79 
 16 78 
 17 77 
 18 76 
 19 76 
 20 76 
 21 76 
 22 76 
 23 76 
 24 77 
 25 77 
 26 77 
 27 78 
 28 79 
 29 80 
 29 81 
 30 82 
 30 83 
 30 84 
 31 85 
 31 86 
 31 87 
 31 88 
 31 89 
 31 90 
 31 91 
 31 92 
 30 93 
 31 94 
 30 95 
 30 96 
 29 97 
 29 98 
 29 99 
 28 100 
 28 101 
 28 102 
 27 103 
 27 104 
 27 105 
 27 106 
 27 107 
 26 108 
 27 109 
 26 110 
 27 111 
 27 112 
 27 113 
 27 114 
 28 115 
 28 116 
 29 117 
 29 118 
 30 119 
 31 120 
 32 121 
 33 121 
 34 122 
 35 123 
 36 123 
 37 123 
 38 124 
 39 124 
 40 124 
 41 124 
 42 124 
 43 124 
 44 124 
 45 124 
 46 124 
 47 123 
 48 123 
 49 123 
 50 122 
 51 122 
 52 121 
 53 120 
 54 121 
 55 120 
 55 119 
 56 119 
 57 118 
 57 117 
 58 116 
 59 115 
 60 114 
 60 113 
 61 112 
 61 111 
 62 110 
 62 109 
 62 108 
 63 107 
 63 106 
 64 105 
 64 104 
 64 103 
 63 102 
 62 102 
 61 102 
 60 102 
 59 103 
 58 102 
 57 102 
 56 102 
 55 102 
 54 101 
 53 101 
 52 100 
 51 99 
 51 98 
 52 97 
 52 96 
 52 95 
 52 94 
 53 93 
 53 92 
 52 91 
 51 92 
 50 91 
 49 91 
 48 90 
 47 89 
 46 88 
 45 88 
 44 87 
 43 87 
 42 86 
 41 85 
 40 84 
 39 84 
 39 83 
 38 82 
 37 81 
 36 80 
 35 79 
 35 78 
 34 77 
 33 76 
 32 75 
 32 74 
 31 73 
 31 72 
 30 71 
 29 70 
 29 69 
 28 68 
 28 67 
 27 66 
 26 65 
 26 64 
 25 63 
 24 62 
 24 61 
 23 60 
 22 59 
 22 58 
 21 57 
 20 56 
 20 55 
 19 54 
 18 53 
 18 52 
 18 51 
 17 50 
 17 49 
 18 48 
 18 47 
 19 46 
 19 45 
 19 44 
 20 43 
 20 42 
 21 41 
 22 40 
 22 39 
 23 38 
 24 37 
 25 36 
 26 35 
 26 34 
 27 34 
 28 33 
 29 32 
 29 31 
 30 31 
 31 30 
 32 30 
 33 30 
 34 29 
 35 29 
 36 28 
 37 27 
 38 27 
 39 26 
 40 26 
 41 25 
 42 24 
 43 24 
 44 23 
 45 22 
 46 22 
 47 21 
 48 20 
 49 19 
 50 18 
 51 19 
 52 18 
 52 17 
 53 16 
 54 16 
 55 15 
 55 14 
 56 14 
 57 13 
 58 12 
 59 12 
 60 11 
 61 10 
 62 10 
 63 9 
 64 8 
 65 8 
 66 7 
 66 6 
 67 5 
 68 4 
 69 4 
 70 3