 
 42 7 
 43 7 
 44 7 
 45 7 
 45 8 
 46 9 
 47 10 
 48 11 
 49 10 
 50 10 
 51 10 
 52 10 
 53 10 
 54 11 
 54 12 
 55 13 
 54 14 
 55 15 
 54 16 
 54 17 
 54 18 
 55 19 
 55 20 
 55 21 
 56 22 
 55 23 
 55 24 
 55 25 
 55 26 
 54 27 
 54 28 
 53 28 
 52 29 
 52 30 
 52 31 
 51 31 
 50 32 
 49 33 
 48 34 
 48 35 
 47 36 
 47 37 
 47 38 
 47 39 
 47 40 
 47 41 
 47 42 
 48 43 
 47 44 
 48 45 
 47 46 
 48 47 
 49 48 
 49 49 
 50 50 
 50 51 
 51 52 
 52 53 
 53 53 
 54 52 
 55 52 
 56 52 
 57 51 
 57 50 
 58 49 
 58 48 
 59 47 
 59 46 
 59 45 
 60 44 
 60 43 
 60 42 
 60 41 
 60 40 
 60 39 
 60 38 
 60 37 
 60 36 
 60 35 
 61 34 
 61 33 
 62 32 
 62 31 
 63 30 
 63 29 
 64 29 
 65 28 
 66 27 
 66 26 
 67 27 
 68 26 
 69 26 
 70 26 
 71 26 
 72 26 
 73 26 
 74 26 
 75 27 
 76 28 
 77 28 
 78 29 
 78 30 
 79 31 
 79 32 
 79 33 
 80 34 
 80 35 
 80 36 
 80 37 
 80 38 
 80 39 
 79 40 
 80 41 
 80 42 
 80 43 
 80 44 
 81 45 
 81 46 
 82 47 
 83 47 
 84 46 
 84 45 
 85 44 
 85 43 
 85 42 
 85 41 
 85 40 
 85 39 
 85 38 
 85 37 
 85 36 
 85 35 
 85 34 
 85 33 
 86 32 
 86 31 
 87 30 
 87 29 
 88 28 
 89 28 
 90 28 
 91 28 
 92 28 
 93 27 
 94 27 
 95 28 
 96 28 
 97 29 
 98 29 
 99 29 
 100 30 
 101 31 
 101 32 
 101 33 
 102 34 
 102 35 
 102 36 
 102 37 
 102 38 
 102 39 
 102 40 
 102 41 
 101 42 
 102 43 
 102 44 
 102 45 
 101 46 
 102 47 
 102 48 
 102 49 
 102 50 
 102 51 
 103 52 
 103 53 
 103 54 
 103 55 
 104 56 
 104 57 
 105 58 
 105 59 
 105 60 
 106 61 
 106 62 
 106 63 
 106 64 
 107 65 
 106 66 
 107 67 
 107 68 
 107 69 
 108 70 
 108 71 
 109 72 
 109 73 
 109 74 
 109 75 
 109 76 
 109 77 
 110 78 
 110 79 
 110 80 
 111 81 
 111 82 
 110 83 
 110 84 
 111 85 
 111 86 
 111 87 
 112 88 
 112 89 
 113 90 
 114 91 
 115 91 
 116 92 
 117 93 
 118 94 
 118 95 
 119 96 
 119 97 
 119 98 
 119 99 
 119 100 
 119 101 
 118 102 
 117 102 
 116 103 
 115 103 
 114 102 
 113 103 
 112 102 
 111 102 
 110 102 
 109 101 
 108 100 
 107 99 
 108 98 
 107 97 
 107 96 
 107 95 
 106 94 
 106 93 
 107 92 
 107 91 
 107 90 
 107 89 
 108 88 
 107 87 
 108 86 
 107 85 
 108 84 
 107 83 
 108 82 
 107 81 
 108 80 
 107 79 
 108 78 
 107 77 
 106 76 
 105 76 
 104 77 
 104 78 
 104 79 
 103 80 
 102 81 
 103 82 
 102 83 
 102 84 
 103 85 
 102 86 
 102 87 
 103 88 
 102 89 
 102 90 
 103 91 
 102 92 
 101 93 
 101 94 
 101 95 
 102 96 
 102 97 
 101 98 
 102 99 
 103 100 
 102 101 
 102 102 
 103 103 
 102 104 
 101 105 
 101 106 
 100 107 
 99 108 
 99 109 
 98 110 
 97 111 
 97 112 
 97 113 
 96 114 
 96 115 
 95 116 
 95 117 
 94 118 
 94 119 
 93 120 
 93 121 
 93 122 
 94 123 
 93 124 
 94 125 
 93 126 
 94 127 
 93 128 
 92 128 
 91 129 
 91 130 
 91 131 
 91 132 
 91 133 
 90 134 
 89 134 
 88 134 
 87 134 
 86 134 
 85 134 
 84 135 
 83 135 
 82 135 
 81 135 
 80 135 
 79 135 
 78 134 
 77 134 
 77 133 
 77 132 
 78 131 
 79 130 
 80 131 
 81 130 
 82 129 
 83 129 
 84 128 
 85 128 
 86 127 
 86 126 
 86 125 
 87 125 
 88 124 
 87 123 
 88 122 
 88 121 
 89 120 
 89 119 
 90 118 
 90 117 
 90 116 
 91 115 
 91 114 
 92 113 
 91 112 
 91 111 
 91 110 
 92 109 
 91 108 
 92 107 
 91 106 
 92 105 
 92 104 
 92 103 
 91 102 
 91 101 
 91 100 
 91 99 
 90 98 
 89 97 
 88 97 
 87 98 
 86 99 
 85 100 
 85 101 
 84 102 
 84 103 
 84 104 
 83 105 
 83 106 
 83 107 
 82 108 
 82 109 
 81 110 
 81 111 
 81 112 
 80 113 
 80 114 
 79 115 
 80 116 
 81 115 
 82 116 
 83 116 
 84 116 
 84 117 
 85 118 
 85 119 
 85 120 
 85 121 
 85 122 
 84 123 
 84 124 
 83 125 
 82 126 
 81 126 
 80 127 
 79 127 
 78 126 
 79 125 
 78 124 
 79 123 
 78 122 
 77 121 
 76 120 
 75 119 
 74 118 
 73 117 
 73 116 
 74 115 
 74 114 
 75 113 
 74 112 
 75 111 
 75 110 
 76 109 
 76 108 
 77 107 
 77 106 
 78 105 
 78 104 
 78 103 
 79 102 
 79 101 
 80 100 
 80 99 
 79 98 
 79 97 
 78 96 
 78 95 
 78 94 
 77 93 
 76 92 
 75 91 
 74 90 
 73 90 
 72 91 
 71 90 
 70 91 
 70 92 
 69 93 
 69 94 
 68 95 
 68 96 
 67 96 
 66 97 
 66 98 
 65 99 
 65 100 
 64 101 
 64 102 
 64 103 
 64 104 
 63 105 
 63 106 
 63 107 
 63 108 
 63 109 
 63 110 
 63 111 
 63 112 
 63 113 
 62 114 
 62 115 
 62 116 
 62 117 
 61 118 
 61 119 
 61 120 
 60 121 
 60 122 
 60 123 
 60 124 
 60 125 
 60 126 
 59 127 
 60 128 
 59 129 
 60 130 
 60 131 
 60 132 
 60 133 
 60 134 
 59 135 
 58 135 
 57 136 
 56 136 
 55 136 
 54 137 
 53 137 
 52 137 
 51 137 
 50 136 
 49 136 
 48 136 
 47 135 
 46 134 
 47 133 
 47 132 
 48 131 
 49 131 
 50 130 
 50 129 
 51 129 
 52 129 
 53 129 
 54 128 
 54 127 
 55 128 
 56 127 
 57 126 
 57 125 
 57 124 
 57 123 
 57 122 
 58 121 
 58 120 
 58 119 
 59 118 
 58 117 
 59 116 
 58 115 
 59 114 
 59 113 
 58 112 
 59 111 
 59 110 
 59 109 
 59 108 
 59 107 
 60 106 
 60 105 
 60 104 
 59 103 
 59 102 
 58 101 
 59 100 
 59 99 
 59 98 
 59 97 
 58 96 
 57 95 
 56 94 
 57 93 
 56 92 
 56 91 
 56 90 
 55 89 
 54 89 
 53 89 
 52 90 
 52 91 
 51 91 
 50 92 
 49 93 
 48 93 
 47 93 
 46 94 
 45 94 
 44 95 
 43 95 
 42 95 
 41 95 
 40 96 
 39 97 
 38 98 
 38 99 
 39 100 
 40 101 
 40 102 
 41 103 
 42 104 
 43 104 
 43 105 
 44 106 
 45 106 
 46 107 
 47 108 
 48 107 
 49 106 
 50 106 
 51 106 
 52 105 
 53 105 
 54 105 
 54 106 
 55 107 
 55 108 
 56 109 
 55 110 
 56 111 
 55 112 
 55 113 
 54 114 
 53 114 
 52 115 
 51 115 
 50 115 
 49 115 
 48 115 
 47 115 
 46 114 
 45 114 
 44 113 
 43 112 
 42 111 
 41 110 
 40 109 
 39 108 
 38 107 
 38 106 
 37 105 
 36 104 
 35 103 
 35 102 
 34 101 
 33 101 
 32 101 
 31 101 
 30 101 
 30 100 
 30 99 
 31 98 
 31 97 
 32 96 
 33 95 
 33 94 
 34 93 
 35 92 
 36 91 
 36 90 
 37 89 
 37 88 
 37 87 
 38 87 
 39 86 
 39 85 
 40 84 
 39 83 
 38 82 
 39 81 
 38 80 
 37 79 
 36 79 
 35 78 
 35 77 
 35 76 
 35 75 
 34 74 
 33 73 
 33 72 
 33 71 
 32 70 
 32 69 
 32 68 
 32 67 
 33 66 
 33 65 
 34 64 
 33 63 
 33 62 
 34 61 
 34 60 
 34 59 
 34 58 
 34 57 
 35 56 
 34 55 
 35 54 
 34 53 
 35 52 
 35 51 
 35 50 
 35 49 
 35 48 
 35 47 
 35 46 
 36 45 
 36 44 
 35 43 
 36 42 
 36 41 
 36 40 
 36 39 
 35 38 
 34 39 
 33 39 
 32 38 
 31 38 
 30 38 
 29 38 
 28 37 
 27 37 
 27 36 
 26 35 
 26 34 
 26 33 
 26 32 
 26 31 
 26 30 
 25 29 
 24 28 
 24 27 
 25 27 
 26 26 
 27 26 
 28 25 
 28 24 
 29 24 
 30 23 
 31 22 
 32 21 
 32 20 
 33 20 
 34 19 
 34 18 
 35 18 
 36 17 
 37 16 
 36 15 
 37 14 
 37 13 
 38 12 
 38 11 
 38 10 
 39 9 
 40 8 
 41 7