 
 76 4 
 77 3 
 78 4 
 79 4 
 80 4 
 81 4 
 82 4 
 83 5 
 84 5 
 85 5 
 86 5 
 87 6 
 88 6 
 89 7 
 90 7 
 91 7 
 92 7 
 93 7 
 94 7 
 95 6 
 96 6 
 97 6 
 98 5 
 99 6 
 100 6 
 101 5 
 102 5 
 103 5 
 104 4 
 105 4 
 106 4 
 107 4 
 108 4 
 107 5 
 106 5 
 105 6 
 104 7 
 103 7 
 102 8 
 101 8 
 100 8 
 99 9 
 98 9 
 97 10 
 96 11 
 95 11 
 94 12 
 95 13 
 95 14 
 95 15 
 95 16 
 96 17 
 97 16 
 98 16 
 99 16 
 100 15 
 101 15 
 102 14 
 103 14 
 104 13 
 105 13 
 106 13 
 107 13 
 108 14 
 109 14 
 109 15 
 110 16 
 111 17 
 110 18 
 110 19 
 111 20 
 110 21 
 109 22 
 108 23 
 108 24 
 107 25 
 107 26 
 107 27 
 107 28 
 106 29 
 105 28 
 104 28 
 103 29 
 103 30 
 103 31 
 102 32 
 101 31 
 100 30 
 99 31 
 100 32 
 99 33 
 98 34 
 99 35 
 99 36 
 98 35 
 97 34 
 97 33 
 97 32 
 97 31 
 97 30 
 97 29 
 96 28 
 95 29 
 94 29 
 93 30 
 92 31 
 91 32 
 91 33 
 90 34 
 89 35 
 88 36 
 87 37 
 86 37 
 85 38 
 84 39 
 83 40 
 82 41 
 81 42 
 80 43 
 80 44 
 79 43 
 78 44 
 77 44 
 76 43 
 75 44 
 74 45 
 73 46 
 73 47 
 72 48 
 71 49 
 70 50 
 69 51 
 68 52 
 67 53 
 66 54 
 65 55 
 64 56 
 63 57 
 62 58 
 61 58 
 60 59 
 60 60 
 59 60 
 58 61 
 57 62 
 56 63 
 55 63 
 54 64 
 54 65 
 53 65 
 52 66 
 51 67 
 52 68 
 51 69 
 52 70 
 52 71 
 52 72 
 52 73 
 52 74 
 53 75 
 52 76 
 51 77 
 51 78 
 50 78 
 49 79 
 49 80 
 49 81 
 48 80 
 47 80 
 46 81 
 46 82 
 46 83 
 45 82 
 44 82 
 43 83 
 43 84 
 43 85 
 42 85 
 42 84 
 41 83 
 40 84 
 40 85 
 39 84 
 39 83 
 39 82 
 40 81 
 41 80 
 41 79 
 42 78 
 42 77 
 42 76 
 42 75 
 42 74 
 42 73 
 42 72 
 42 71 
 42 70 
 41 69 
 40 69 
 39 69 
 38 70 
 37 70 
 36 70 
 35 69 
 34 68 
 33 67 
 32 68 
 31 68 
 30 69 
 29 69 
 28 69 
 27 69 
 26 70 
 25 70 
 24 71 
 23 71 
 22 71 
 21 72 
 20 72 
 19 73 
 18 72 
 17 73 
 16 73 
 15 72 
 14 73 
 13 72 
 12 72 
 11 71 
 10 72 
 9 71 
 8 71 
 7 70 
 6 70 
 5 71 
 4 70 
 3 69 
 4 68 
 4 67 
 4 66 
 4 65 
 4 64 
 5 64 
 6 63 
 6 62 
 7 62 
 8 61 
 9 61 
 10 61 
 11 60 
 12 60 
 13 60 
 14 60 
 15 59 
 16 59 
 17 59 
 18 58 
 19 58 
 20 58 
 21 57 
 22 57 
 23 58 
 24 57 
 25 57 
 26 57 
 27 56 
 28 57 
 29 57 
 30 56 
 29 55 
 28 55 
 27 54 
 26 54 
 26 53 
 26 52 
 26 51 
 27 50 
 26 49 
 27 48 
 27 47 
 28 46 
 28 45 
 28 44 
 28 43 
 29 42 
 29 41 
 30 40 
 30 39 
 30 38 
 30 37 
 31 36 
 31 35 
 32 34 
 33 33 
 32 32 
 33 31 
 34 30 
 35 29 
 36 28 
 36 27 
 37 26 
 38 25 
 38 24 
 39 23 
 39 22 
 40 21 
 41 20 
 41 19 
 42 19 
 43 18 
 44 17 
 45 17 
 46 16 
 47 15 
 48 14 
 49 14 
 50 13 
 51 12 
 52 11 
 53 11 
 54 10 
 55 10 
 56 9 
 57 9 
 58 9 
 59 8 
 60 8 
 61 8 
 62 8 
 63 7 
 64 7 
 65 6 
 66 6 
 67 6 
 68 5 
 69 5 
 70 4 
 71 4 
 72 4 
 73 4 
 74 4 
 75 3