 
 27 5 
 28 5 
 29 5 
 30 5 
 31 5 
 32 6 
 33 6 
 34 5 
 35 5 
 36 5 
 37 5 
 38 5 
 39 5 
 40 5 
 41 5 
 42 5 
 43 5 
 44 5 
 45 5 
 46 6 
 47 6 
 47 7 
 48 8 
 48 9 
 48 10 
 48 11 
 48 12 
 49 13 
 48 14 
 48 15 
 49 16 
 49 17 
 49 18 
 50 19 
 51 19 
 52 20 
 53 19 
 54 19 
 55 19 
 56 19 
 57 18 
 58 18 
 59 19 
 60 19 
 61 20 
 62 20 
 63 21 
 64 21 
 65 20 
 66 20 
 67 20 
 68 20 
 69 21 
 70 21 
 71 20 
 72 20 
 73 20 
 74 20 
 75 20 
 76 20 
 77 20 
 78 20 
 79 20 
 80 20 
 81 19 
 82 19 
 83 20 
 84 19 
 85 20 
 86 20 
 87 20 
 88 19 
 89 19 
 90 19 
 91 19 
 92 19 
 93 19 
 94 19 
 95 20 
 96 19 
 97 20 
 98 19 
 99 19 
 100 19 
 101 19 
 102 19 
 103 19 
 104 19 
 105 19 
 106 18 
 107 19 
 108 19 
 109 20 
 110 20 
 110 21 
 111 22 
 111 23 
 111 24 
 111 25 
 111 26 
 111 27 
 111 28 
 110 29 
 110 30 
 110 31 
 109 32 
 108 33 
 107 33 
 106 33 
 105 33 
 104 33 
 103 33 
 102 33 
 101 33 
 100 33 
 99 33 
 98 32 
 97 33 
 96 33 
 95 33 
 94 33 
 93 33 
 92 33 
 91 33 
 90 33 
 89 33 
 88 33 
 87 34 
 86 34 
 85 34 
 84 34 
 83 33 
 82 34 
 81 34 
 80 34 
 79 34 
 78 34 
 77 34 
 76 34 
 75 34 
 74 35 
 73 34 
 72 34 
 71 35 
 70 35 
 69 35 
 68 34 
 67 34 
 66 34 
 65 34 
 64 34 
 63 34 
 62 35 
 61 36 
 61 37 
 60 37 
 59 38 
 58 38 
 57 38 
 56 37 
 55 37 
 54 36 
 53 35 
 52 36 
 51 35 
 50 36 
 51 37 
 51 38 
 51 39 
 51 40 
 51 41 
 51 42 
 51 43 
 51 44 
 51 45 
 51 46 
 51 47 
 51 48 
 50 49 
 50 50 
 49 50 
 48 50 
 47 51 
 47 52 
 46 52 
 45 52 
 44 52 
 43 52 
 42 52 
 41 52 
 40 52 
 39 52 
 38 52 
 37 52 
 36 52 
 35 52 
 34 52 
 33 52 
 32 52 
 31 52 
 30 52 
 29 51 
 28 51 
 27 52 
 26 52 
 25 52 
 24 52 
 23 52 
 22 52 
 21 52 
 20 51 
 19 50 
 18 51 
 17 51 
 16 51 
 15 51 
 14 51 
 13 51 
 12 51 
 11 51 
 10 51 
 9 50 
 8 50 
 8 49 
 7 48 
 7 47 
 6 46 
 7 45 
 6 44 
 7 43 
 6 42 
 5 41 
 6 40 
 6 39 
 7 38 
 6 37 
 6 36 
 6 35 
 7 34 
 7 33 
 6 32 
 7 31 
 6 30 
 7 29 
 7 28 
 6 27 
 7 26 
 7 25 
 6 24 
 5 23 
 6 22 
 6 21 
 5 20 
 5 19 
 5 18 
 5 17 
 5 16 
 5 15 
 5 14 
 5 13 
 5 12 
 6 11 
 6 10 
 7 9 
 7 8 
 8 8 
 9 7 
 10 7 
 11 7 
 12 7 
 13 7 
 14 6 
 15 7 
 16 7 
 17 7 
 18 7 
 19 7 
 20 7 
 21 7 
 22 7 
 23 7 
 24 6 
 25 7 
 26 6 
 26 5