 
 124 24 
 125 25 
 125 26 
 126 27 
 125 28 
 125 29 
 124 30 
 123 31 
 122 31 
 121 31 
 120 31 
 119 31 
 118 31 
 117 32 
 116 32 
 115 32 
 114 32 
 113 32 
 112 33 
 111 33 
 110 33 
 109 33 
 108 33 
 107 33 
 106 34 
 105 34 
 104 34 
 103 34 
 102 34 
 101 34 
 100 35 
 99 35 
 98 35 
 97 35 
 96 35 
 95 36 
 94 36 
 93 36 
 92 36 
 91 36 
 90 36 
 89 37 
 88 37 
 87 37 
 86 37 
 85 37 
 84 37 
 83 38 
 82 38 
 81 38 
 80 38 
 79 38 
 78 39 
 77 39 
 76 39 
 75 39 
 74 39 
 73 39 
 72 40 
 71 40 
 70 40 
 69 40 
 68 40 
 67 40 
 66 41 
 65 41 
 64 41 
 63 41 
 62 41 
 61 42 
 60 42 
 59 42 
 58 42 
 57 42 
 56 42 
 55 43 
 54 43 
 53 43 
 52 43 
 51 43 
 50 43 
 49 44 
 48 44 
 47 44 
 46 44 
 45 44 
 44 44 
 43 45 
 42 45 
 41 45 
 40 45 
 39 45 
 38 46 
 37 46 
 36 46 
 35 46 
 34 47 
 34 48 
 35 49 
 36 50 
 37 51 
 38 51 
 39 52 
 38 53 
 38 54 
 39 55 
 39 56 
 39 57 
 39 58 
 38 59 
 37 60 
 36 61 
 35 61 
 34 60 
 33 61 
 33 62 
 32 61 
 31 62 
 30 61 
 29 62 
 28 63 
 27 63 
 26 63 
 25 62 
 24 61 
 23 60 
 22 60 
 23 59 
 22 58 
 22 57 
 21 56 
 22 55 
 22 54 
 22 53 
 22 52 
 23 51 
 22 50 
 23 49 
 23 48 
 23 47 
 22 46 
 22 45 
 22 44 
 22 43 
 22 42 
 22 41 
 21 40 
 22 39 
 22 38 
 22 37 
 23 36 
 24 35 
 24 34 
 25 33 
 26 32 
 26 31 
 27 30 
 28 29 
 29 28 
 30 27 
 31 26 
 32 26 
 33 26 
 34 26 
 35 25 
 36 26 
 36 27 
 36 28 
 35 29 
 35 30 
 34 31 
 33 32 
 33 33 
 34 34 
 33 35 
 33 36 
 33 37 
 32 38 
 33 39 
 34 40 
 35 39 
 36 40 
 37 39 
 38 38 
 39 39 
 40 38 
 41 38 
 42 39 
 43 38 
 44 37 
 45 38 
 46 37 
 47 37 
 48 37 
 49 38 
 50 37 
 50 36 
 51 36 
 52 37 
 53 36 
 54 37 
 55 36 
 55 35 
 56 35 
 57 36 
 58 35 
 59 35 
 60 36 
 61 35 
 61 34 
 62 34 
 63 34 
 64 34 
 65 35 
 66 34 
 66 33 
 67 33 
 68 34 
 69 33 
 70 33 
 71 33 
 72 33 
 73 32 
 74 32 
 75 33 
 76 32 
 77 32 
 78 32 
 79 31 
 80 31 
 81 32 
 82 31 
 83 30 
 84 30 
 85 31 
 86 30 
 87 30 
 88 31 
 89 30 
 89 29 
 90 30 
 91 29 
 92 29 
 93 30 
 94 29 
 95 29 
 96 28 
 97 29 
 98 29 
 99 28 
 100 28 
 101 27 
 102 27 
 103 28 
 104 27 
 105 27 
 106 26 
 107 27 
 108 26 
 109 26 
 110 27 
 111 26 
 112 25 
 113 26 
 114 25 
 115 25 
 116 25 
 117 25 
 118 25 
 119 24 
 120 24 
 121 25 
 122 24 
 123 23