 
 71 4 
 72 3 
 73 4 
 74 3 
 75 4 
 76 3 
 77 4 
 78 3 
 79 4 
 80 3 
 81 4 
 82 3 
 83 4 
 84 3 
 85 4 
 86 3 
 87 4 
 88 3 
 89 4 
 90 3 
 91 4 
 92 3 
 93 4 
 94 3 
 95 4 
 96 3 
 97 4 
 98 4 
 99 4 
 100 4 
 101 4 
 102 4 
 103 4 
 104 4 
 105 4 
 106 4 
 107 4 
 108 5 
 108 6 
 108 7 
 108 8 
 108 9 
 108 10 
 109 11 
 108 12 
 108 13 
 108 14 
 108 15 
 108 16 
 108 17 
 108 18 
 108 19 
 108 20 
 108 21 
 108 22 
 108 23 
 108 24 
 109 25 
 109 26 
 109 27 
 108 28 
 109 29 
 108 30 
 109 31 
 109 32 
 110 33 
 110 34 
 110 35 
 110 36 
 110 37 
 110 38 
 109 39 
 108 39 
 107 39 
 106 40 
 105 41 
 105 42 
 105 43 
 104 44 
 103 45 
 102 46 
 101 46 
 100 47 
 99 47 
 98 47 
 97 47 
 96 47 
 95 47 
 94 46 
 93 45 
 92 45 
 92 44 
 91 43 
 91 42 
 90 41 
 89 40 
 88 40 
 87 40 
 86 40 
 85 41 
 84 42 
 84 43 
 83 43 
 82 44 
 81 44 
 80 45 
 79 45 
 78 44 
 77 45 
 76 44 
 75 44 
 74 44 
 74 43 
 73 42 
 72 42 
 72 41 
 71 40 
 70 39 
 69 40 
 68 40 
 67 40 
 66 40 
 65 40 
 64 40 
 63 40 
 62 40 
 61 40 
 60 41 
 59 40 
 58 40 
 57 41 
 56 40 
 55 41 
 54 40 
 53 41 
 52 40 
 51 41 
 50 40 
 49 41 
 48 40 
 47 40 
 46 40 
 45 40 
 44 39 
 43 40 
 42 40 
 41 41 
 40 41 
 39 42 
 38 43 
 38 44 
 38 45 
 37 46 
 37 47 
 36 47 
 35 48 
 34 49 
 33 49 
 32 50 
 31 51 
 30 50 
 29 51 
 28 50 
 27 50 
 26 50 
 25 50 
 24 49 
 23 48 
 22 47 
 21 46 
 21 45 
 20 44 
 19 45 
 18 46 
 17 47 
 16 47 
 15 48 
 14 48 
 13 47 
 12 48 
 11 48 
 10 47 
 9 46 
 8 46 
 7 46 
 7 45 
 6 44 
 5 43 
 5 42 
 4 41 
 4 40 
 4 39 
 4 38 
 5 37 
 4 36 
 4 35 
 5 34 
 5 33 
 6 32 
 6 31 
 5 30 
 4 31 
 3 30 
 4 29 
 5 28 
 5 27 
 6 26 
 7 26 
 8 25 
 9 25 
 10 25 
 11 24 
 11 23 
 11 22 
 11 21 
 12 21 
 13 21 
 14 21 
 15 21 
 16 21 
 17 20 
 17 19 
 18 18 
 19 17 
 19 16 
 20 16 
 21 16 
 22 17 
 23 16 
 24 17 
 25 16 
 26 17 
 27 16 
 28 17 
 29 16 
 30 17 
 31 16 
 32 17 
 33 16 
 34 17 
 35 16 
 36 17 
 37 16 
 38 17 
 39 16 
 40 17 
 41 16 
 42 15 
 43 16 
 44 16 
 45 15 
 45 14 
 45 13 
 44 12 
 44 11 
 45 10 
 44 9 
 43 8 
 42 8 
 41 8 
 40 8 
 39 8 
 40 7 
 41 7 
 42 7 
 43 6 
 44 6 
 45 6 
 46 6 
 47 6 
 48 6 
 49 5 
 50 5 
 51 5 
 52 5 
 53 5 
 54 5 
 55 4 
 56 4 
 57 4 
 58 4 
 59 4 
 60 4 
 61 4 
 62 4 
 63 4 
 64 4 
 65 4 
 66 4 
 67 4 
 68 4 
 69 4 
 70 3