 
 50 4 
 51 4 
 51 5 
 52 6 
 53 6 
 54 6 
 55 6 
 56 7 
 57 6 
 58 6 
 59 6 
 60 6 
 61 7 
 62 6 
 63 6 
 64 6 
 65 5 
 66 6 
 67 6 
 68 6 
 69 6 
 70 6 
 71 6 
 72 7 
 73 6 
 74 6 
 75 7 
 76 7 
 77 7 
 78 8 
 79 8 
 80 8 
 81 9 
 82 9 
 83 9 
 84 10 
 85 10 
 86 10 
 87 10 
 88 11 
 89 11 
 90 11 
 91 11 
 92 12 
 93 13 
 94 13 
 95 13 
 96 14 
 97 15 
 98 16 
 99 17 
 99 18 
 100 19 
 100 20 
 101 21 
 102 22 
 102 23 
 103 24 
 103 25 
 104 26 
 104 27 
 104 28 
 105 29 
 105 30 
 105 31 
 106 32 
 106 33 
 106 34 
 106 35 
 106 36 
 107 37 
 107 38 
 107 39 
 107 40 
 107 41 
 107 42 
 107 43 
 108 44 
 108 45 
 107 46 
 108 47 
 108 48 
 108 49 
 109 50 
 109 51 
 109 52 
 109 53 
 110 54 
 110 55 
 110 56 
 110 57 
 109 57 
 109 56 
 109 55 
 108 54 
 108 53 
 107 52 
 107 51 
 107 50 
 106 49 
 106 48 
 106 47 
 106 46 
 106 45 
 106 44 
 105 43 
 105 42 
 105 41 
 104 40 
 103 41 
 103 42 
 102 43 
 102 44 
 102 45 
 102 46 
 101 47 
 101 48 
 101 49 
 100 50 
 101 51 
 100 52 
 100 53 
 99 54 
 99 55 
 100 56 
 100 57 
 100 58 
 100 59 
 101 60 
 101 61 
 101 62 
 101 63 
 102 64 
 102 65 
 103 66 
 102 67 
 103 68 
 102 69 
 102 70 
 102 71 
 102 72 
 101 73 
 100 73 
 99 74 
 98 74 
 97 75 
 96 75 
 95 75 
 94 75 
 93 74 
 92 75 
 91 74 
 90 74 
 89 73 
 89 72 
 90 71 
 90 70 
 91 69 
 92 68 
 93 67 
 92 66 
 92 65 
 92 64 
 92 63 
 91 62 
 91 61 
 90 60 
 90 59 
 89 58 
 88 57 
 87 56 
 86 55 
 85 56 
 85 57 
 84 58 
 85 59 
 84 60 
 84 61 
 84 62 
 84 63 
 84 64 
 84 65 
 84 66 
 85 67 
 84 68 
 84 69 
 85 70 
 84 71 
 83 72 
 82 72 
 81 72 
 80 72 
 79 72 
 78 72 
 77 72 
 76 72 
 75 72 
 75 71 
 75 70 
 75 69 
 76 68 
 75 67 
 76 66 
 76 65 
 76 64 
 76 63 
 76 62 
 76 61 
 76 60 
 76 59 
 75 58 
 76 57 
 75 56 
 75 55 
 75 54 
 75 53 
 74 52 
 73 52 
 72 53 
 71 53 
 70 54 
 71 55 
 70 56 
 70 57 
 70 58 
 70 59 
 70 60 
 70 61 
 70 62 
 70 63 
 70 64 
 70 65 
 70 66 
 69 67 
 69 68 
 69 69 
 69 70 
 69 71 
 70 72 
 70 73 
 70 74 
 70 75 
 70 76 
 70 77 
 69 78 
 69 79 
 68 79 
 67 80 
 66 80 
 65 80 
 64 81 
 63 80 
 62 81 
 61 80 
 60 80 
 59 80 
 58 79 
 58 78 
 57 77 
 58 76 
 58 75 
 59 75 
 60 74 
 61 73 
 61 72 
 61 71 
 60 70 
 60 69 
 60 68 
 60 67 
 60 66 
 60 65 
 59 64 
 59 63 
 59 62 
 59 61 
 59 60 
 58 59 
 58 58 
 58 57 
 57 56 
 57 55 
 56 54 
 55 54 
 54 53 
 53 54 
 53 55 
 53 56 
 52 57 
 52 58 
 52 59 
 52 60 
 51 61 
 51 62 
 50 63 
 50 64 
 49 65 
 49 66 
 49 67 
 48 68 
 48 69 
 48 70 
 47 71 
 47 72 
 47 73 
 46 74 
 45 75 
 44 75 
 43 75 
 42 76 
 41 76 
 40 76 
 39 76 
 38 75 
 37 75 
 36 75 
 35 75 
 34 74 
 33 73 
 34 72 
 35 71 
 36 70 
 37 70 
 38 69 
 39 68 
 40 67 
 40 66 
 40 65 
 40 64 
 40 63 
 40 62 
 40 61 
 41 60 
 41 59 
 42 58 
 41 57 
 41 56 
 41 55 
 41 54 
 41 53 
 42 52 
 41 51 
 42 50 
 42 49 
 42 48 
 43 47 
 43 46 
 43 45 
 43 44 
 44 43 
 43 42 
 43 41 
 43 40 
 43 39 
 43 38 
 42 37 
 41 37 
 40 37 
 39 38 
 38 38 
 37 39 
 36 39 
 35 39 
 34 40 
 33 41 
 32 42 
 31 43 
 31 44 
 30 44 
 30 43 
 30 42 
 29 41 
 28 42 
 28 43 
 27 43 
 26 44 
 26 45 
 25 46 
 24 47 
 24 48 
 23 49 
 22 50 
 21 51 
 20 52 
 20 53 
 19 53 
 18 54 
 17 55 
 16 55 
 17 54 
 17 53 
 16 52 
 15 52 
 14 52 
 14 51 
 13 50 
 12 51 
 11 50 
 10 50 
 9 50 
 8 49 
 7 49 
 6 48 
 6 47 
 5 46 
 5 45 
 5 44 
 5 43 
 4 42 
 5 41 
 5 40 
 5 39 
 5 38 
 6 37 
 6 36 
 6 35 
 7 34 
 7 33 
 7 32 
 7 31 
 6 30 
 5 29 
 4 29 
 4 28 
 3 27 
 4 26 
 4 25 
 5 26 
 6 25 
 7 26 
 8 26 
 9 27 
 9 28 
 9 29 
 9 30 
 10 31 
 10 32 
 10 33 
 10 34 
 10 35 
 10 36 
 9 37 
 9 38 
 8 39 
 9 40 
 8 41 
 9 42 
 8 43 
 9 44 
 9 45 
 10 46 
 11 46 
 12 46 
 13 47 
 14 46 
 15 46 
 16 46 
 17 45 
 18 44 
 18 43 
 19 42 
 19 41 
 19 40 
 19 39 
 19 38 
 19 37 
 19 36 
 20 35 
 20 34 
 20 33 
 20 32 
 21 31 
 22 30 
 22 29 
 22 28 
 23 27 
 24 26 
 24 25 
 24 24 
 25 23 
 25 22 
 25 21 
 26 20 
 26 19 
 26 18 
 26 17 
 27 16 
 27 15 
 28 14 
 28 13 
 29 12 
 29 11 
 30 10 
 31 9 
 32 8 
 33 7 
 34 7 
 35 6 
 36 6 
 37 5 
 38 6 
 39 5 
 40 6 
 41 5 
 42 5 
 43 5 
 44 5 
 45 5 
 46 4 
 47 4 
 48 4 
 49 3