 
 52 4 
 53 5 
 54 4 
 55 4 
 56 5 
 57 5 
 58 4 
 59 4 
 60 5 
 61 4 
 62 5 
 63 5 
 64 5 
 65 5 
 66 5 
 67 5 
 68 6 
 69 6 
 70 6 
 71 7 
 72 7 
 73 7 
 74 8 
 75 8 
 75 9 
 76 10 
 77 11 
 78 11 
 79 12 
 80 13 
 81 13 
 82 14 
 83 15 
 84 16 
 84 17 
 85 18 
 86 19 
 87 19 
 88 20 
 89 20 
 90 21 
 91 21 
 92 22 
 93 22 
 94 23 
 95 23 
 96 23 
 97 23 
 98 22 
 99 22 
 100 22 
 101 22 
 102 21 
 103 21 
 104 21 
 105 21 
 106 21 
 107 21 
 108 21 
 109 21 
 110 22 
 110 23 
 109 24 
 109 25 
 109 26 
 109 27 
 109 28 
 108 29 
 108 30 
 107 31 
 107 32 
 107 33 
 106 34 
 105 35 
 106 36 
 107 37 
 108 38 
 109 39 
 110 39 
 110 40 
 110 41 
 111 42 
 111 43 
 112 44 
 113 44 
 113 45 
 112 45 
 111 46 
 111 47 
 111 48 
 111 49 
 110 49 
 109 50 
 109 51 
 108 52 
 107 52 
 106 53 
 105 54 
 104 54 
 103 54 
 102 55 
 101 55 
 100 56 
 100 57 
 99 58 
 99 59 
 99 60 
 99 61 
 100 62 
 100 63 
 101 64 
 101 65 
 101 66 
 102 67 
 103 68 
 104 69 
 105 69 
 106 70 
 107 71 
 108 72 
 108 73 
 109 74 
 109 75 
 110 76 
 111 77 
 111 78 
 111 79 
 111 80 
 111 81 
 112 82 
 113 82 
 113 83 
 112 83 
 111 84 
 111 85 
 111 86 
 111 87 
 111 88 
 111 89 
 110 90 
 109 91 
 108 91 
 107 92 
 106 92 
 105 92 
 104 92 
 103 91 
 102 91 
 101 91 
 100 90 
 99 90 
 98 90 
 97 89 
 96 89 
 95 89 
 95 88 
 94 87 
 93 87 
 92 87 
 91 87 
 90 86 
 89 86 
 88 86 
 87 86 
 86 86 
 85 86 
 84 86 
 83 86 
 82 87 
 81 87 
 80 87 
 79 88 
 79 89 
 78 90 
 77 91 
 76 92 
 75 93 
 75 94 
 74 95 
 74 96 
 74 97 
 74 98 
 74 99 
 75 100 
 76 100 
 77 99 
 78 100 
 79 100 
 80 101 
 81 101 
 82 101 
 83 101 
 84 101 
 85 102 
 86 102 
 87 102 
 88 102 
 89 102 
 90 103 
 91 103 
 92 103 
 93 104 
 94 104 
 95 104 
 95 105 
 96 106 
 97 106 
 98 106 
 99 107 
 100 107 
 101 107 
 102 108 
 103 109 
 104 109 
 105 109 
 105 110 
 106 111 
 106 112 
 106 113 
 105 113 
 104 113 
 103 114 
 102 114 
 101 115 
 100 116 
 99 116 
 98 117 
 97 117 
 96 117 
 95 118 
 94 118 
 93 118 
 92 119 
 91 119 
 90 120 
 90 121 
 89 121 
 88 121 
 87 122 
 86 122 
 85 123 
 84 123 
 83 123 
 82 124 
 81 123 
 80 123 
 79 124 
 78 124 
 77 124 
 76 124 
 75 124 
 74 124 
 73 124 
 72 124 
 71 124 
 70 124 
 69 124 
 68 124 
 67 123 
 66 123 
 65 122 
 64 122 
 63 122 
 62 122 
 61 121 
 60 121 
 60 120 
 59 119 
 58 119 
 57 119 
 56 119 
 55 118 
 54 118 
 53 117 
 52 117 
 51 117 
 50 116 
 49 116 
 48 116 
 47 115 
 46 115 
 45 115 
 44 115 
 43 115 
 42 114 
 41 114 
 40 114 
 39 113 
 38 113 
 38 112 
 38 111 
 37 110 
 36 109 
 36 108 
 35 107 
 35 106 
 34 105 
 34 104 
 34 103 
 33 102 
 32 102 
 31 101 
 30 100 
 29 99 
 28 98 
 27 98 
 26 98 
 25 99 
 24 99 
 23 99 
 22 99 
 22 98 
 21 97 
 21 96 
 20 95 
 20 94 
 19 93 
 19 92 
 19 91 
 18 90 
 19 89 
 19 88 
 18 87 
 19 86 
 19 85 
 20 84 
 20 83 
 20 82 
 21 81 
 21 80 
 21 79 
 22 78 
 23 77 
 23 76 
 24 75 
 24 74 
 25 74 
 26 73 
 26 72 
 26 71 
 27 70 
 27 69 
 28 68 
 28 67 
 28 66 
 29 65 
 29 64 
 29 63 
 29 62 
 30 61 
 29 60 
 30 59 
 29 58 
 30 57 
 30 56 
 30 55 
 30 54 
 29 53 
 30 52 
 30 51 
 29 50 
 29 49 
 29 48 
 29 47 
 29 46 
 28 45 
 28 44 
 27 43 
 27 42 
 26 41 
 26 40 
 25 39 
 24 39 
 24 38 
 23 37 
 22 37 
 22 36 
 21 35 
 20 35 
 19 34 
 18 33 
 18 32 
 17 31 
 16 31 
 15 30 
 14 29 
 14 28 
 14 27 
 15 27 
 16 26 
 17 26 
 18 25 
 18 24 
 19 23 
 20 23 
 21 22 
 22 21 
 23 20 
 24 19 
 25 19 
 26 19 
 27 18 
 28 17 
 28 16 
 29 15 
 30 14 
 31 13 
 32 13 
 33 13 
 34 12 
 35 12 
 36 11 
 37 10 
 38 10 
 39 9 
 39 8 
 40 8 
 41 8 
 42 7 
 43 7 
 44 6 
 45 6 
 46 5 
 47 5 
 48 5 
 49 5 
 50 5 
 51 4