 
 101 7 
 101 8 
 102 9 
 102 10 
 102 11 
 103 12 
 103 13 
 104 14 
 105 15 
 106 14 
 107 15 
 108 15 
 109 15 
 110 15 
 111 15 
 112 15 
 113 15 
 113 16 
 112 17 
 111 18 
 111 19 
 110 20 
 110 21 
 110 22 
 109 23 
 109 24 
 108 25 
 108 26 
 107 26 
 106 27 
 106 28 
 106 29 
 106 30 
 107 31 
 108 31 
 108 32 
 109 33 
 110 34 
 110 35 
 109 35 
 108 35 
 107 35 
 106 34 
 105 34 
 104 33 
 103 33 
 102 33 
 101 33 
 100 32 
 99 32 
 98 32 
 97 32 
 96 32 
 95 33 
 95 34 
 94 35 
 93 35 
 92 36 
 92 37 
 91 38 
 90 39 
 90 40 
 89 41 
 88 42 
 88 43 
 87 44 
 87 45 
 87 46 
 86 47 
 85 48 
 84 49 
 83 50 
 83 51 
 82 52 
 82 53 
 81 54 
 80 55 
 79 56 
 79 57 
 78 58 
 77 59 
 77 60 
 76 61 
 75 62 
 74 63 
 74 64 
 73 65 
 72 66 
 72 67 
 71 68 
 70 69 
 70 70 
 70 71 
 69 72 
 68 73 
 68 74 
 67 75 
 66 76 
 65 77 
 65 78 
 64 79 
 63 80 
 62 81 
 62 82 
 61 83 
 61 84 
 60 85 
 59 86 
 59 87 
 58 88 
 57 89 
 56 90 
 55 91 
 55 92 
 54 93 
 53 94 
 53 95 
 52 96 
 52 97 
 52 98 
 51 99 
 50 100 
 49 101 
 49 102 
 48 103 
 49 104 
 49 105 
 49 106 
 49 107 
 49 108 
 49 109 
 50 110 
 50 111 
 50 112 
 51 113 
 51 114 
 51 115 
 50 116 
 50 117 
 49 116 
 48 117 
 47 118 
 46 118 
 45 119 
 44 120 
 43 121 
 42 122 
 41 121 
 40 121 
 39 120 
 38 120 
 37 119 
 36 119 
 35 119 
 34 119 
 33 118 
 32 118 
 33 117 
 33 116 
 33 115 
 33 114 
 34 113 
 34 112 
 35 111 
 34 110 
 33 110 
 32 109 
 31 109 
 30 109 
 29 109 
 28 109 
 27 109 
 26 109 
 25 109 
 25 108 
 25 107 
 25 106 
 24 105 
 24 104 
 24 103 
 23 102 
 23 101 
 23 100 
 23 99 
 24 98 
 25 99 
 26 98 
 26 97 
 27 96 
 27 95 
 28 95 
 29 95 
 30 94 
 30 93 
 31 94 
 32 94 
 33 95 
 34 95 
 35 95 
 36 96 
 37 97 
 38 98 
 39 98 
 40 99 
 41 98 
 42 97 
 42 96 
 43 95 
 44 94 
 44 93 
 45 92 
 45 91 
 46 90 
 47 89 
 48 88 
 48 87 
 49 86 
 49 85 
 50 84 
 51 83 
 52 82 
 52 81 
 53 80 
 54 79 
 53 78 
 54 77 
 55 77 
 56 76 
 56 75 
 57 74 
 56 73 
 57 72 
 58 71 
 59 70 
 60 69 
 60 68 
 61 67 
 61 66 
 62 65 
 62 64 
 63 63 
 64 62 
 65 61 
 65 60 
 66 59 
 67 58 
 68 57 
 68 56 
 69 55 
 69 54 
 69 53 
 70 52 
 71 51 
 71 50 
 72 49 
 72 48 
 73 47 
 74 47 
 75 46 
 75 45 
 75 44 
 76 43 
 77 42 
 77 41 
 78 40 
 79 39 
 79 38 
 80 37 
 80 36 
 81 36 
 82 35 
 83 34 
 83 33 
 83 32 
 84 31 
 85 30 
 85 29 
 85 28 
 86 27 
 87 26 
 86 25 
 86 24 
 86 23 
 85 22 
 85 21 
 84 20 
 84 19 
 83 18 
 83 17 
 83 16 
 83 15 
 84 16 
 85 16 
 86 17 
 87 17 
 88 18 
 89 18 
 89 19 
 90 20 
 91 20 
 92 21 
 93 21 
 94 20 
 94 19 
 94 18 
 95 17 
 96 16 
 96 15 
 97 14 
 97 13 
 97 12 
 97 11 
 98 11 
 99 10 
 99 9 
 100 8 
 100 7 
 100 6