 
 79 4 
 80 3 
 81 4 
 82 3 
 83 4 
 84 3 
 85 4 
 86 3 
 87 4 
 88 3 
 89 4 
 90 3 
 91 4 
 92 3 
 93 4 
 94 3 
 95 4 
 96 4 
 97 4 
 98 4 
 99 4 
 100 5 
 101 5 
 102 5 
 103 5 
 104 6 
 103 7 
 103 8 
 103 9 
 103 10 
 103 11 
 103 12 
 103 13 
 102 14 
 103 15 
 103 16 
 102 17 
 102 18 
 103 19 
 104 19 
 105 19 
 106 19 
 107 19 
 108 19 
 107 20 
 107 21 
 107 22 
 107 23 
 107 24 
 107 25 
 107 26 
 107 27 
 107 28 
 107 29 
 106 30 
 107 31 
 108 31 
 109 31 
 110 31 
 111 32 
 110 33 
 110 34 
 110 35 
 109 35 
 108 35 
 107 34 
 106 34 
 105 35 
 104 36 
 104 37 
 103 37 
 102 37 
 101 38 
 101 39 
 101 40 
 101 41 
 100 42 
 99 43 
 98 44 
 97 45 
 96 46 
 95 46 
 94 46 
 93 46 
 92 46 
 91 46 
 90 46 
 89 45 
 88 45 
 87 44 
 86 43 
 85 42 
 85 41 
 85 40 
 84 39 
 83 39 
 82 39 
 81 40 
 81 41 
 80 42 
 79 42 
 78 43 
 77 43 
 76 44 
 75 44 
 74 44 
 73 44 
 72 43 
 71 43 
 70 42 
 69 42 
 69 41 
 68 40 
 68 39 
 67 38 
 66 37 
 65 38 
 64 38 
 63 38 
 62 38 
 61 38 
 60 38 
 59 38 
 58 38 
 57 38 
 56 38 
 55 38 
 54 38 
 53 38 
 52 38 
 51 38 
 50 38 
 49 38 
 48 38 
 47 39 
 46 39 
 45 39 
 44 39 
 43 40 
 42 39 
 41 40 
 40 41 
 40 42 
 39 43 
 39 44 
 38 44 
 37 45 
 37 46 
 36 47 
 35 47 
 34 47 
 33 48 
 32 47 
 31 48 
 30 47 
 29 48 
 28 47 
 27 47 
 26 46 
 25 45 
 24 44 
 24 43 
 23 42 
 22 43 
 21 43 
 20 44 
 19 45 
 18 44 
 17 45 
 16 45 
 15 45 
 14 45 
 13 45 
 12 44 
 11 44 
 11 43 
 10 42 
 9 42 
 9 41 
 8 40 
 8 39 
 8 38 
 7 37 
 6 36 
 5 36 
 4 36 
 3 36 
 4 35 
 4 34 
 4 33 
 4 32 
 5 32 
 6 33 
 7 33 
 8 32 
 8 31 
 9 30 
 10 29 
 9 28 
 8 28 
 8 27 
 8 26 
 9 25 
 10 25 
 11 24 
 12 23 
 13 24 
 14 23 
 15 22 
 15 21 
 16 20 
 17 20 
 18 20 
 19 20 
 20 19 
 20 18 
 21 17 
 22 16 
 22 15 
 22 14 
 23 14 
 24 15 
 24 16 
 25 17 
 26 16 
 27 16 
 28 17 
 29 16 
 30 16 
 31 17 
 32 16 
 33 16 
 34 17 
 35 16 
 36 16 
 37 17 
 38 16 
 39 16 
 40 16 
 41 16 
 42 16 
 43 16 
 44 15 
 44 14 
 44 13 
 45 12 
 46 11 
 45 10 
 46 9 
 45 8 
 44 8 
 44 7 
 45 7 
 46 7 
 47 7 
 48 6 
 49 6 
 50 7 
 51 6 
 52 6 
 53 6 
 54 6 
 55 5 
 56 6 
 57 6 
 58 5 
 59 5 
 60 5 
 61 5 
 62 5 
 63 5 
 64 5 
 65 4 
 66 4 
 67 4 
 68 4 
 69 4 
 70 4 
 71 4 
 72 4 
 73 4 
 74 4 
 75 4 
 76 4 
 77 4 
 78 3