 
 44 7 
 45 7 
 46 7 
 47 7 
 48 8 
 49 8 
 50 9 
 50 10 
 51 11 
 50 12 
 51 13 
 51 14 
 50 15 
 50 16 
 49 16 
 48 17 
 47 18 
 46 19 
 46 20 
 46 21 
 46 22 
 45 23 
 46 24 
 45 25 
 46 26 
 45 27 
 45 28 
 45 29 
 45 30 
 45 31 
 44 32 
 45 33 
 46 34 
 45 35 
 46 36 
 47 37 
 48 36 
 49 35 
 49 34 
 50 33 
 50 32 
 50 31 
 51 30 
 52 29 
 52 28 
 52 27 
 52 26 
 53 25 
 53 24 
 53 23 
 54 22 
 54 21 
 54 20 
 55 19 
 55 18 
 56 17 
 57 16 
 58 15 
 59 14 
 60 14 
 61 13 
 62 13 
 63 13 
 64 13 
 65 13 
 66 13 
 67 13 
 68 14 
 69 15 
 70 15 
 70 16 
 71 17 
 72 18 
 72 19 
 73 20 
 73 21 
 73 22 
 73 23 
 73 24 
 74 25 
 74 26 
 75 27 
 74 28 
 75 29 
 76 29 
 77 28 
 77 27 
 78 26 
 78 25 
 79 24 
 79 23 
 80 22 
 80 21 
 80 20 
 80 19 
 81 18 
 81 17 
 82 16 
 83 15 
 84 14 
 85 14 
 86 14 
 87 13 
 88 14 
 89 14 
 90 14 
 91 15 
 92 15 
 93 15 
 94 16 
 95 17 
 96 18 
 97 19 
 98 20 
 98 21 
 98 22 
 99 23 
 100 24 
 100 25 
 100 26 
 101 27 
 102 28 
 102 29 
 103 30 
 103 31 
 104 32 
 104 33 
 105 34 
 105 35 
 105 36 
 106 37 
 107 38 
 107 39 
 108 40 
 108 41 
 108 42 
 108 43 
 109 44 
 109 45 
 109 46 
 109 47 
 110 48 
 110 49 
 110 50 
 110 51 
 111 52 
 110 53 
 111 54 
 111 55 
 111 56 
 111 57 
 110 58 
 111 59 
 111 60 
 112 61 
 111 62 
 111 63 
 112 64 
 111 65 
 112 66 
 112 67 
 112 68 
 111 69 
 112 70 
 112 71 
 113 72 
 114 73 
 114 74 
 115 75 
 115 76 
 116 77 
 115 78 
 115 79 
 114 80 
 113 81 
 112 80 
 111 81 
 110 81 
 109 80 
 109 79 
 108 78 
 108 77 
 108 76 
 108 75 
 108 74 
 108 73 
 108 72 
 108 71 
 109 70 
 109 69 
 109 68 
 109 67 
 109 66 
 108 65 
 108 64 
 108 63 
 108 62 
 108 61 
 108 60 
 108 59 
 108 58 
 108 57 
 108 56 
 108 55 
 107 54 
 106 55 
 105 56 
 105 57 
 104 58 
 104 59 
 103 60 
 104 61 
 103 62 
 103 63 
 102 64 
 102 65 
 102 66 
 102 67 
 101 68 
 101 69 
 101 70 
 102 71 
 102 72 
 102 73 
 103 74 
 103 75 
 103 76 
 104 77 
 105 78 
 105 79 
 105 80 
 105 81 
 105 82 
 105 83 
 105 84 
 104 85 
 104 86 
 104 87 
 103 88 
 104 89 
 103 90 
 103 91 
 103 92 
 103 93 
 103 94 
 103 95 
 104 96 
 103 97 
 104 98 
 103 99 
 104 100 
 103 101 
 104 102 
 103 103 
 104 104 
 103 105 
 104 106 
 104 107 
 104 108 
 105 109 
 104 110 
 104 111 
 103 111 
 102 111 
 101 111 
 100 111 
 99 111 
 98 111 
 97 112 
 96 111 
 95 111 
 94 112 
 93 111 
 92 111 
 93 110 
 92 109 
 93 108 
 93 107 
 94 106 
 94 105 
 94 104 
 95 103 
 95 102 
 95 101 
 95 100 
 96 99 
 95 98 
 95 97 
 95 96 
 95 95 
 95 94 
 95 93 
 95 92 
 94 91 
 95 90 
 94 89 
 94 88 
 94 87 
 94 86 
 94 85 
 93 84 
 93 83 
 93 82 
 92 81 
 92 80 
 91 79 
 90 78 
 89 77 
 88 78 
 88 79 
 87 80 
 88 81 
 87 82 
 88 83 
 88 84 
 89 85 
 88 86 
 88 87 
 89 88 
 88 89 
 88 90 
 87 91 
 87 92 
 86 93 
 86 94 
 85 95 
 85 96 
 85 97 
 85 98 
 85 99 
 85 100 
 85 101 
 85 102 
 85 103 
 85 104 
 85 105 
 85 106 
 85 107 
 85 108 
 85 109 
 85 110 
 85 111 
 85 112 
 84 111 
 83 112 
 82 112 
 81 112 
 80 112 
 79 111 
 78 112 
 77 112 
 76 112 
 75 113 
 74 112 
 73 113 
 72 113 
 72 112 
 73 111 
 72 110 
 72 109 
 73 108 
 73 107 
 73 106 
 74 105 
 74 104 
 75 103 
 75 102 
 75 101 
 75 100 
 76 99 
 75 98 
 76 97 
 75 96 
 76 95 
 76 94 
 75 93 
 75 92 
 75 91 
 75 90 
 75 89 
 75 88 
 76 87 
 76 86 
 75 85 
 76 84 
 75 83 
 75 82 
 75 81 
 75 80 
 75 79 
 74 78 
 74 77 
 73 76 
 72 76 
 71 77 
 70 77 
 69 76 
 68 77 
 67 77 
 66 77 
 65 78 
 64 78 
 63 78 
 62 79 
 61 78 
 60 79 
 59 79 
 58 79 
 57 79 
 56 80 
 55 80 
 54 80 
 53 80 
 52 80 
 51 81 
 50 81 
 49 81 
 48 82 
 48 83 
 47 84 
 47 85 
 47 86 
 47 87 
 47 88 
 47 89 
 47 90 
 47 91 
 47 92 
 48 93 
 48 94 
 48 95 
 47 96 
 47 97 
 47 98 
 46 99 
 45 100 
 45 101 
 45 102 
 45 103 
 45 104 
 45 105 
 45 106 
 45 107 
 45 108 
 45 109 
 46 110 
 45 111 
 46 112 
 45 113 
 45 114 
 46 115 
 46 116 
 46 117 
 46 118 
 45 118 
 44 117 
 43 117 
 42 117 
 41 117 
 40 117 
 39 117 
 38 117 
 37 116 
 36 116 
 35 116 
 34 116 
 33 116 
 32 116 
 31 116 
 30 116 
 29 116 
 28 116 
 27 116 
 26 116 
 25 116 
 25 115 
 25 114 
 26 113 
 26 112 
 26 111 
 27 110 
 27 109 
 27 108 
 28 107 
 28 106 
 28 105 
 28 104 
 28 103 
 29 102 
 29 101 
 29 100 
 29 99 
 28 98 
 29 97 
 28 96 
 28 95 
 28 94 
 27 93 
 27 92 
 27 91 
 27 90 
 27 89 
 28 88 
 28 87 
 28 86 
 29 85 
 29 84 
 29 83 
 29 82 
 30 81 
 29 80 
 29 79 
 29 78 
 28 77 
 27 76 
 26 75 
 25 74 
 24 73 
 24 72 
 23 71 
 23 70 
 22 69 
 22 68 
 22 67 
 21 66 
 21 65 
 21 64 
 21 63 
 21 62 
 20 61 
 21 60 
 20 59 
 20 58 
 21 57 
 20 56 
 20 55 
 21 54 
 21 53 
 21 52 
 21 51 
 22 50 
 21 49 
 22 48 
 22 47 
 22 46 
 22 45 
 23 44 
 23 43 
 24 42 
 24 41 
 25 40 
 25 39 
 26 38 
 26 37 
 26 36 
 27 35 
 27 34 
 28 33 
 27 32 
 26 32 
 25 32 
 24 31 
 23 31 
 22 30 
 21 29 
 20 28 
 19 28 
 18 29 
 17 30 
 16 29 
 15 29 
 14 29 
 13 28 
 12 28 
 11 27 
 10 26 
 10 25 
 9 24 
 9 23 
 10 22 
 9 21 
 10 20 
 9 19 
 10 18 
 10 17 
 11 17 
 12 16 
 12 15 
 13 14 
 14 14 
 15 13 
 16 13 
 17 12 
 18 11 
 19 11 
 20 11 
 21 10 
 22 10 
 23 10 
 24 9 
 25 9 
 26 10 
 27 9 
 28 10 
 29 9 
 30 9 
 31 9 
 32 9 
 33 9 
 34 9 
 35 9 
 36 10 
 37 9 
 38 9 
 39 9 
 40 8 
 41 7 
 42 7 
 43 6