 
 17 4 
 18 4 
 19 3 
 20 4 
 21 3 
 22 4 
 23 4 
 24 5 
 25 5 
 26 6 
 27 6 
 28 7 
 28 8 
 29 9 
 29 10 
 30 11 
 30 12 
 31 13 
 31 14 
 31 15 
 31 16 
 31 17 
 31 18 
 31 19 
 31 20 
 32 21 
 32 22 
 32 23 
 32 24 
 33 25 
 33 26 
 34 27 
 34 28 
 35 29 
 36 29 
 36 30 
 37 31 
 38 32 
 39 33 
 40 33 
 40 34 
 41 35 
 42 35 
 43 36 
 44 37 
 45 37 
 46 37 
 47 38 
 48 38 
 49 39 
 50 40 
 51 39 
 52 40 
 53 41 
 54 41 
 55 41 
 56 42 
 57 42 
 58 43 
 59 43 
 60 43 
 61 44 
 62 44 
 63 45 
 64 45 
 65 46 
 66 46 
 67 47 
 68 47 
 69 47 
 70 48 
 71 48 
 72 49 
 73 49 
 74 49 
 75 50 
 76 51 
 77 51 
 78 51 
 79 51 
 80 52 
 81 52 
 82 52 
 83 52 
 84 52 
 85 52 
 86 52 
 87 52 
 88 52 
 89 53 
 90 53 
 91 53 
 92 53 
 93 52 
 94 53 
 95 53 
 96 53 
 97 53 
 98 53 
 99 53 
 100 53 
 101 53 
 102 53 
 103 53 
 104 54 
 104 55 
 105 56 
 106 57 
 107 58 
 107 59 
 106 59 
 105 60 
 105 61 
 106 62 
 107 61 
 108 62 
 109 62 
 110 63 
 110 64 
 111 65 
 110 66 
 110 67 
 109 68 
 109 69 
 108 70 
 108 71 
 107 72 
 106 72 
 105 73 
 104 73 
 103 74 
 102 73 
 101 74 
 100 73 
 99 73 
 98 73 
 97 73 
 96 72 
 95 72 
 94 71 
 93 71 
 92 71 
 91 71 
 90 70 
 89 70 
 88 70 
 87 69 
 86 69 
 85 69 
 84 68 
 83 68 
 82 68 
 81 67 
 80 68 
 79 67 
 78 68 
 77 68 
 76 67 
 75 68 
 74 68 
 73 68 
 72 69 
 71 70 
 70 70 
 69 71 
 68 71 
 67 72 
 66 72 
 65 73 
 64 73 
 63 74 
 62 75 
 61 75 
 60 76 
 59 76 
 58 76 
 57 77 
 56 77 
 55 77 
 54 77 
 53 77 
 52 77 
 51 76 
 50 76 
 49 76 
 48 77 
 47 78 
 46 79 
 45 80 
 45 81 
 44 82 
 45 83 
 45 84 
 46 85 
 46 86 
 47 87 
 47 88 
 46 87 
 45 86 
 44 86 
 43 86 
 42 86 
 41 86 
 40 85 
 39 85 
 38 85 
 37 85 
 36 85 
 35 85 
 34 85 
 33 85 
 34 84 
 35 83 
 36 84 
 37 84 
 38 83 
 39 84 
 40 83 
 41 83 
 42 82 
 42 81 
 43 80 
 43 79 
 42 78 
 42 77 
 41 76 
 40 76 
 39 76 
 38 75 
 37 75 
 36 75 
 35 74 
 34 74 
 33 73 
 32 73 
 31 72 
 30 72 
 29 71 
 28 70 
 27 69 
 26 68 
 25 68 
 24 67 
 23 66 
 22 65 
 21 64 
 20 63 
 19 62 
 18 61 
 17 60 
 17 59 
 16 58 
 15 57 
 15 56 
 14 55 
 13 54 
 14 53 
 13 52 
 13 51 
 12 50 
 12 49 
 12 48 
 12 47 
 12 46 
 12 45 
 12 44 
 12 43 
 12 42 
 12 41 
 12 40 
 12 39 
 12 38 
 12 37 
 13 36 
 13 35 
 13 34 
 13 33 
 13 32 
 14 31 
 14 30 
 14 29 
 14 28 
 14 27 
 15 26 
 15 25 
 15 24 
 15 23 
 15 22 
 15 21 
 15 20 
 15 19 
 15 18 
 14 17 
 13 16 
 12 16 
 11 15 
 10 15 
 9 15 
 8 15 
 7 15 
 6 15 
 5 15 
 4 15 
 3 14 
 4 13 
 5 12 
 6 11 
 7 10 
 8 9 
 8 8 
 9 7 
 10 6 
 11 6 
 12 5 
 13 4 
 14 4 
 15 4 
 16 3