 
 46 6 
 47 5 
 48 5 
 49 5 
 50 5 
 51 5 
 52 5 
 53 5 
 54 5 
 55 5 
 56 5 
 57 6 
 58 5 
 59 5 
 60 5 
 61 6 
 62 6 
 63 6 
 64 6 
 65 6 
 66 7 
 67 7 
 68 8 
 69 8 
 70 9 
 71 9 
 72 10 
 73 10 
 74 11 
 75 12 
 76 12 
 76 13 
 77 14 
 78 15 
 79 16 
 80 17 
 81 17 
 82 18 
 83 19 
 84 20 
 85 20 
 86 21 
 87 22 
 88 22 
 89 23 
 90 23 
 91 23 
 92 23 
 93 23 
 94 22 
 95 23 
 96 22 
 97 22 
 98 22 
 99 22 
 100 21 
 101 21 
 102 22 
 103 21 
 104 21 
 105 22 
 106 23 
 105 24 
 105 25 
 105 26 
 105 27 
 104 28 
 104 29 
 103 30 
 103 31 
 102 32 
 102 33 
 101 34 
 101 35 
 101 36 
 102 37 
 103 37 
 104 38 
 105 39 
 106 40 
 106 41 
 107 42 
 107 43 
 108 44 
 107 45 
 107 46 
 107 47 
 106 48 
 106 49 
 105 49 
 104 50 
 104 51 
 103 51 
 102 52 
 101 53 
 100 53 
 99 54 
 98 54 
 97 55 
 96 55 
 95 56 
 94 57 
 94 58 
 95 59 
 95 60 
 95 61 
 95 62 
 94 63 
 93 63 
 92 63 
 91 64 
 90 65 
 90 66 
 89 67 
 89 68 
 88 69 
 88 70 
 87 71 
 87 72 
 87 73 
 87 74 
 86 75 
 86 76 
 85 77 
 84 78 
 83 78 
 82 79 
 81 79 
 80 79 
 79 80 
 78 80 
 77 81 
 77 82 
 76 83 
 75 84 
 74 85 
 74 86 
 73 87 
 73 88 
 72 89 
 72 90 
 72 91 
 71 92 
 71 93 
 70 94 
 70 95 
 71 96 
 72 96 
 73 96 
 74 96 
 75 96 
 76 95 
 77 96 
 78 95 
 79 95 
 80 95 
 81 95 
 82 95 
 83 95 
 84 95 
 85 95 
 86 95 
 87 95 
 88 95 
 89 94 
 90 94 
 91 94 
 92 94 
 93 94 
 94 94 
 95 94 
 96 94 
 97 94 
 98 94 
 99 94 
 100 94 
 101 94 
 102 94 
 103 95 
 104 95 
 105 95 
 106 95 
 107 96 
 108 96 
 108 97 
 107 97 
 106 98 
 105 98 
 104 99 
 103 99 
 102 100 
 101 101 
 100 101 
 99 102 
 98 103 
 97 103 
 96 103 
 95 104 
 94 105 
 93 105 
 92 106 
 91 106 
 90 107 
 89 107 
 88 107 
 87 108 
 86 109 
 85 109 
 84 110 
 83 110 
 82 111 
 81 111 
 80 111 
 79 112 
 78 112 
 77 112 
 76 113 
 75 112 
 74 113 
 73 113 
 72 114 
 71 114 
 70 114 
 69 115 
 68 115 
 67 115 
 66 115 
 65 115 
 64 115 
 63 115 
 62 116 
 61 115 
 60 115 
 59 116 
 58 115 
 57 115 
 56 115 
 55 115 
 54 115 
 53 114 
 52 115 
 51 114 
 50 114 
 49 114 
 48 113 
 47 113 
 46 113 
 45 112 
 44 112 
 43 112 
 42 112 
 41 112 
 40 112 
 39 111 
 38 111 
 37 110 
 36 109 
 35 108 
 35 107 
 34 106 
 33 105 
 33 104 
 32 103 
 32 102 
 31 101 
 30 100 
 30 99 
 29 98 
 28 97 
 27 96 
 26 96 
 25 95 
 24 96 
 23 96 
 22 97 
 21 96 
 20 96 
 20 95 
 19 94 
 18 93 
 18 92 
 18 91 
 17 90 
 17 89 
 16 88 
 17 87 
 17 86 
 17 85 
 17 84 
 17 83 
 18 82 
 18 81 
 18 80 
 19 79 
 19 78 
 20 78 
 21 77 
 21 76 
 21 75 
 22 74 
 22 73 
 23 72 
 23 71 
 24 70 
 24 69 
 25 68 
 25 67 
 26 66 
 26 65 
 26 64 
 27 63 
 27 62 
 27 61 
 28 60 
 28 59 
 28 58 
 28 57 
 28 56 
 28 55 
 28 54 
 28 53 
 28 52 
 28 51 
 28 50 
 28 49 
 28 48 
 27 47 
 27 46 
 26 45 
 26 44 
 26 43 
 25 42 
 25 41 
 24 40 
 23 40 
 23 39 
 22 38 
 21 37 
 20 36 
 19 35 
 18 34 
 17 33 
 16 32 
 15 32 
 15 31 
 14 30 
 13 29 
 13 28 
 13 27 
 14 26 
 15 25 
 16 25 
 17 24 
 18 23 
 19 23 
 20 22 
 21 21 
 22 20 
 23 19 
 24 18 
 25 17 
 26 17 
 27 16 
 28 15 
 29 14 
 30 14 
 31 13 
 32 12 
 33 12 
 34 11 
 35 10 
 36 10 
 37 9 
 38 9 
 39 8 
 40 8 
 41 7 
 42 7 
 43 6 
 44 6 
 45 5