 
 10 5 
 11 5 
 12 5 
 9 6 
 13 5 
 8 5 
 14 5 
 9 4 
 15 5 
 16 6 
 17 6 
 18 6 
 19 6 
 20 6 
 21 7 
 22 7 
 23 7 
 24 7 
 25 8 
 26 8 
 27 8 
 28 8 
 29 9 
 30 9 
 31 10 
 32 10 
 33 11 
 33 12 
 34 13 
 33 14 
 33 15 
 32 16 
 31 17 
 30 17 
 29 17 
 28 17 
 27 17 
 26 17 
 25 17 
 24 17 
 23 17 
 22 16 
 21 17 
 20 16 
 19 16 
 18 16 
 17 16 
 16 15 
 15 15 
 14 15 
 13 15 
 12 15 
 11 15 
 10 15 
 9 15 
 10 16 
 11 16 
 12 16 
 13 17 
 14 17 
 15 17 
 16 17 
 17 17 
 18 18 
 19 18 
 20 18 
 21 18 
 22 18 
 23 18 
 24 18 
 25 18 
 26 18 
 27 18 
 28 18 
 29 18 
 30 19 
 31 20 
 31 21 
 32 22 
 32 23 
 33 24 
 33 25 
 32 26 
 32 27 
 31 28 
 30 28 
 29 29 
 28 29 
 27 29 
 26 29 
 25 29 
 24 29 
 23 28 
 22 28 
 21 28 
 20 28 
 19 28 
 18 27 
 17 27 
 16 27 
 15 27 
 14 27 
 13 27 
 12 27 
 11 27 
 10 27 
 9 27 
 8 26 
 7 26 
 6 26 
 5 26 
 4 26 
 4 27 
 5 27 
 6 27 
 7 27 
 8 28 
 9 28 
 10 28 
 11 28 
 12 28 
 13 29 
 14 28 
 15 29 
 16 28 
 17 29 
 18 29 
 19 29 
 20 29 
 21 29 
 22 29 
 23 30 
 24 30 
 25 30 
 26 30 
 27 30 
 28 30 
 29 30 
 30 31 
 30 32 
 30 33 
 30 34 
 29 35 
 28 36 
 27 36 
 26 37 
 25 37 
 24 36 
 23 37 
 22 36 
 21 36 
 20 36 
 19 36 
 18 35 
 17 36 
 16 35 
 15 35 
 14 35 
 13 35 
 12 34 
 11 34 
 10 34 
 9 34 
 8 33 
 7 34 
 6 33 
 5 33 
 4 33 
 4 34 
 5 34 
 6 35 
 7 35 
 8 35 
 9 35 
 10 35 
 11 35 
 12 36 
 13 36 
 14 36 
 15 36 
 16 37 
 17 37 
 18 37 
 19 37 
 20 37 
 21 37 
 22 38 
 23 38 
 24 38 
 25 38 
 26 38 
 27 38 
 28 38 
 29 38 
 30 37 
 31 36 
 32 35 
 32 34 
 33 33 
 33 32 
 34 31 
 34 30 
 34 29 
 35 28 
 34 27 
 35 26 
 36 25 
 36 24 
 37 23 
 38 23 
 39 23 
 40 24 
 41 23 
 42 24 
 43 23 
 44 24 
 45 24 
 46 24 
 47 24 
 48 25 
 49 25 
 50 25 
 51 26 
 52 25 
 53 26 
 54 26 
 55 27 
 56 27 
 57 27 
 58 28 
 59 28 
 60 28 
 61 29 
 62 28 
 63 29 
 64 29 
 65 29 
 66 30 
 67 30 
 68 30 
 69 30 
 70 31 
 71 31 
 72 31 
 73 31 
 74 32 
 75 32 
 76 32 
 77 33 
 78 33 
 79 32 
 80 33 
 81 33 
 82 33 
 83 34 
 84 34 
 85 35 
 86 34 
 87 35 
 88 35 
 89 35 
 90 35 
 91 36 
 92 36 
 93 36 
 94 36 
 95 37 
 96 36 
 97 37 
 98 37 
 99 37 
 100 37 
 101 37 
 102 37 
 103 37 
 104 37 
 105 37 
 106 37 
 107 37 
 108 36 
 109 36 
 110 35 
 111 34 
 110 33 
 110 32 
 109 31 
 108 30 
 107 30 
 106 29 
 105 29 
 104 29 
 103 29 
 102 29 
 101 28 
 100 28 
 99 28 
 98 28 
 97 28 
 96 28 
 95 27 
 94 28 
 93 27 
 92 27 
 91 28 
 90 27 
 89 28 
 88 27 
 87 27 
 86 27 
 85 27 
 84 27 
 83 26 
 82 27 
 81 26 
 80 26 
 79 26 
 78 26 
 77 26 
 76 25 
 75 25 
 74 25 
 73 25 
 72 25 
 71 24 
 70 24 
 69 24 
 68 24 
 67 24 
 66 23 
 65 23 
 64 23 
 63 22 
 62 22 
 61 22 
 60 21 
 59 21 
 58 21 
 57 21 
 56 20 
 55 20 
 54 19 
 53 19 
 52 19 
 51 19 
 50 18 
 49 18 
 48 18 
 47 18 
 46 17 
 45 17 
 44 17 
 43 16 
 42 17 
 41 17 
 40 16 
 39 17 
 38 17 
 37 16 
 36 15 
 36 14 
 35 13 
 35 12 
 35 11 
 34 10 
 33 9 
 32 8 
 31 8 
 30 7 
 29 7 
 28 7 
 27 7 
 26 6 
 25 6 
 24 6 
 23 5 
 22 5 
 21 5 
 20 5 
 19 5 
 18 5 
 17 5 
 16 4 
 15 4 
 14 4 
 13 4 
 12 4 
 11 4 
 10 4