 
 26 5 
 27 6 
 28 5 
 29 5 
 30 5 
 31 5 
 32 5 
 33 5 
 34 5 
 35 5 
 36 5 
 37 5 
 38 5 
 39 6 
 40 6 
 41 6 
 42 7 
 43 8 
 44 9 
 45 10 
 45 11 
 45 12 
 46 13 
 47 14 
 47 15 
 47 16 
 47 17 
 47 18 
 48 19 
 49 20 
 50 20 
 51 20 
 52 21 
 53 22 
 54 23 
 55 23 
 56 22 
 56 21 
 57 22 
 58 21 
 59 21 
 60 21 
 61 21 
 62 21 
 63 21 
 64 21 
 65 21 
 66 21 
 67 21 
 68 21 
 69 21 
 70 21 
 71 21 
 72 21 
 73 21 
 74 22 
 75 22 
 76 22 
 77 21 
 78 22 
 79 21 
 80 22 
 81 22 
 82 22 
 83 22 
 84 23 
 85 22 
 86 23 
 87 22 
 88 23 
 89 23 
 90 23 
 91 23 
 92 23 
 93 23 
 94 23 
 95 24 
 96 24 
 97 24 
 98 24 
 99 24 
 100 24 
 101 24 
 102 23 
 103 23 
 104 23 
 105 23 
 106 24 
 107 23 
 108 24 
 109 25 
 110 26 
 111 27 
 111 28 
 110 29 
 109 30 
 108 29 
 107 30 
 106 30 
 105 31 
 104 31 
 103 31 
 102 30 
 101 31 
 100 31 
 99 31 
 98 31 
 97 30 
 96 30 
 95 30 
 94 31 
 93 30 
 92 31 
 91 31 
 90 31 
 89 31 
 88 31 
 87 32 
 86 32 
 85 32 
 84 32 
 83 32 
 82 32 
 81 32 
 80 33 
 79 33 
 78 33 
 77 34 
 76 34 
 75 33 
 74 34 
 73 34 
 72 33 
 71 34 
 70 33 
 69 34 
 68 34 
 67 33 
 66 34 
 65 33 
 64 34 
 63 34 
 62 34 
 61 33 
 60 34 
 59 34 
 58 34 
 57 33 
 56 34 
 55 34 
 54 34 
 53 35 
 52 35 
 51 35 
 50 34 
 49 34 
 48 35 
 47 36 
 47 37 
 47 38 
 47 39 
 47 40 
 47 41 
 47 42 
 46 43 
 46 44 
 45 45 
 45 46 
 44 47 
 43 48 
 42 49 
 41 50 
 40 50 
 39 51 
 38 51 
 37 51 
 36 51 
 35 51 
 34 51 
 33 51 
 32 51 
 31 51 
 30 51 
 29 51 
 28 51 
 27 51 
 26 51 
 25 51 
 24 51 
 24 50 
 23 49 
 22 50 
 21 49 
 20 49 
 19 48 
 18 48 
 17 48 
 16 47 
 15 47 
 14 46 
 13 45 
 12 44 
 11 43 
 10 42 
 9 41 
 9 40 
 8 39 
 8 38 
 8 37 
 7 36 
 7 35 
 7 34 
 6 33 
 5 32 
 6 31 
 6 30 
 5 29 
 6 28 
 5 27 
 6 26 
 5 25 
 5 24 
 5 23 
 6 22 
 7 21 
 7 20 
 7 19 
 7 18 
 8 17 
 8 16 
 9 15 
 10 14 
 11 13 
 12 12 
 13 11 
 14 11 
 15 10 
 16 9 
 17 8 
 18 8 
 19 8 
 20 8 
 21 7 
 22 7 
 23 6 
 24 7 
 25 6 
 25 5