 
 54 5 
 55 5 
 55 6 
 56 7 
 56 8 
 56 9 
 57 10 
 57 11 
 57 12 
 57 13 
 57 14 
 58 15 
 59 15 
 60 15 
 61 15 
 62 15 
 63 15 
 64 15 
 65 15 
 66 15 
 67 16 
 68 16 
 68 17 
 68 18 
 69 19 
 68 20 
 67 20 
 66 20 
 65 20 
 64 21 
 63 20 
 62 20 
 61 20 
 60 20 
 59 20 
 58 21 
 57 22 
 57 23 
 58 24 
 57 25 
 57 26 
 58 27 
 58 28 
 59 29 
 60 30 
 59 31 
 59 32 
 60 33 
 60 34 
 59 35 
 59 36 
 60 37 
 61 38 
 62 37 
 63 38 
 64 37 
 65 37 
 66 37 
 67 37 
 68 37 
 69 37 
 69 38 
 70 39 
 71 39 
 72 39 
 73 39 
 74 39 
 75 39 
 76 39 
 77 40 
 78 40 
 79 41 
 80 41 
 81 41 
 82 41 
 83 42 
 84 43 
 85 43 
 86 44 
 87 44 
 87 45 
 87 46 
 87 47 
 88 48 
 87 49 
 88 50 
 89 49 
 90 49 
 90 50 
 91 51 
 92 51 
 93 51 
 94 52 
 95 52 
 96 52 
 97 52 
 98 53 
 99 54 
 100 55 
 101 55 
 102 56 
 103 57 
 104 58 
 104 59 
 104 60 
 103 61 
 103 62 
 104 63 
 104 64 
 104 65 
 104 66 
 103 66 
 102 67 
 103 68 
 102 69 
 101 69 
 100 69 
 99 70 
 98 70 
 97 70 
 96 70 
 95 70 
 94 70 
 93 71 
 92 71 
 91 71 
 90 71 
 89 72 
 88 72 
 87 73 
 86 74 
 85 75 
 84 76 
 83 76 
 82 75 
 81 76 
 80 76 
 79 76 
 78 77 
 77 76 
 76 77 
 76 78 
 75 77 
 74 78 
 73 78 
 72 78 
 71 79 
 70 80 
 69 80 
 68 81 
 67 82 
 66 82 
 65 81 
 64 81 
 63 82 
 62 82 
 61 82 
 60 82 
 59 82 
 58 82 
 57 82 
 56 81 
 55 81 
 54 82 
 53 82 
 53 81 
 52 80 
 51 81 
 50 80 
 49 80 
 48 80 
 47 80 
 46 80 
 45 79 
 44 80 
 43 80 
 42 79 
 41 79 
 40 79 
 39 79 
 38 79 
 37 79 
 36 78 
 35 78 
 34 78 
 33 77 
 32 77 
 31 78 
 30 78 
 29 77 
 28 76 
 27 77 
 26 76 
 25 76 
 24 75 
 23 75 
 22 75 
 21 75 
 20 74 
 19 74 
 18 74 
 17 74 
 16 74 
 15 74 
 14 74 
 14 73 
 13 72 
 12 73 
 11 72 
 10 73 
 9 72 
 8 71 
 7 70 
 7 69 
 6 68 
 5 67 
 6 66 
 5 65 
 5 64 
 5 63 
 5 62 
 6 61 
 7 60 
 7 59 
 7 58 
 8 57 
 9 56 
 9 55 
 10 54 
 11 53 
 12 53 
 13 52 
 14 52 
 15 52 
 16 51 
 17 51 
 18 50 
 19 49 
 20 50 
 21 49 
 22 49 
 23 48 
 24 47 
 25 46 
 25 45 
 26 45 
 27 45 
 28 44 
 29 44 
 30 44 
 31 43 
 32 43 
 33 43 
 34 42 
 35 41 
 36 41 
 37 42 
 38 41 
 39 41 
 40 40 
 41 39 
 42 39 
 43 38 
 44 39 
 45 38 
 46 38 
 47 39 
 48 38 
 49 39 
 50 38 
 50 37 
 51 36 
 51 35 
 51 34 
 51 33 
 51 32 
 51 31 
 52 30 
 52 29 
 51 28 
 52 27 
 52 26 
 51 25 
 51 24 
 51 23 
 50 22 
 49 21 
 48 20 
 47 19 
 46 19 
 45 19 
 44 19 
 43 19 
 42 19 
 41 19 
 40 19 
 40 18 
 41 17 
 41 16 
 42 16 
 43 16 
 44 17 
 45 17 
 46 16 
 47 17 
 48 17 
 49 17 
 50 17 
 51 17 
 52 16 
 52 15 
 52 14 
 52 13 
 52 12 
 53 11 
 52 10 
 52 9 
 51 8 
 51 7 
 52 6 
 53 5