 
 71 2 
 72 2 
 73 3 
 72 4 
 73 5 
 74 6 
 75 7 
 75 8 
 76 9 
 77 10 
 77 11 
 78 12 
 79 13 
 79 14 
 80 15 
 81 16 
 82 17 
 83 17 
 83 18 
 84 19 
 85 20 
 85 21 
 86 22 
 87 23 
 88 24 
 89 25 
 89 26 
 90 27 
 91 27 
 92 28 
 93 29 
 93 30 
 94 31 
 95 31 
 96 32 
 97 33 
 98 34 
 99 35 
 100 36 
 101 36 
 102 37 
 103 37 
 104 38 
 105 39 
 106 39 
 107 40 
 108 40 
 109 41 
 110 42 
 111 42 
 112 43 
 113 44 
 114 44 
 115 45 
 116 45 
 117 46 
 118 47 
 119 47 
 119 48 
 120 49 
 121 49 
 122 50 
 123 51 
 124 52 
 125 53 
 125 54 
 126 55 
 126 56 
 126 57 
 125 58 
 125 59 
 125 60 
 125 61 
 124 62 
 124 63 
 123 64 
 123 65 
 122 66 
 122 67 
 121 68 
 120 69 
 119 70 
 118 71 
 117 71 
 116 72 
 116 73 
 115 73 
 114 74 
 113 75 
 112 76 
 112 77 
 111 77 
 110 78 
 109 79 
 108 80 
 107 81 
 106 82 
 105 82 
 104 83 
 103 84 
 102 84 
 101 85 
 101 86 
 100 86 
 99 87 
 98 88 
 97 89 
 96 89 
 95 90 
 95 91 
 94 91 
 93 91 
 92 92 
 91 93 
 90 93 
 89 93 
 88 93 
 87 93 
 86 94 
 85 93 
 84 93 
 83 94 
 84 95 
 83 96 
 84 97 
 84 98 
 84 99 
 84 100 
 84 101 
 84 102 
 83 102 
 82 101 
 81 102 
 81 103 
 80 104 
 80 105 
 79 106 
 78 107 
 77 108 
 76 109 
 76 110 
 76 111 
 75 112 
 75 113 
 76 114 
 75 115 
 75 116 
 75 117 
 76 118 
 76 119 
 75 120 
 75 121 
 76 122 
 76 123 
 75 124 
 76 125 
 76 126 
 76 127 
 77 128 
 77 129 
 77 130 
 78 131 
 79 132 
 78 133 
 79 134 
 80 134 
 80 135 
 81 136 
 82 136 
 83 137 
 84 138 
 85 138 
 86 139 
 87 138 
 88 138 
 89 137 
 90 137 
 91 136 
 92 136 
 93 136 
 94 136 
 94 137 
 94 138 
 95 139 
 96 138 
 97 137 
 98 136 
 99 135 
 99 134 
 100 134 
 101 133 
 102 134 
 103 134 
 104 133 
 105 133 
 106 133 
 107 134 
 106 135 
 105 136 
 105 137 
 104 138 
 103 138 
 102 139 
 101 139 
 100 140 
 99 141 
 98 141 
 97 142 
 96 141 
 95 142 
 94 142 
 93 142 
 92 142 
 91 143 
 90 143 
 89 143 
 88 143 
 87 143 
 86 142 
 85 142 
 84 142 
 83 142 
 82 141 
 81 141 
 80 141 
 79 140 
 78 139 
 77 139 
 77 138 
 76 137 
 75 137 
 75 136 
 74 135 
 73 134 
 72 133 
 72 132 
 72 131 
 71 130 
 70 129 
 70 128 
 70 127 
 70 126 
 69 125 
 70 124 
 70 123 
 69 122 
 69 121 
 69 120 
 70 119 
 69 118 
 69 117 
 68 116 
 67 116 
 68 115 
 68 114 
 68 113 
 69 112 
 69 111 
 69 110 
 69 109 
 69 108 
 68 107 
 68 106 
 67 105 
 66 105 
 66 104 
 65 103 
 64 104 
 63 104 
 62 104 
 61 103 
 61 102 
 62 101 
 61 100 
 61 99 
 62 98 
 62 97 
 62 96 
 62 95 
 61 94 
 60 94 
 59 94 
 58 94 
 57 93 
 56 93 
 55 93 
 54 92 
 53 92 
 52 92 
 51 91 
 50 90 
 49 90 
 48 89 
 47 88 
 46 88 
 45 87 
 44 87 
 43 86 
 42 85 
 41 85 
 40 84 
 39 84 
 38 83 
 37 82 
 36 82 
 35 81 
 34 80 
 33 79 
 32 79 
 31 78 
 30 77 
 29 76 
 28 76 
 28 75 
 27 74 
 26 74 
 25 73 
 24 72 
 24 71 
 23 70 
 22 70 
 22 69 
 21 68 
 21 67 
 20 66 
 20 65 
 20 64 
 20 63 
 19 62 
 20 61 
 19 60 
 19 59 
 20 58 
 21 57 
 22 56 
 23 55 
 23 54 
 24 53 
 25 52 
 26 51 
 27 50 
 28 50 
 29 49 
 29 48 
 30 48 
 31 47 
 32 46 
 33 45 
 34 44 
 35 44 
 36 43 
 37 42 
 38 42 
 39 41 
 39 40 
 40 39 
 41 39 
 42 38 
 43 37 
 44 36 
 45 35 
 46 34 
 47 33 
 48 33 
 49 32 
 50 31 
 50 30 
 51 30 
 52 29 
 52 28 
 53 27 
 54 26 
 55 25 
 55 24 
 56 23 
 57 22 
 58 21 
 59 20 
 59 19 
 60 18 
 61 17 
 62 16 
 63 15 
 63 14 
 64 13 
 65 12 
 65 11 
 66 10 
 67 9 
 66 8 
 67 7 
 68 6 
 68 5 
 69 4 
 69 3 
 70 2