 
 62 6 
 63 6 
 64 5 
 65 5 
 66 5 
 67 5 
 68 6 
 69 5 
 70 5 
 71 6 
 72 5 
 73 5 
 74 6 
 75 6 
 76 6 
 77 7 
 78 7 
 79 7 
 80 7 
 81 8 
 82 8 
 83 8 
 84 8 
 85 8 
 86 9 
 87 9 
 88 9 
 89 10 
 90 11 
 90 12 
 89 13 
 90 14 
 90 15 
 89 16 
 90 17 
 90 18 
 90 19 
 91 20 
 92 21 
 93 21 
 94 21 
 95 22 
 96 22 
 97 23 
 98 23 
 99 23 
 100 23 
 101 23 
 102 23 
 103 23 
 104 23 
 105 23 
 106 23 
 107 23 
 108 23 
 109 23 
 110 23 
 111 23 
 112 23 
 113 23 
 114 23 
 115 24 
 115 25 
 115 26 
 115 27 
 115 28 
 115 29 
 115 30 
 114 31 
 114 32 
 113 33 
 112 34 
 112 35 
 112 36 
 111 37 
 111 38 
 112 39 
 111 40 
 111 41 
 111 42 
 111 43 
 110 44 
 109 44 
 108 43 
 107 44 
 107 45 
 107 46 
 106 47 
 106 48 
 105 49 
 105 50 
 104 51 
 103 52 
 102 53 
 101 53 
 100 54 
 99 55 
 98 55 
 97 55 
 96 55 
 95 54 
 95 53 
 94 52 
 93 52 
 92 52 
 91 52 
 90 52 
 89 52 
 88 52 
 87 52 
 86 52 
 85 52 
 84 52 
 83 52 
 82 52 
 81 52 
 80 52 
 79 52 
 78 52 
 77 52 
 76 52 
 75 52 
 74 52 
 73 52 
 72 52 
 71 52 
 70 52 
 69 52 
 68 53 
 67 54 
 66 55 
 65 56 
 65 57 
 64 58 
 64 59 
 63 59 
 62 60 
 61 59 
 60 60 
 59 59 
 58 59 
 57 59 
 56 59 
 55 58 
 54 57 
 53 57 
 53 56 
 52 55 
 52 54 
 51 53 
 50 53 
 49 53 
 48 53 
 47 53 
 46 53 
 45 53 
 44 53 
 43 53 
 42 53 
 41 53 
 40 53 
 39 53 
 38 53 
 37 53 
 36 53 
 35 53 
 34 53 
 33 53 
 32 54 
 31 53 
 30 54 
 29 53 
 28 54 
 27 54 
 26 53 
 25 54 
 25 55 
 24 56 
 23 57 
 22 58 
 21 58 
 20 57 
 19 57 
 18 57 
 17 57 
 16 57 
 15 57 
 14 57 
 13 56 
 12 56 
 11 55 
 10 55 
 10 54 
 10 53 
 10 52 
 10 51 
 9 50 
 9 49 
 9 48 
 9 47 
 9 46 
 9 45 
 9 44 
 9 43 
 9 42 
 9 41 
 9 40 
 8 39 
 7 38 
 6 37 
 6 36 
 6 35 
 5 34 
 6 33 
 6 32 
 7 32 
 8 31 
 9 30 
 10 30 
 11 29 
 12 28 
 13 28 
 14 27 
 15 27 
 16 26 
 17 26 
 18 26 
 19 26 
 20 26 
 21 25 
 22 26 
 23 25 
 24 25 
 25 24 
 26 24 
 27 24 
 28 24 
 29 24 
 30 24 
 31 23 
 32 24 
 33 23 
 34 22 
 34 21 
 35 21 
 36 20 
 37 20 
 38 21 
 39 21 
 40 20 
 40 19 
 41 18 
 42 18 
 43 17 
 44 17 
 45 17 
 46 17 
 47 17 
 48 18 
 49 18 
 49 19 
 50 20 
 51 20 
 52 21 
 53 20 
 54 21 
 55 20 
 56 19 
 57 18 
 56 17 
 56 16 
 56 15 
 57 14 
 57 13 
 56 12 
 56 11 
 56 10 
 57 9 
 58 8 
 58 7 
 59 6 
 60 6 
 61 5