 
 16 4 
 17 3 
 18 4 
 19 3 
 20 4 
 21 4 
 22 4 
 23 5 
 24 5 
 24 6 
 25 7 
 25 8 
 26 9 
 27 10 
 27 11 
 27 12 
 27 13 
 28 14 
 28 15 
 28 16 
 28 17 
 28 18 
 29 19 
 29 20 
 29 21 
 29 22 
 30 23 
 30 24 
 30 25 
 30 26 
 31 27 
 31 28 
 32 29 
 32 30 
 33 31 
 34 32 
 35 33 
 36 33 
 37 34 
 38 35 
 39 36 
 40 36 
 41 37 
 42 37 
 43 38 
 44 39 
 45 39 
 46 40 
 47 40 
 48 41 
 49 42 
 50 42 
 51 43 
 52 44 
 53 44 
 54 45 
 55 45 
 56 46 
 57 47 
 58 47 
 58 48 
 59 49 
 60 49 
 61 50 
 62 50 
 63 51 
 64 51 
 65 52 
 66 52 
 67 53 
 68 54 
 69 54 
 70 55 
 71 56 
 72 56 
 73 57 
 74 57 
 75 58 
 76 59 
 77 59 
 78 60 
 79 60 
 80 60 
 81 61 
 82 61 
 83 62 
 84 62 
 85 62 
 86 63 
 87 63 
 88 63 
 89 63 
 90 64 
 91 63 
 92 64 
 93 64 
 94 64 
 95 64 
 96 65 
 97 65 
 98 65 
 99 65 
 100 65 
 101 66 
 101 67 
 102 68 
 103 67 
 104 68 
 105 68 
 106 68 
 107 69 
 108 69 
 109 70 
 110 70 
 111 71 
 110 72 
 110 73 
 110 74 
 110 75 
 110 76 
 109 77 
 108 77 
 107 78 
 107 79 
 106 79 
 105 80 
 104 80 
 103 81 
 103 82 
 102 82 
 101 82 
 100 82 
 99 82 
 98 82 
 97 82 
 96 82 
 95 82 
 94 81 
 93 81 
 92 81 
 91 80 
 90 80 
 89 80 
 88 79 
 87 79 
 86 79 
 85 78 
 84 78 
 83 78 
 82 78 
 81 77 
 80 77 
 79 77 
 78 77 
 77 76 
 76 76 
 75 76 
 74 75 
 73 75 
 72 75 
 71 75 
 70 75 
 69 75 
 68 76 
 67 76 
 66 76 
 65 76 
 64 76 
 63 76 
 62 76 
 61 76 
 60 76 
 59 77 
 58 77 
 57 78 
 57 79 
 56 79 
 55 80 
 54 80 
 53 80 
 52 80 
 51 80 
 50 80 
 49 81 
 48 81 
 47 81 
 46 81 
 45 81 
 44 82 
 43 83 
 42 83 
 41 84 
 40 84 
 39 85 
 38 86 
 38 87 
 37 87 
 36 88 
 37 89 
 38 89 
 39 89 
 40 89 
 41 89 
 42 90 
 42 91 
 41 91 
 40 90 
 39 90 
 38 90 
 37 90 
 36 90 
 35 90 
 34 91 
 33 91 
 32 90 
 31 90 
 30 90 
 29 90 
 28 90 
 27 90 
 26 90 
 25 90 
 24 91 
 23 91 
 22 91 
 21 91 
 20 92 
 19 91 
 19 90 
 20 89 
 20 88 
 21 88 
 22 88 
 23 88 
 24 88 
 25 88 
 26 87 
 27 87 
 28 87 
 29 86 
 29 85 
 30 84 
 30 83 
 30 82 
 30 81 
 31 80 
 31 79 
 31 78 
 31 77 
 30 76 
 29 76 
 28 75 
 27 75 
 26 74 
 25 74 
 24 73 
 23 73 
 22 72 
 21 72 
 20 71 
 19 70 
 18 70 
 18 69 
 17 68 
 16 68 
 16 67 
 15 66 
 14 65 
 13 64 
 13 63 
 12 62 
 11 61 
 11 60 
 11 59 
 10 58 
 10 57 
 9 56 
 10 55 
 9 54 
 9 53 
 8 52 
 8 51 
 8 50 
 8 49 
 8 48 
 8 47 
 8 46 
 8 45 
 8 44 
 8 43 
 8 42 
 9 41 
 9 40 
 9 39 
 9 38 
 9 37 
 9 36 
 9 35 
 10 34 
 9 33 
 10 32 
 10 31 
 10 30 
 10 29 
 11 28 
 10 27 
 11 26 
 11 25 
 11 24 
 11 23 
 11 22 
 12 21 
 11 20 
 12 19 
 12 18 
 11 17 
 10 16 
 9 16 
 8 15 
 7 16 
 6 16 
 5 16 
 4 16 
 3 15 
 4 14 
 4 13 
 4 12 
 5 11 
 6 10 
 7 9 
 8 8 
 9 7 
 9 6 
 10 5 
 11 5 
 12 4 
 13 4 
 14 4 
 15 3