 
 17 4 
 18 4 
 19 4 
 20 5 
 21 5 
 22 6 
 23 7 
 24 8 
 25 9 
 26 10 
 27 11 
 28 12 
 29 13 
 30 13 
 31 13 
 32 14 
 33 15 
 34 15 
 35 16 
 36 16 
 37 17 
 38 18 
 39 19 
 40 19 
 41 20 
 42 21 
 43 21 
 44 21 
 45 22 
 46 22 
 46 23 
 47 24 
 48 24 
 49 24 
 50 25 
 51 26 
 52 27 
 53 28 
 53 29 
 54 30 
 55 31 
 56 31 
 56 32 
 57 33 
 58 32 
 59 31 
 60 30 
 60 29 
 60 28 
 61 27 
 62 26 
 63 25 
 64 24 
 65 24 
 66 24 
 67 23 
 68 22 
 69 21 
 70 20 
 71 19 
 72 19 
 73 18 
 74 18 
 75 17 
 76 17 
 77 16 
 78 16 
 79 15 
 80 15 
 81 14 
 82 13 
 83 13 
 84 13 
 85 12 
 86 12 
 87 12 
 88 11 
 89 10 
 90 10 
 91 9 
 92 10 
 93 9 
 94 9 
 95 9 
 96 10 
 97 9 
 98 10 
 99 11 
 100 12 
 101 13 
 102 13 
 102 14 
 103 15 
 104 16 
 105 17 
 105 18 
 105 19 
 106 20 
 107 21 
 106 22 
 107 23 
 107 24 
 108 25 
 108 26 
 108 27 
 108 28 
 109 29 
 109 30 
 109 31 
 109 32 
 109 33 
 109 34 
 109 35 
 108 36 
 108 37 
 108 38 
 108 39 
 107 40 
 107 41 
 107 42 
 106 43 
 107 44 
 106 45 
 105 46 
 106 47 
 105 48 
 104 49 
 104 50 
 104 51 
 103 51 
 102 52 
 102 53 
 101 54 
 101 55 
 100 56 
 99 57 
 98 58 
 97 59 
 96 60 
 95 61 
 94 62 
 93 63 
 92 64 
 91 65 
 90 66 
 89 67 
 88 68 
 87 69 
 86 69 
 85 70 
 84 71 
 83 72 
 82 73 
 81 73 
 80 73 
 79 74 
 78 75 
 77 76 
 76 76 
 75 76 
 74 77 
 73 78 
 72 78 
 71 79 
 70 79 
 69 80 
 68 80 
 67 81 
 66 82 
 65 83 
 64 84 
 63 84 
 62 84 
 61 85 
 60 86 
 59 87 
 58 88 
 57 88 
 56 87 
 55 86 
 54 86 
 54 85 
 53 84 
 52 84 
 52 83 
 51 82 
 50 81 
 49 80 
 48 79 
 47 78 
 46 77 
 45 77 
 44 77 
 43 76 
 42 75 
 41 74 
 40 73 
 39 72 
 38 71 
 37 71 
 36 70 
 35 69 
 34 68 
 33 68 
 32 67 
 31 66 
 30 65 
 29 64 
 28 63 
 27 62 
 26 62 
 25 61 
 24 60 
 23 59 
 22 59 
 22 58 
 21 57 
 20 56 
 19 55 
 18 54 
 17 53 
 16 52 
 15 51 
 14 50 
 13 49 
 12 48 
 11 47 
 10 46 
 10 45 
 9 44 
 8 44 
 8 43 
 8 42 
 7 41 
 6 40 
 7 39 
 6 38 
 6 37 
 5 36 
 5 35 
 5 34 
 5 33 
 4 32 
 4 31 
 4 30 
 4 29 
 4 28 
 4 27 
 4 26 
 4 25 
 5 24 
 5 23 
 5 22 
 5 21 
 5 20 
 6 19 
 6 18 
 6 17 
 7 16 
 8 15 
 7 14 
 8 13 
 9 12 
 9 11 
 9 10 
 10 10 
 11 9 
 12 8 
 12 7 
 13 6 
 14 5 
 15 5 
 16 4