 
 30 5 
 31 5 
 32 5 
 33 5 
 34 6 
 35 5 
 36 5 
 37 5 
 38 6 
 39 6 
 40 5 
 41 6 
 42 7 
 42 8 
 42 9 
 43 10 
 44 11 
 44 12 
 44 13 
 45 14 
 46 14 
 46 15 
 45 16 
 46 17 
 47 18 
 48 19 
 49 19 
 50 19 
 51 20 
 52 20 
 53 20 
 54 20 
 55 20 
 56 20 
 57 20 
 58 20 
 59 20 
 60 20 
 61 20 
 62 21 
 63 20 
 64 20 
 65 21 
 66 20 
 67 20 
 68 20 
 69 20 
 70 20 
 71 20 
 72 20 
 73 20 
 74 20 
 75 20 
 76 20 
 77 20 
 78 20 
 79 20 
 80 20 
 81 20 
 82 20 
 83 20 
 84 20 
 85 20 
 86 20 
 87 20 
 88 20 
 89 20 
 90 21 
 91 21 
 92 22 
 93 21 
 94 21 
 95 22 
 96 21 
 97 22 
 98 21 
 99 21 
 100 22 
 101 21 
 102 22 
 103 22 
 104 22 
 105 22 
 106 22 
 107 22 
 108 23 
 109 24 
 110 25 
 111 25 
 111 26 
 111 27 
 111 28 
 110 29 
 110 30 
 109 30 
 108 31 
 108 32 
 108 33 
 107 34 
 106 35 
 105 35 
 104 35 
 103 35 
 102 34 
 101 35 
 101 36 
 100 35 
 99 35 
 98 35 
 97 35 
 96 34 
 95 34 
 94 35 
 93 36 
 92 35 
 91 35 
 90 35 
 89 35 
 88 36 
 87 35 
 86 36 
 85 36 
 84 35 
 83 35 
 82 35 
 81 35 
 80 35 
 79 35 
 78 35 
 77 35 
 76 35 
 75 34 
 74 34 
 75 33 
 74 32 
 73 32 
 72 33 
 71 33 
 70 33 
 69 34 
 68 34 
 67 34 
 66 34 
 65 34 
 64 35 
 63 35 
 62 35 
 61 35 
 60 36 
 59 35 
 58 36 
 57 36 
 56 37 
 55 37 
 54 37 
 53 37 
 52 37 
 51 37 
 50 36 
 49 37 
 48 37 
 47 37 
 46 37 
 45 37 
 44 38 
 43 39 
 43 40 
 42 40 
 41 41 
 41 42 
 40 43 
 41 44 
 40 45 
 40 46 
 39 47 
 39 48 
 39 49 
 38 50 
 37 50 
 36 50 
 35 51 
 34 51 
 33 52 
 32 52 
 31 52 
 30 52 
 29 52 
 28 52 
 27 52 
 26 52 
 25 52 
 24 52 
 23 52 
 22 51 
 21 52 
 20 52 
 20 51 
 19 50 
 18 50 
 17 50 
 16 49 
 15 49 
 14 48 
 13 48 
 12 48 
 11 48 
 10 47 
 9 46 
 8 46 
 7 45 
 6 44 
 6 43 
 6 42 
 7 41 
 6 40 
 5 40 
 6 39 
 5 38 
 5 37 
 5 36 
 5 35 
 5 34 
 5 33 
 5 32 
 5 31 
 5 30 
 5 29 
 5 28 
 5 27 
 5 26 
 5 25 
 5 24 
 5 23 
 6 22 
 5 21 
 5 20 
 5 19 
 5 18 
 6 17 
 6 16 
 7 15 
 6 14 
 7 13 
 7 12 
 8 11 
 8 10 
 8 9 
 9 9 
 10 10 
 11 9 
 12 9 
 13 8 
 14 8 
 15 8 
 16 7 
 17 7 
 18 6 
 19 7 
 20 7 
 21 6 
 22 7 
 23 6 
 24 7 
 25 7 
 26 7 
 27 7 
 28 7 
 29 6 
 29 5