 
 67 7 
 68 8 
 69 9 
 70 10 
 70 11 
 71 12 
 72 13 
 73 14 
 72 15 
 73 16 
 74 16 
 74 17 
 75 18 
 76 17 
 77 16 
 78 16 
 79 15 
 80 14 
 81 15 
 80 16 
 81 17 
 82 17 
 82 18 
 83 19 
 84 20 
 85 21 
 86 22 
 87 23 
 88 22 
 89 22 
 89 23 
 90 24 
 91 25 
 90 26 
 90 27 
 90 28 
 91 29 
 90 30 
 89 31 
 89 32 
 89 33 
 90 34 
 91 35 
 91 36 
 90 37 
 91 38 
 91 39 
 90 40 
 90 41 
 89 42 
 90 43 
 89 44 
 88 45 
 87 46 
 86 46 
 85 46 
 84 47 
 83 47 
 82 46 
 81 47 
 80 46 
 79 46 
 78 45 
 77 46 
 76 47 
 76 48 
 77 49 
 76 50 
 76 51 
 75 52 
 75 53 
 75 54 
 75 55 
 74 56 
 73 57 
 72 56 
 71 57 
 70 57 
 69 58 
 68 58 
 67 58 
 66 57 
 65 58 
 64 57 
 63 57 
 62 58 
 62 59 
 61 60 
 60 60 
 59 61 
 58 62 
 58 63 
 57 63 
 56 64 
 55 65 
 55 66 
 54 67 
 53 68 
 52 69 
 51 70 
 50 71 
 49 72 
 48 73 
 49 74 
 48 75 
 47 76 
 46 77 
 46 78 
 47 79 
 47 80 
 47 81 
 47 82 
 48 83 
 48 84 
 48 85 
 47 86 
 47 87 
 46 88 
 45 89 
 45 90 
 44 91 
 43 91 
 42 92 
 41 92 
 40 93 
 39 92 
 38 93 
 37 92 
 36 92 
 35 92 
 34 93 
 34 94 
 35 95 
 34 96 
 34 97 
 33 98 
 32 99 
 31 100 
 30 101 
 29 101 
 28 101 
 27 101 
 26 102 
 25 101 
 24 101 
 23 100 
 22 101 
 21 100 
 20 99 
 19 99 
 18 100 
 17 101 
 16 101 
 16 100 
 16 99 
 16 98 
 16 97 
 17 96 
 16 95 
 17 94 
 17 93 
 16 92 
 15 91 
 14 91 
 13 90 
 13 89 
 13 88 
 14 87 
 14 86 
 15 85 
 15 84 
 14 83 
 15 82 
 14 81 
 14 80 
 15 80 
 16 79 
 16 78 
 16 77 
 16 76 
 16 75 
 15 74 
 15 73 
 16 72 
 17 73 
 18 72 
 19 71 
 20 70 
 21 69 
 22 68 
 23 67 
 24 66 
 25 65 
 26 64 
 27 63 
 28 62 
 29 61 
 30 60 
 31 59 
 32 58 
 31 57 
 30 56 
 30 55 
 29 54 
 28 53 
 28 52 
 27 51 
 26 51 
 25 51 
 26 50 
 27 49 
 28 48 
 28 47 
 28 46 
 29 45 
 30 44 
 31 43 
 32 42 
 32 41 
 33 40 
 34 39 
 35 38 
 36 37 
 37 36 
 38 35 
 39 34 
 38 33 
 39 32 
 40 31 
 41 30 
 42 29 
 43 28 
 44 27 
 45 26 
 46 25 
 46 24 
 47 23 
 48 23 
 49 22 
 49 21 
 50 20 
 51 20 
 52 19 
 53 18 
 53 17 
 54 17 
 55 16 
 56 15 
 56 14 
 57 13 
 58 13 
 59 12 
 60 11 
 61 10 
 62 9 
 63 8 
 64 9 
 65 8 
 66 7