 
 64 4 
 65 3 
 66 4 
 67 3 
 68 4 
 69 3 
 70 4 
 71 3 
 72 4 
 73 3 
 74 4 
 75 3 
 76 4 
 77 3 
 78 4 
 79 3 
 80 4 
 81 3 
 82 4 
 83 3 
 84 4 
 85 3 
 86 4 
 87 3 
 88 4 
 89 3 
 90 4 
 91 3 
 92 4 
 93 3 
 94 4 
 95 3 
 96 4 
 97 4 
 98 4 
 99 5 
 100 6 
 100 7 
 99 8 
 100 9 
 100 10 
 100 11 
 100 12 
 100 13 
 100 14 
 100 15 
 100 16 
 100 17 
 100 18 
 100 19 
 101 20 
 102 20 
 103 21 
 104 21 
 105 21 
 106 21 
 107 22 
 108 23 
 108 24 
 109 25 
 109 26 
 109 27 
 110 28 
 110 29 
 110 30 
 110 31 
 110 32 
 110 33 
 111 34 
 110 35 
 110 36 
 109 36 
 108 36 
 107 36 
 106 37 
 105 38 
 104 39 
 104 40 
 104 41 
 103 42 
 102 43 
 101 44 
 100 44 
 99 44 
 98 44 
 97 44 
 96 44 
 95 44 
 94 43 
 93 43 
 92 42 
 91 41 
 91 40 
 90 39 
 89 39 
 88 40 
 87 39 
 86 40 
 85 40 
 84 41 
 83 41 
 82 41 
 81 41 
 80 40 
 79 40 
 78 39 
 77 40 
 76 40 
 75 40 
 74 40 
 73 40 
 72 40 
 71 40 
 70 40 
 69 40 
 68 40 
 67 40 
 66 40 
 65 40 
 64 40 
 63 40 
 62 40 
 61 40 
 60 40 
 59 40 
 58 40 
 57 40 
 56 40 
 55 40 
 54 40 
 53 40 
 52 40 
 51 40 
 50 40 
 49 40 
 48 39 
 47 40 
 46 39 
 45 40 
 44 39 
 43 40 
 42 39 
 41 40 
 40 40 
 39 39 
 38 40 
 37 39 
 36 40 
 35 39 
 34 39 
 33 39 
 32 39 
 31 40 
 32 41 
 31 42 
 31 43 
 30 44 
 29 44 
 28 45 
 27 46 
 26 46 
 25 46 
 24 47 
 23 46 
 22 46 
 21 46 
 20 46 
 19 45 
 18 45 
 17 44 
 17 43 
 16 42 
 15 42 
 14 42 
 13 43 
 12 43 
 11 42 
 10 42 
 9 42 
 8 41 
 7 41 
 7 40 
 6 39 
 5 38 
 5 37 
 5 36 
 5 35 
 5 34 
 6 33 
 5 32 
 4 31 
 4 30 
 3 29 
 4 28 
 5 27 
 6 26 
 7 27 
 8 27 
 9 26 
 10 26 
 11 25 
 11 24 
 12 23 
 13 22 
 14 23 
 15 23 
 16 22 
 16 21 
 16 20 
 16 19 
 17 18 
 17 17 
 18 16 
 19 16 
 20 16 
 21 15 
 22 16 
 23 15 
 24 15 
 25 15 
 26 15 
 27 15 
 28 16 
 29 15 
 30 15 
 31 15 
 32 15 
 33 16 
 34 15 
 35 16 
 36 16 
 37 15 
 38 15 
 39 15 
 40 15 
 41 16 
 42 15 
 43 16 
 44 16 
 45 16 
 46 15 
 45 14 
 46 13 
 45 12 
 45 11 
 46 10 
 45 9 
 45 8 
 46 7 
 46 6 
 47 6 
 48 5 
 49 5 
 50 5 
 51 5 
 52 5 
 53 4 
 54 5 
 55 4 
 56 4 
 57 4 
 58 4 
 59 4 
 60 4 
 61 4 
 62 4 
 63 3