 
 29 6 
 30 5 
 31 6 
 32 5 
 33 5 
 34 6 
 35 5 
 36 5 
 37 5 
 38 5 
 39 5 
 40 5 
 41 5 
 42 5 
 43 5 
 44 5 
 45 5 
 46 6 
 46 7 
 47 8 
 48 9 
 49 10 
 49 11 
 49 12 
 50 13 
 49 14 
 50 15 
 50 16 
 51 17 
 50 18 
 51 19 
 51 20 
 52 21 
 53 22 
 53 23 
 54 24 
 55 24 
 56 23 
 57 24 
 58 24 
 59 24 
 60 25 
 61 25 
 62 26 
 63 25 
 64 25 
 65 25 
 66 26 
 67 26 
 68 26 
 69 26 
 70 25 
 71 25 
 72 26 
 73 26 
 74 26 
 75 25 
 76 26 
 77 26 
 78 26 
 79 25 
 80 26 
 81 26 
 82 25 
 83 25 
 83 26 
 84 27 
 85 26 
 86 26 
 87 27 
 88 26 
 89 27 
 90 27 
 91 26 
 92 26 
 93 26 
 94 27 
 95 26 
 96 27 
 97 26 
 98 26 
 99 27 
 100 26 
 101 26 
 102 27 
 103 27 
 104 28 
 105 27 
 106 27 
 107 28 
 108 28 
 109 29 
 110 29 
 110 30 
 111 31 
 111 32 
 111 33 
 110 34 
 111 35 
 111 36 
 111 37 
 110 38 
 110 39 
 110 40 
 109 40 
 108 41 
 107 40 
 106 41 
 105 41 
 104 42 
 103 42 
 102 41 
 101 41 
 100 40 
 99 41 
 98 41 
 97 42 
 96 41 
 95 42 
 94 42 
 93 41 
 92 42 
 91 41 
 90 42 
 89 42 
 88 41 
 87 42 
 86 41 
 85 42 
 84 41 
 83 41 
 82 42 
 81 42 
 80 42 
 79 41 
 78 41 
 77 42 
 76 41 
 75 42 
 74 42 
 73 41 
 72 42 
 71 41 
 70 41 
 69 42 
 68 42 
 67 42 
 66 41 
 65 41 
 64 42 
 63 41 
 62 42 
 61 42 
 60 41 
 59 42 
 59 43 
 58 43 
 57 43 
 56 43 
 55 43 
 54 43 
 53 43 
 52 44 
 51 45 
 50 45 
 49 46 
 49 47 
 48 48 
 48 49 
 48 50 
 48 51 
 48 52 
 47 53 
 46 54 
 46 55 
 46 56 
 45 57 
 45 58 
 44 57 
 43 58 
 42 59 
 41 58 
 40 59 
 39 59 
 38 58 
 37 58 
 36 58 
 35 59 
 34 59 
 34 58 
 33 57 
 32 58 
 31 57 
 30 58 
 29 57 
 28 57 
 27 56 
 26 57 
 25 57 
 24 56 
 23 56 
 22 57 
 21 56 
 20 56 
 19 56 
 18 56 
 17 55 
 16 55 
 15 55 
 14 54 
 13 54 
 12 55 
 11 55 
 10 54 
 9 54 
 8 53 
 7 52 
 7 51 
 6 50 
 7 49 
 6 48 
 7 47 
 6 46 
 6 45 
 5 44 
 5 43 
 6 42 
 5 41 
 5 40 
 5 39 
 5 38 
 5 37 
 5 36 
 5 35 
 5 34 
 5 33 
 5 32 
 6 31 
 6 30 
 6 29 
 6 28 
 5 27 
 6 26 
 6 25 
 7 24 
 6 23 
 6 22 
 6 21 
 7 20 
 7 19 
 8 18 
 8 17 
 8 16 
 8 15 
 8 14 
 8 13 
 9 12 
 9 11 
 10 10 
 11 9 
 11 8 
 12 8 
 13 8 
 14 8 
 15 8 
 16 8 
 17 7 
 18 7 
 19 6 
 20 6 
 21 7 
 22 6 
 23 7 
 24 6 
 25 7 
 26 6 
 27 6 
 28 5