 
 23 4 
 24 4 
 25 5 
 26 5 
 27 5 
 28 5 
 29 6 
 30 5 
 31 5 
 32 5 
 33 6 
 34 6 
 35 7 
 35 8 
 36 9 
 36 10 
 36 11 
 36 12 
 35 13 
 34 14 
 34 15 
 33 15 
 32 16 
 33 17 
 33 18 
 33 19 
 33 20 
 33 21 
 33 22 
 33 23 
 32 24 
 32 25 
 32 26 
 31 27 
 31 28 
 32 29 
 31 30 
 31 31 
 31 32 
 32 33 
 31 34 
 31 35 
 31 36 
 32 37 
 32 38 
 32 39 
 33 40 
 34 39 
 34 38 
 35 38 
 36 37 
 36 36 
 36 35 
 37 34 
 38 33 
 38 32 
 39 31 
 40 30 
 40 29 
 41 28 
 41 27 
 41 26 
 42 25 
 41 24 
 42 23 
 42 22 
 42 21 
 43 20 
 44 19 
 43 18 
 44 17 
 44 16 
 45 15 
 45 14 
 45 13 
 45 12 
 46 11 
 47 10 
 47 9 
 48 8 
 49 7 
 50 6 
 51 6 
 52 5 
 53 5 
 54 5 
 55 5 
 56 5 
 57 5 
 58 5 
 59 5 
 60 5 
 61 6 
 62 6 
 62 7 
 63 8 
 64 9 
 64 10 
 65 11 
 65 12 
 65 13 
 66 14 
 66 15 
 66 16 
 66 17 
 67 18 
 67 19 
 67 20 
 67 21 
 68 22 
 69 22 
 70 21 
 70 20 
 71 19 
 71 18 
 71 17 
 72 16 
 72 15 
 72 14 
 73 13 
 72 12 
 73 11 
 74 10 
 74 9 
 74 8 
 75 8 
 76 7 
 76 6 
 77 6 
 78 5 
 79 5 
 80 4 
 81 4 
 82 4 
 83 3 
 84 4 
 85 4 
 86 3 
 87 4 
 88 5 
 89 5 
 90 6 
 91 7 
 92 8 
 92 9 
 92 10 
 92 11 
 93 12 
 93 13 
 93 14 
 94 15 
 93 16 
 94 17 
 94 18 
 94 19 
 94 20 
 95 21 
 95 22 
 95 23 
 95 24 
 96 25 
 97 26 
 98 27 
 99 28 
 99 29 
 100 30 
 101 31 
 101 32 
 102 33 
 103 34 
 103 35 
 103 36 
 104 37 
 104 38 
 105 39 
 105 40 
 106 41 
 106 42 
 107 43 
 107 44 
 108 45 
 108 46 
 108 47 
 108 48 
 109 49 
 108 50 
 109 51 
 109 52 
 109 53 
 109 54 
 109 55 
 109 56 
 110 57 
 110 58 
 110 59 
 110 60 
 110 61 
 110 62 
 110 63 
 110 64 
 110 65 
 111 66 
 110 67 
 110 68 
 109 68 
 108 67 
 107 66 
 107 65 
 106 64 
 106 63 
 106 62 
 105 61 
 106 60 
 105 59 
 104 59 
 103 60 
 103 61 
 103 62 
 102 63 
 103 64 
 102 65 
 102 66 
 101 67 
 101 68 
 100 69 
 100 70 
 100 71 
 99 72 
 100 73 
 100 74 
 100 75 
 100 76 
 100 77 
 99 78 
 99 79 
 99 80 
 98 81 
 97 82 
 97 83 
 97 84 
 96 85 
 97 86 
 96 87 
 96 88 
 95 89 
 95 90 
 95 91 
 94 92 
 94 93 
 93 94 
 93 95 
 93 96 
 94 97 
 94 98 
 94 99 
 94 100 
 93 101 
 92 101 
 91 101 
 90 102 
 89 102 
 88 103 
 87 102 
 86 102 
 85 102 
 84 102 
 83 102 
 82 102 
 81 102 
 80 102 
 79 102 
 78 102 
 77 102 
 76 103 
 75 102 
 74 102 
 73 101 
 73 100 
 72 99 
 73 98 
 74 97 
 75 97 
 76 96 
 77 97 
 78 96 
 79 96 
 80 96 
 81 96 
 82 96 
 83 96 
 84 96 
 85 95 
 86 94 
 86 93 
 86 92 
 86 91 
 86 90 
 86 89 
 86 88 
 86 87 
 86 86 
 86 85 
 86 84 
 86 83 
 86 82 
 86 81 
 86 80 
 85 79 
 85 78 
 84 77 
 83 77 
 83 76 
 82 75 
 81 75 
 80 74 
 80 73 
 79 72 
 78 71 
 77 70 
 76 69 
 75 70 
 74 71 
 73 71 
 72 72 
 71 73 
 70 73 
 69 73 
 68 73 
 67 73 
 66 73 
 65 74 
 64 74 
 63 74 
 62 74 
 61 75 
 60 75 
 59 75 
 58 76 
 57 75 
 56 75 
 55 75 
 54 75 
 53 76 
 52 76 
 51 76 
 50 77 
 49 78 
 48 79 
 47 80 
 46 81 
 45 82 
 44 83 
 44 84 
 45 85 
 44 86 
 44 87 
 44 88 
 44 89 
 43 90 
 43 91 
 43 92 
 44 93 
 44 94 
 44 95 
 44 96 
 45 97 
 44 98 
 44 99 
 43 99 
 42 100 
 41 100 
 40 100 
 39 101 
 38 101 
 37 101 
 36 102 
 35 102 
 34 102 
 33 102 
 32 103 
 31 102 
 30 102 
 29 102 
 28 102 
 27 102 
 26 102 
 25 102 
 24 102 
 23 102 
 22 101 
 21 100 
 20 100 
 19 99 
 19 98 
 20 97 
 21 97 
 22 96 
 23 97 
 24 96 
 25 96 
 26 95 
 27 96 
 28 95 
 29 94 
 29 93 
 30 92 
 30 91 
 30 90 
 30 89 
 31 88 
 32 87 
 31 86 
 31 85 
 30 84 
 29 84 
 28 83 
 27 83 
 26 82 
 25 82 
 24 81 
 23 81 
 22 81 
 21 80 
 20 80 
 19 80 
 18 79 
 17 79 
 16 78 
 15 77 
 15 76 
 14 75 
 13 75 
 12 74 
 11 74 
 10 74 
 10 73 
 9 72 
 10 71 
 9 70 
 9 69 
 9 68 
 8 67 
 8 66 
 7 65 
 7 64 
 7 63 
 6 62 
 7 61 
 6 60 
 6 59 
 6 58 
 7 57 
 7 56 
 6 55 
 6 54 
 6 53 
 6 52 
 6 51 
 6 50 
 7 49 
 6 48 
 6 47 
 6 46 
 6 45 
 6 44 
 6 43 
 5 42 
 6 41 
 6 40 
 7 39 
 8 38 
 8 37 
 9 36 
 9 35 
 10 34 
 11 33 
 10 32 
 11 31 
 10 30 
 9 29 
 8 29 
 7 29 
 6 28 
 5 28 
 4 27 
 4 26 
 3 25 
 4 24 
 4 23 
 4 22 
 4 21 
 4 20 
 5 19 
 5 18 
 6 17 
 7 16 
 8 16 
 9 15 
 10 14 
 11 14 
 12 13 
 13 13 
 14 12 
 15 12 
 16 11 
 17 10 
 18 9 
 17 8 
 17 7 
 17 6 
 18 6 
 19 5 
 19 4 
 20 4 
 21 4 
 22 3