 
 48 4 
 49 4 
 50 5 
 51 6 
 51 7 
 52 8 
 53 9 
 54 9 
 55 9 
 56 10 
 57 10 
 58 10 
 59 11 
 60 11 
 61 11 
 62 12 
 63 11 
 64 12 
 65 13 
 66 13 
 67 14 
 68 14 
 69 15 
 70 16 
 71 16 
 72 17 
 73 17 
 74 18 
 74 19 
 75 20 
 76 21 
 77 22 
 78 22 
 79 21 
 80 22 
 81 22 
 82 21 
 83 22 
 84 22 
 85 22 
 86 23 
 87 23 
 88 24 
 89 24 
 90 25 
 91 25 
 92 26 
 93 26 
 94 27 
 95 28 
 96 29 
 97 30 
 98 31 
 99 32 
 100 33 
 101 33 
 101 34 
 102 35 
 103 36 
 104 37 
 104 38 
 105 39 
 105 40 
 106 41 
 107 42 
 107 43 
 107 44 
 108 45 
 108 46 
 108 47 
 109 48 
 109 49 
 110 50 
 110 51 
 110 52 
 110 53 
 111 54 
 110 55 
 110 56 
 111 57 
 110 58 
 111 59 
 110 60 
 111 61 
 110 62 
 110 63 
 109 64 
 109 65 
 108 66 
 107 67 
 107 68 
 107 69 
 107 70 
 107 71 
 107 72 
 107 73 
 107 74 
 107 75 
 107 76 
 107 77 
 107 78 
 108 79 
 108 80 
 108 81 
 108 82 
 108 83 
 108 84 
 108 85 
 108 86 
 108 87 
 108 88 
 108 89 
 108 90 
 108 91 
 107 91 
 106 90 
 107 89 
 107 88 
 106 87 
 106 86 
 106 85 
 106 84 
 106 83 
 106 82 
 106 81 
 105 80 
 104 79 
 104 78 
 104 77 
 104 76 
 103 75 
 104 74 
 104 73 
 103 72 
 102 73 
 101 74 
 100 75 
 99 76 
 98 77 
 98 78 
 98 79 
 97 80 
 97 81 
 96 82 
 96 83 
 95 84 
 96 85 
 95 86 
 95 87 
 95 88 
 95 89 
 94 90 
 94 91 
 94 92 
 93 93 
 93 94 
 94 95 
 94 96 
 94 97 
 94 98 
 94 99 
 94 100 
 94 101 
 94 102 
 93 103 
 93 104 
 94 105 
 94 106 
 94 107 
 93 108 
 92 109 
 91 110 
 90 110 
 89 110 
 88 110 
 87 110 
 86 110 
 85 110 
 84 110 
 83 109 
 82 109 
 81 108 
 80 108 
 81 107 
 81 106 
 81 105 
 82 104 
 83 103 
 84 102 
 84 101 
 84 100 
 84 99 
 84 98 
 85 97 
 85 96 
 85 95 
 85 94 
 85 93 
 85 92 
 85 91 
 85 90 
 85 89 
 84 88 
 83 88 
 82 87 
 81 88 
 81 89 
 80 90 
 79 91 
 78 92 
 77 93 
 77 94 
 76 95 
 75 96 
 74 97 
 73 98 
 73 99 
 72 100 
 72 101 
 71 102 
 70 102 
 69 102 
 68 101 
 67 100 
 66 100 
 66 99 
 65 98 
 64 98 
 63 97 
 62 96 
 61 95 
 60 94 
 61 93 
 61 92 
 62 91 
 63 90 
 64 91 
 65 90 
 66 89 
 67 88 
 67 87 
 68 86 
 69 85 
 70 84 
 70 83 
 70 82 
 71 81 
 72 80 
 72 79 
 72 78 
 72 77 
 71 76 
 70 77 
 69 76 
 68 76 
 67 75 
 66 75 
 65 74 
 64 74 
 63 74 
 62 73 
 61 74 
 60 75 
 59 76 
 58 76 
 57 76 
 56 77 
 55 77 
 54 78 
 53 78 
 52 79 
 51 80 
 50 81 
 49 82 
 48 82 
 47 83 
 46 84 
 46 85 
 45 85 
 44 86 
 45 87 
 44 88 
 43 89 
 42 90 
 41 91 
 40 91 
 39 92 
 39 93 
 38 94 
 38 95 
 37 96 
 36 96 
 35 96 
 34 96 
 33 95 
 32 95 
 31 95 
 30 94 
 30 93 
 31 92 
 32 91 
 33 90 
 33 89 
 34 88 
 34 87 
 34 86 
 33 85 
 32 86 
 32 87 
 31 88 
 30 88 
 30 87 
 30 86 
 29 85 
 29 84 
 29 83 
 28 82 
 29 81 
 29 80 
 29 79 
 30 78 
 31 77 
 32 76 
 32 75 
 33 75 
 34 75 
 35 74 
 35 73 
 34 72 
 35 71 
 34 70 
 34 69 
 34 68 
 35 67 
 34 66 
 34 65 
 35 64 
 35 63 
 35 62 
 35 61 
 35 60 
 35 59 
 36 58 
 36 57 
 37 56 
 37 55 
 37 54 
 38 53 
 37 52 
 38 51 
 38 50 
 39 49 
 39 48 
 39 47 
 40 46 
 40 45 
 41 44 
 40 43 
 39 42 
 38 43 
 38 44 
 37 45 
 37 46 
 37 47 
 36 48 
 36 49 
 36 50 
 35 51 
 34 52 
 33 52 
 32 53 
 31 54 
 30 54 
 29 55 
 28 56 
 27 56 
 26 57 
 26 58 
 26 59 
 25 60 
 25 61 
 24 62 
 24 63 
 24 64 
 23 65 
 23 66 
 22 67 
 22 68 
 21 69 
 21 70 
 21 71 
 20 72 
 20 73 
 20 74 
 19 75 
 19 76 
 18 77 
 18 78 
 17 79 
 16 80 
 16 81 
 15 82 
 14 83 
 13 84 
 13 85 
 12 86 
 11 87 
 10 87 
 9 87 
 8 86 
 7 86 
 6 85 
 5 85 
 4 84 
 4 83 
 5 82 
 5 81 
 6 80 
 7 80 
 8 81 
 9 80 
 10 79 
 10 78 
 11 77 
 12 76 
 13 75 
 13 74 
 13 73 
 13 72 
 14 71 
 14 70 
 14 69 
 15 68 
 15 67 
 15 66 
 16 65 
 15 64 
 16 63 
 16 62 
 16 61 
 17 60 
 17 59 
 17 58 
 17 57 
 18 56 
 18 55 
 18 54 
 19 53 
 18 52 
 17 52 
 16 52 
 15 52 
 15 51 
 16 50 
 17 50 
 18 50 
 19 49 
 19 48 
 20 47 
 20 46 
 19 45 
 18 45 
 17 46 
 16 47 
 15 47 
 14 47 
 13 48 
 12 48 
 11 48 
 10 49 
 9 50 
 8 50 
 7 51 
 6 51 
 5 51 
 4 51 
 4 50 
 4 49 
 5 49 
 6 49 
 7 48 
 8 47 
 9 46 
 10 46 
 11 45 
 12 45 
 13 44 
 14 43 
 15 42 
 16 41 
 17 40 
 18 39 
 18 38 
 19 37 
 20 36 
 20 35 
 21 34 
 21 33 
 22 32 
 22 31 
 23 30 
 23 29 
 24 28 
 24 27 
 25 26 
 26 25 
 27 25 
 28 24 
 28 23 
 29 22 
 29 21 
 29 20 
 30 19 
 30 18 
 30 17 
 31 16 
 31 15 
 32 14 
 32 13 
 32 12 
 33 11 
 34 10 
 35 9 
 36 8 
 37 7 
 38 6 
 39 6 
 40 6 
 41 6 
 42 5 
 43 5 
 44 5 
 45 5 
 46 4 
 47 3