 
 53 5 
 54 5 
 55 6 
 56 6 
 57 6 
 58 6 
 59 6 
 60 6 
 61 7 
 62 8 
 63 8 
 64 9 
 65 10 
 66 11 
 67 12 
 68 11 
 68 10 
 69 10 
 70 11 
 71 10 
 72 10 
 73 10 
 73 11 
 74 12 
 75 11 
 76 12 
 77 13 
 78 14 
 79 15 
 80 16 
 81 17 
 82 18 
 83 19 
 83 20 
 83 21 
 83 22 
 83 23 
 84 24 
 85 25 
 86 25 
 86 26 
 86 27 
 87 28 
 87 29 
 87 30 
 87 31 
 87 32 
 87 33 
 87 34 
 87 35 
 87 36 
 87 37 
 87 38 
 87 39 
 87 40 
 87 41 
 87 42 
 86 43 
 86 44 
 87 45 
 86 46 
 87 47 
 87 48 
 87 49 
 87 50 
 87 51 
 87 52 
 87 53 
 88 54 
 89 54 
 90 54 
 91 55 
 91 56 
 90 57 
 90 58 
 90 59 
 90 60 
 90 61 
 89 62 
 89 63 
 89 64 
 90 65 
 89 66 
 89 67 
 90 68 
 89 69 
 89 70 
 89 71 
 89 72 
 89 73 
 88 74 
 88 75 
 87 76 
 87 77 
 86 77 
 85 77 
 84 78 
 83 79 
 83 80 
 83 81 
 83 82 
 83 83 
 83 84 
 83 85 
 83 86 
 82 87 
 82 88 
 81 89 
 81 90 
 80 91 
 79 92 
 79 93 
 79 94 
 79 95 
 79 96 
 79 97 
 79 98 
 79 99 
 79 100 
 79 101 
 78 102 
 78 103 
 78 104 
 77 105 
 78 106 
 78 107 
 77 108 
 77 109 
 76 110 
 75 110 
 74 111 
 74 112 
 73 113 
 72 114 
 72 115 
 71 116 
 70 117 
 69 118 
 68 119 
 67 120 
 66 120 
 65 121 
 64 121 
 63 122 
 62 122 
 61 123 
 60 124 
 59 124 
 58 124 
 57 124 
 56 124 
 55 125 
 54 125 
 53 124 
 52 123 
 51 122 
 50 121 
 49 121 
 48 120 
 47 119 
 46 119 
 45 118 
 44 117 
 43 116 
 42 116 
 41 116 
 42 115 
 41 114 
 40 114 
 39 113 
 38 112 
 38 111 
 37 110 
 36 109 
 35 108 
 35 107 
 35 106 
 35 105 
 34 104 
 35 103 
 34 102 
 35 101 
 35 100 
 36 99 
 35 98 
 35 97 
 34 96 
 33 95 
 32 95 
 31 94 
 31 93 
 31 92 
 30 91 
 30 90 
 29 89 
 29 88 
 30 87 
 29 86 
 29 85 
 29 84 
 29 83 
 28 82 
 27 81 
 26 80 
 25 79 
 25 78 
 24 77 
 23 76 
 22 75 
 22 74 
 22 73 
 22 72 
 21 71 
 21 70 
 21 69 
 20 68 
 20 67 
 20 66 
 19 65 
 19 64 
 19 63 
 18 62 
 18 61 
 18 60 
 19 60 
 20 59 
 21 59 
 22 60 
 23 61 
 24 61 
 25 60 
 25 59 
 24 58 
 23 58 
 23 57 
 22 56 
 22 55 
 23 54 
 22 53 
 23 52 
 22 51 
 22 50 
 22 49 
 22 48 
 22 47 
 22 46 
 22 45 
 22 44 
 22 43 
 22 42 
 22 41 
 22 40 
 22 39 
 22 38 
 22 37 
 22 36 
 23 36 
 24 35 
 23 34 
 23 33 
 23 32 
 24 32 
 25 31 
 25 30 
 26 29 
 26 28 
 26 27 
 27 26 
 27 25 
 28 24 
 29 23 
 30 22 
 30 21 
 31 20 
 32 19 
 33 18 
 34 17 
 35 16 
 36 15 
 37 14 
 38 13 
 39 12 
 40 11 
 41 10 
 42 9 
 43 8 
 44 8 
 45 8 
 46 7 
 47 7 
 48 7 
 49 6 
 50 6 
 51 6 
 52 5