 
 49 5 
 50 5 
 51 5 
 52 5 
 53 5 
 54 5 
 55 6 
 56 6 
 57 7 
 58 7 
 59 7 
 60 7 
 61 8 
 62 8 
 63 8 
 64 9 
 65 10 
 65 11 
 66 12 
 67 11 
 68 11 
 69 10 
 70 10 
 71 9 
 72 9 
 73 9 
 74 9 
 75 10 
 76 9 
 77 9 
 77 10 
 78 11 
 79 12 
 80 12 
 81 13 
 82 14 
 83 15 
 83 16 
 84 17 
 84 18 
 85 19 
 85 20 
 85 21 
 85 22 
 86 23 
 85 24 
 86 25 
 87 25 
 87 26 
 87 27 
 87 28 
 87 29 
 87 30 
 87 31 
 87 32 
 87 33 
 86 34 
 85 35 
 86 36 
 86 37 
 86 38 
 86 39 
 85 40 
 86 41 
 85 42 
 86 43 
 87 43 
 87 44 
 87 45 
 87 46 
 87 47 
 87 48 
 87 49 
 87 50 
 87 51 
 88 52 
 89 53 
 90 53 
 91 53 
 91 54 
 92 55 
 92 56 
 92 57 
 92 58 
 92 59 
 92 60 
 92 61 
 91 62 
 90 63 
 90 64 
 90 65 
 90 66 
 89 67 
 89 68 
 88 69 
 88 70 
 88 71 
 88 72 
 87 73 
 87 74 
 86 75 
 85 76 
 84 75 
 83 76 
 83 77 
 83 78 
 83 79 
 83 80 
 83 81 
 83 82 
 83 83 
 82 84 
 82 85 
 82 86 
 81 87 
 81 88 
 80 88 
 79 89 
 79 90 
 79 91 
 79 92 
 79 93 
 79 94 
 79 95 
 79 96 
 79 97 
 79 98 
 79 99 
 78 100 
 79 101 
 79 102 
 78 103 
 78 104 
 78 105 
 77 106 
 76 106 
 75 107 
 75 108 
 74 109 
 74 110 
 73 111 
 72 112 
 72 113 
 71 113 
 70 114 
 69 115 
 69 116 
 68 117 
 67 117 
 66 117 
 65 118 
 64 119 
 63 119 
 62 120 
 61 121 
 60 121 
 59 121 
 58 121 
 57 122 
 56 122 
 55 122 
 54 121 
 53 120 
 52 119 
 51 118 
 50 118 
 49 117 
 48 116 
 47 116 
 46 115 
 45 114 
 44 113 
 43 112 
 42 111 
 41 110 
 40 110 
 39 109 
 38 108 
 38 107 
 37 106 
 37 105 
 37 104 
 37 103 
 36 102 
 37 101 
 37 100 
 37 99 
 37 98 
 37 97 
 37 96 
 36 95 
 35 94 
 35 93 
 34 92 
 33 91 
 32 90 
 32 89 
 31 88 
 31 87 
 31 86 
 31 85 
 31 84 
 32 83 
 31 82 
 32 81 
 31 80 
 30 79 
 29 79 
 28 78 
 27 77 
 26 76 
 26 75 
 25 74 
 25 73 
 24 72 
 24 71 
 23 70 
 23 69 
 22 68 
 21 67 
 20 66 
 19 65 
 19 64 
 19 63 
 18 62 
 19 61 
 19 60 
 19 59 
 20 58 
 21 57 
 22 57 
 23 57 
 24 58 
 25 57 
 25 56 
 25 55 
 25 54 
 25 53 
 25 52 
 25 51 
 25 50 
 25 49 
 24 48 
 25 47 
 25 46 
 25 45 
 25 44 
 24 43 
 25 42 
 25 41 
 25 40 
 25 39 
 24 38 
 25 37 
 25 36 
 26 35 
 26 34 
 26 33 
 26 32 
 26 31 
 26 30 
 27 29 
 27 28 
 27 27 
 27 26 
 27 25 
 28 24 
 28 23 
 29 22 
 30 21 
 31 20 
 32 19 
 32 18 
 33 17 
 34 16 
 35 15 
 36 14 
 37 13 
 38 12 
 39 11 
 40 10 
 41 9 
 42 8 
 43 7 
 44 7 
 45 6 
 46 6 
 47 6 
 48 5