 
 54 2 
 55 2 
 56 2 
 57 2 
 58 2 
 59 2 
 60 3 
 61 3 
 62 3 
 63 3 
 64 3 
 65 4 
 66 4 
 67 5 
 68 6 
 69 6 
 70 7 
 71 8 
 72 9 
 72 10 
 72 11 
 72 12 
 72 13 
 72 14 
 73 15 
 73 16 
 72 17 
 72 18 
 72 19 
 72 20 
 73 21 
 73 22 
 72 23 
 72 24 
 71 25 
 72 26 
 71 27 
 71 28 
 70 29 
 71 30 
 71 31 
 72 32 
 73 33 
 73 34 
 74 35 
 74 36 
 74 37 
 74 38 
 74 39 
 75 40 
 75 41 
 75 42 
 76 43 
 75 44 
 75 45 
 75 46 
 75 47 
 75 48 
 76 49 
 76 50 
 77 51 
 77 52 
 77 53 
 78 54 
 78 55 
 78 56 
 79 57 
 79 58 
 79 59 
 80 60 
 80 61 
 81 62 
 80 63 
 81 64 
 81 65 
 82 66 
 82 67 
 83 68 
 83 69 
 83 70 
 82 71 
 82 72 
 81 72 
 80 73 
 80 74 
 79 75 
 80 76 
 80 77 
 80 78 
 80 79 
 79 79 
 78 80 
 77 80 
 76 81 
 75 82 
 75 83 
 75 84 
 75 85 
 75 86 
 76 87 
 75 88 
 75 89 
 74 90 
 74 91 
 73 92 
 73 93 
 73 94 
 73 95 
 72 96 
 72 97 
 72 98 
 72 99 
 71 100 
 72 101 
 71 102 
 71 103 
 71 104 
 70 105 
 70 106 
 69 107 
 70 108 
 71 109 
 72 110 
 73 110 
 74 111 
 75 112 
 76 112 
 77 112 
 78 113 
 79 113 
 80 114 
 81 115 
 80 116 
 80 117 
 79 117 
 78 117 
 77 117 
 76 117 
 75 118 
 74 119 
 73 119 
 72 120 
 71 120 
 70 120 
 69 120 
 68 120 
 67 120 
 66 120 
 65 120 
 64 120 
 63 120 
 62 120 
 61 120 
 60 119 
 59 119 
 58 119 
 57 118 
 56 119 
 55 118 
 54 117 
 53 117 
 53 116 
 53 115 
 53 114 
 53 113 
 53 112 
 54 111 
 54 110 
 54 109 
 54 108 
 54 107 
 54 106 
 54 105 
 53 104 
 54 103 
 53 102 
 53 101 
 53 100 
 52 99 
 52 98 
 53 97 
 53 96 
 53 95 
 54 94 
 54 93 
 55 92 
 56 91 
 56 90 
 56 89 
 56 88 
 56 87 
 55 86 
 55 85 
 54 84 
 53 84 
 52 83 
 51 82 
 51 81 
 50 80 
 50 79 
 50 78 
 50 77 
 49 76 
 49 75 
 49 74 
 49 73 
 48 72 
 48 71 
 48 70 
 48 69 
 48 68 
 47 67 
 47 66 
 47 65 
 47 64 
 47 63 
 47 62 
 46 61 
 46 60 
 46 59 
 45 58 
 45 57 
 44 56 
 45 55 
 44 54 
 45 53 
 44 52 
 45 51 
 44 50 
 45 49 
 44 48 
 44 47 
 43 46 
 43 45 
 43 44 
 43 43 
 43 42 
 42 41 
 42 40 
 42 39 
 43 38 
 44 37 
 44 36 
 45 35 
 45 34 
 46 33 
 46 32 
 47 32 
 48 31 
 49 30 
 50 29 
 50 28 
 50 27 
 50 26 
 50 25 
 50 24 
 49 23 
 48 22 
 47 21 
 46 20 
 46 19 
 45 18 
 45 17 
 44 16 
 45 15 
 44 14 
 44 13 
 44 12 
 45 11 
 44 10 
 45 9 
 45 8 
 46 7 
 47 6 
 48 5 
 49 4 
 50 4 
 51 3 
 52 3 
 53 2