 
 32 5 
 33 6 
 34 5 
 35 5 
 36 5 
 37 5 
 38 5 
 39 5 
 40 5 
 41 5 
 42 6 
 43 7 
 43 8 
 44 9 
 45 10 
 44 11 
 44 12 
 45 13 
 44 14 
 44 15 
 45 16 
 46 17 
 47 17 
 48 17 
 49 17 
 50 17 
 51 17 
 52 17 
 53 18 
 54 18 
 54 19 
 55 20 
 55 21 
 56 22 
 57 21 
 58 21 
 59 20 
 60 20 
 61 20 
 62 20 
 63 20 
 64 20 
 65 20 
 66 21 
 67 21 
 68 20 
 69 20 
 70 20 
 71 20 
 72 20 
 73 20 
 74 20 
 75 21 
 76 20 
 77 20 
 78 21 
 79 20 
 80 21 
 81 20 
 82 20 
 83 20 
 84 20 
 85 20 
 86 21 
 87 20 
 88 20 
 89 20 
 90 20 
 91 20 
 92 20 
 93 20 
 94 20 
 95 20 
 96 20 
 97 20 
 98 20 
 99 20 
 100 20 
 101 20 
 102 20 
 103 20 
 104 20 
 105 20 
 106 20 
 106 21 
 107 22 
 108 22 
 109 23 
 110 23 
 109 24 
 110 25 
 111 25 
 111 26 
 111 27 
 110 28 
 110 29 
 109 30 
 108 30 
 107 31 
 107 32 
 106 32 
 105 33 
 104 34 
 103 35 
 102 34 
 101 35 
 101 36 
 100 35 
 99 35 
 98 34 
 97 35 
 96 35 
 95 35 
 94 35 
 93 35 
 92 34 
 91 35 
 90 36 
 89 35 
 88 34 
 87 34 
 86 35 
 85 36 
 84 35 
 83 35 
 82 35 
 81 35 
 80 35 
 79 35 
 78 35 
 77 35 
 76 35 
 75 36 
 75 37 
 74 37 
 73 37 
 72 36 
 71 36 
 70 36 
 69 36 
 68 37 
 67 37 
 66 37 
 65 37 
 64 37 
 63 37 
 62 37 
 61 37 
 60 37 
 59 38 
 58 38 
 57 39 
 56 39 
 55 38 
 54 38 
 53 38 
 52 38 
 51 38 
 50 38 
 49 38 
 48 39 
 47 40 
 46 39 
 45 39 
 44 40 
 44 41 
 43 42 
 43 43 
 43 44 
 43 45 
 43 46 
 43 47 
 43 48 
 43 49 
 42 49 
 41 50 
 40 50 
 39 51 
 39 52 
 38 51 
 37 52 
 36 52 
 35 52 
 34 51 
 33 52 
 32 52 
 31 52 
 30 52 
 29 52 
 28 51 
 27 50 
 26 51 
 25 51 
 24 50 
 23 51 
 22 50 
 21 50 
 20 49 
 19 49 
 18 48 
 17 48 
 16 48 
 15 48 
 14 47 
 13 46 
 12 46 
 11 46 
 10 46 
 9 45 
 8 45 
 7 44 
 6 44 
 5 43 
 5 42 
 5 41 
 5 40 
 5 39 
 5 38 
 5 37 
 5 36 
 5 35 
 5 34 
 5 33 
 5 32 
 5 31 
 5 30 
 5 29 
 5 28 
 5 27 
 5 26 
 5 25 
 5 24 
 5 23 
 5 22 
 6 21 
 5 20 
 5 19 
 5 18 
 5 17 
 6 17 
 7 16 
 7 15 
 7 14 
 8 15 
 9 14 
 10 13 
 11 13 
 12 12 
 13 12 
 14 11 
 15 11 
 16 11 
 17 10 
 18 9 
 19 9 
 20 9 
 21 8 
 22 8 
 23 8 
 24 8 
 25 7 
 26 6 
 27 7 
 28 7 
 29 7 
 30 6 
 31 5