 
 61 5 
 62 4 
 63 4 
 64 4 
 65 4 
 66 4 
 67 5 
 68 6 
 69 6 
 70 7 
 71 8 
 72 9 
 73 9 
 74 10 
 75 11 
 76 12 
 77 13 
 78 14 
 79 13 
 80 14 
 81 14 
 82 15 
 83 16 
 84 16 
 85 17 
 86 18 
 87 18 
 88 18 
 89 19 
 90 19 
 91 19 
 92 20 
 93 21 
 94 22 
 95 22 
 96 23 
 97 23 
 97 24 
 98 25 
 99 25 
 100 25 
 101 26 
 102 26 
 103 27 
 104 28 
 105 28 
 106 29 
 107 30 
 108 31 
 109 31 
 110 32 
 111 32 
 112 33 
 113 34 
 114 35 
 115 36 
 116 37 
 117 37 
 117 38 
 118 39 
 119 40 
 119 41 
 119 42 
 119 43 
 118 44 
 118 45 
 118 46 
 118 47 
 117 48 
 117 49 
 117 50 
 116 51 
 115 52 
 115 53 
 114 54 
 113 54 
 112 55 
 112 56 
 111 57 
 110 57 
 109 58 
 109 59 
 108 59 
 107 60 
 106 61 
 106 62 
 105 63 
 104 63 
 103 64 
 102 65 
 101 66 
 100 67 
 99 68 
 98 68 
 97 69 
 96 70 
 95 71 
 94 72 
 93 72 
 92 73 
 91 74 
 90 75 
 89 75 
 88 76 
 87 77 
 86 78 
 85 78 
 84 78 
 83 79 
 82 79 
 81 80 
 80 79 
 79 79 
 78 79 
 77 80 
 77 81 
 76 82 
 77 83 
 77 84 
 77 85 
 77 86 
 78 87 
 77 88 
 76 88 
 75 87 
 74 88 
 74 89 
 73 90 
 73 91 
 72 92 
 71 93 
 70 94 
 70 95 
 69 96 
 68 97 
 69 98 
 68 99 
 68 100 
 69 101 
 68 102 
 68 103 
 69 104 
 68 105 
 68 106 
 69 107 
 68 108 
 69 109 
 68 110 
 69 111 
 69 112 
 69 113 
 70 114 
 70 115 
 70 116 
 71 117 
 72 118 
 71 119 
 72 120 
 73 120 
 74 121 
 74 122 
 74 123 
 75 124 
 76 125 
 75 126 
 74 126 
 73 127 
 72 126 
 71 125 
 70 125 
 69 124 
 68 123 
 67 122 
 67 121 
 66 120 
 65 119 
 65 118 
 65 117 
 64 116 
 63 115 
 62 114 
 63 113 
 63 112 
 62 111 
 62 110 
 63 109 
 62 108 
 62 107 
 62 106 
 62 105 
 63 104 
 62 103 
 62 102 
 63 101 
 62 100 
 62 99 
 61 98 
 62 97 
 62 96 
 62 95 
 62 94 
 61 93 
 61 92 
 60 91 
 59 91 
 59 90 
 58 89 
 57 89 
 56 89 
 55 88 
 54 88 
 54 87 
 54 86 
 55 85 
 54 84 
 55 83 
 55 82 
 55 81 
 55 80 
 54 79 
 53 80 
 52 80 
 51 79 
 50 79 
 49 79 
 48 79 
 47 78 
 46 78 
 45 77 
 44 77 
 43 76 
 42 76 
 41 75 
 40 74 
 39 74 
 38 73 
 37 73 
 36 72 
 35 72 
 35 71 
 34 70 
 33 70 
 32 69 
 31 69 
 30 68 
 29 68 
 28 67 
 27 66 
 26 65 
 25 65 
 24 64 
 23 63 
 22 63 
 22 62 
 21 61 
 20 60 
 19 60 
 18 59 
 17 58 
 17 57 
 16 56 
 15 56 
 14 55 
 14 54 
 14 53 
 13 52 
 13 51 
 12 50 
 13 49 
 12 48 
 13 47 
 12 46 
 12 45 
 12 44 
 13 44 
 14 43 
 14 42 
 15 42 
 16 41 
 16 40 
 17 39 
 18 38 
 19 37 
 20 36 
 21 36 
 22 35 
 22 34 
 23 33 
 24 33 
 25 32 
 25 31 
 26 31 
 27 30 
 28 29 
 29 29 
 30 28 
 31 27 
 32 26 
 33 25 
 34 25 
 35 24 
 36 24 
 37 24 
 38 23 
 39 23 
 40 22 
 41 22 
 42 21 
 43 20 
 44 19 
 45 18 
 46 18 
 47 18 
 48 17 
 48 16 
 49 15 
 50 15 
 51 14 
 51 13 
 52 12 
 53 11 
 54 10 
 54 9 
 55 9 
 56 8 
 57 8 
 58 7 
 58 6 
 59 6 
 60 5 
 60 4