 
 26 5 
 27 4 
 28 4 
 29 4 
 30 5 
 31 5 
 32 6 
 33 7 
 34 8 
 35 8 
 35 9 
 36 10 
 37 11 
 38 11 
 39 11 
 40 12 
 41 12 
 42 12 
 43 12 
 44 13 
 45 12 
 46 13 
 47 14 
 48 14 
 49 14 
 50 14 
 51 14 
 52 15 
 53 16 
 53 17 
 54 18 
 55 17 
 56 17 
 57 17 
 58 17 
 59 17 
 60 17 
 61 17 
 62 17 
 63 17 
 64 17 
 65 17 
 66 17 
 67 17 
 68 17 
 69 17 
 70 17 
 71 16 
 72 17 
 73 16 
 74 17 
 75 17 
 76 16 
 77 17 
 78 17 
 79 17 
 80 17 
 81 17 
 82 17 
 83 17 
 84 17 
 85 17 
 86 17 
 87 17 
 88 16 
 89 15 
 90 16 
 91 16 
 92 15 
 93 15 
 94 16 
 95 16 
 96 15 
 97 15 
 98 15 
 99 15 
 100 15 
 101 15 
 102 16 
 103 15 
 104 16 
 105 15 
 106 16 
 107 16 
 108 17 
 109 18 
 109 19 
 110 20 
 111 21 
 111 22 
 110 23 
 109 24 
 108 25 
 107 26 
 106 27 
 105 28 
 104 28 
 103 28 
 102 27 
 101 28 
 100 28 
 99 29 
 98 30 
 97 31 
 96 30 
 95 31 
 94 31 
 93 30 
 92 29 
 91 29 
 90 30 
 89 31 
 88 31 
 87 31 
 86 31 
 85 31 
 84 31 
 83 31 
 82 31 
 81 31 
 80 31 
 79 30 
 78 30 
 77 29 
 76 29 
 75 29 
 74 29 
 73 29 
 72 30 
 72 31 
 71 30 
 70 30 
 69 29 
 68 29 
 67 30 
 66 30 
 65 31 
 64 31 
 63 30 
 62 31 
 61 32 
 61 33 
 61 34 
 60 35 
 59 35 
 59 34 
 58 33 
 57 33 
 56 34 
 56 35 
 55 36 
 55 37 
 54 37 
 53 37 
 52 38 
 52 39 
 51 39 
 50 39 
 49 39 
 48 39 
 47 40 
 46 41 
 45 40 
 44 41 
 43 41 
 42 42 
 41 43 
 40 44 
 39 44 
 38 45 
 38 46 
 37 47 
 37 48 
 36 48 
 35 49 
 34 50 
 33 51 
 34 52 
 33 53 
 32 54 
 31 54 
 30 54 
 29 54 
 28 54 
 27 53 
 28 52 
 27 51 
 26 50 
 25 49 
 24 48 
 23 47 
 22 46 
 21 46 
 21 45 
 20 44 
 19 43 
 18 42 
 17 42 
 16 42 
 16 41 
 15 40 
 14 39 
 13 39 
 12 39 
 11 38 
 10 37 
 9 36 
 8 36 
 7 35 
 6 34 
 5 33 
 5 32 
 5 31 
 5 30 
 5 29 
 5 28 
 6 27 
 5 26 
 5 25 
 5 24 
 5 23 
 5 22 
 5 21 
 6 21 
 7 20 
 8 19 
 9 18 
 10 17 
 11 17 
 12 17 
 13 16 
 13 15 
 14 14 
 15 14 
 16 14 
 17 13 
 18 12 
 19 11 
 20 10 
 21 9 
 22 8 
 23 7 
 24 6 
 25 5 
 25 4