 
 6 4 
 7 4 
 8 3 
 9 4 
 10 4 
 11 3 
 12 4 
 13 3 
 14 4 
 15 3 
 16 4 
 17 3 
 18 4 
 19 3 
 20 4 
 21 4 
 22 4 
 23 5 
 24 5 
 25 5 
 26 6 
 27 6 
 28 7 
 29 7 
 29 8 
 30 9 
 31 9 
 32 10 
 33 11 
 34 12 
 35 13 
 36 13 
 37 14 
 38 15 
 39 16 
 39 17 
 40 18 
 41 18 
 41 19 
 42 20 
 42 21 
 43 22 
 43 23 
 43 24 
 43 25 
 43 26 
 43 27 
 44 28 
 45 28 
 46 28 
 47 28 
 48 28 
 49 28 
 50 28 
 51 28 
 52 28 
 53 28 
 54 28 
 55 28 
 56 28 
 57 29 
 58 28 
 59 29 
 60 29 
 61 29 
 62 29 
 63 29 
 64 29 
 65 29 
 66 29 
 67 29 
 68 30 
 69 29 
 70 30 
 71 30 
 72 30 
 73 30 
 74 30 
 75 31 
 76 31 
 77 32 
 78 32 
 79 32 
 80 32 
 81 32 
 82 32 
 83 33 
 84 32 
 85 33 
 86 32 
 87 33 
 88 33 
 89 33 
 90 33 
 91 33 
 92 33 
 93 33 
 94 33 
 95 33 
 96 33 
 97 33 
 98 32 
 99 32 
 100 32 
 101 32 
 102 32 
 103 32 
 104 32 
 105 32 
 106 32 
 107 32 
 108 32 
 109 32 
 110 32 
 110 33 
 111 34 
 110 35 
 110 36 
 109 37 
 108 37 
 107 36 
 106 35 
 105 34 
 104 35 
 103 35 
 102 35 
 101 35 
 100 35 
 99 36 
 98 35 
 97 36 
 96 36 
 95 36 
 94 36 
 93 36 
 92 36 
 91 36 
 90 36 
 89 36 
 88 36 
 87 36 
 86 36 
 85 36 
 84 35 
 83 36 
 82 35 
 81 35 
 80 35 
 79 35 
 78 34 
 77 35 
 76 34 
 75 34 
 74 34 
 73 34 
 72 33 
 71 34 
 70 33 
 69 33 
 68 33 
 67 33 
 66 32 
 65 32 
 64 32 
 63 32 
 62 32 
 61 32 
 60 32 
 59 32 
 58 32 
 57 32 
 56 31 
 55 32 
 54 31 
 53 31 
 52 31 
 51 31 
 50 31 
 49 31 
 48 31 
 47 31 
 46 31 
 45 32 
 44 31 
 43 32 
 43 33 
 43 34 
 42 35 
 42 36 
 42 37 
 41 38 
 41 39 
 40 40 
 39 41 
 38 42 
 38 43 
 37 44 
 36 45 
 35 45 
 34 46 
 33 47 
 32 48 
 31 48 
 30 49 
 29 49 
 28 50 
 27 50 
 26 51 
 25 51 
 24 51 
 23 51 
 22 52 
 21 52 
 20 52 
 19 52 
 18 52 
 17 53 
 16 52 
 15 53 
 14 53 
 13 52 
 12 53 
 11 52 
 10 53 
 9 53 
 8 52 
 7 52 
 6 52 
 5 51 
 5 50 
 6 49 
 7 49 
 8 49 
 9 49 
 10 49 
 11 49 
 12 49 
 13 49 
 14 49 
 15 49 
 16 49 
 17 49 
 18 49 
 19 49 
 20 48 
 21 49 
 22 48 
 23 48 
 24 48 
 25 47 
 26 47 
 27 47 
 28 46 
 29 46 
 30 45 
 31 44 
 32 44 
 33 43 
 33 42 
 34 42 
 35 41 
 36 40 
 36 39 
 37 39 
 38 38 
 38 37 
 39 36 
 38 35 
 37 35 
 36 36 
 35 36 
 34 37 
 33 37 
 32 37 
 31 37 
 30 38 
 29 38 
 28 38 
 27 38 
 26 39 
 25 39 
 24 39 
 23 38 
 22 39 
 21 39 
 20 39 
 19 39 
 18 40 
 17 40 
 16 39 
 15 40 
 14 40 
 13 40 
 12 39 
 11 40 
 10 40 
 9 39 
 8 40 
 7 39 
 6 39 
 6 38 
 6 37 
 7 37 
 8 36 
 9 37 
 10 36 
 11 37 
 12 36 
 13 37 
 14 36 
 15 37 
 16 36 
 17 36 
 18 36 
 19 36 
 20 36 
 21 36 
 22 35 
 23 36 
 24 35 
 25 35 
 26 35 
 27 34 
 28 35 
 29 34 
 30 34 
 31 34 
 32 34 
 33 34 
 34 33 
 35 33 
 36 32 
 37 33 
 38 32 
 37 31 
 38 30 
 37 29 
 36 28 
 35 28 
 34 27 
 33 27 
 32 26 
 31 27 
 30 26 
 29 26 
 28 26 
 27 26 
 26 25 
 25 25 
 24 25 
 23 25 
 22 24 
 21 24 
 20 24 
 19 24 
 18 24 
 17 23 
 16 23 
 15 23 
 14 23 
 13 23 
 12 23 
 11 23 
 10 23 
 9 23 
 8 23 
 7 23 
 6 22 
 6 21 
 7 20 
 8 20 
 9 20 
 10 20 
 11 20 
 12 20 
 13 20 
 14 20 
 15 20 
 16 20 
 17 20 
 18 20 
 19 21 
 20 20 
 21 21 
 22 21 
 23 22 
 24 22 
 25 22 
 26 22 
 27 22 
 28 23 
 29 22 
 30 23 
 31 23 
 32 23 
 33 23 
 34 23 
 35 24 
 36 24 
 37 25 
 38 25 
 39 26 
 40 25 
 40 24 
 39 23 
 39 22 
 39 21 
 38 20 
 37 19 
 36 18 
 35 17 
 34 16 
 33 15 
 32 14 
 31 13 
 30 12 
 29 12 
 29 11 
 28 10 
 27 10 
 26 9 
 25 9 
 24 8 
 23 8 
 22 8 
 21 7 
 20 8 
 19 7 
 18 7 
 17 7 
 16 7 
 15 7 
 14 7 
 13 7 
 12 7 
 11 7 
 10 7 
 9 7 
 8 7 
 7 7 
 6 7 
 5 8 
 4 7 
 3 6 
 4 5 
 4 4 
 5 3