 
 49 4 
 50 5 
 51 4 
 52 5 
 53 4 
 54 5 
 55 4 
 56 5 
 57 4 
 58 5 
 59 4 
 60 5 
 61 4 
 62 5 
 63 4 
 64 5 
 65 4 
 66 5 
 67 4 
 68 5 
 69 4 
 70 5 
 71 4 
 72 5 
 73 5 
 74 4 
 75 5 
 76 4 
 77 5 
 78 4 
 79 5 
 80 5 
 81 5 
 82 4 
 83 5 
 84 5 
 85 5 
 86 5 
 87 5 
 88 5 
 89 5 
 90 5 
 91 5 
 92 5 
 93 5 
 94 6 
 95 5 
 96 6 
 97 6 
 98 7 
 99 8 
 99 9 
 99 10 
 100 11 
 99 12 
 100 13 
 99 14 
 99 15 
 99 16 
 99 17 
 100 18 
 100 19 
 101 20 
 102 21 
 103 22 
 104 22 
 105 23 
 106 24 
 107 23 
 108 23 
 109 22 
 110 21 
 111 21 
 112 22 
 113 22 
 113 23 
 114 24 
 114 25 
 114 26 
 114 27 
 115 28 
 115 29 
 115 30 
 115 31 
 115 32 
 115 33 
 115 34 
 116 35 
 115 36 
 115 37 
 114 37 
 113 37 
 112 37 
 111 37 
 110 38 
 110 39 
 109 40 
 108 41 
 108 42 
 107 43 
 106 44 
 105 44 
 104 45 
 103 44 
 102 45 
 101 44 
 100 44 
 99 44 
 98 43 
 97 43 
 96 43 
 95 42 
 95 41 
 94 40 
 93 39 
 92 40 
 91 40 
 90 41 
 89 41 
 88 41 
 87 41 
 86 41 
 85 41 
 84 40 
 83 40 
 82 40 
 82 39 
 81 38 
 80 38 
 79 39 
 78 38 
 77 38 
 76 38 
 75 39 
 74 38 
 73 38 
 72 38 
 71 38 
 70 39 
 69 38 
 68 38 
 67 38 
 66 39 
 65 38 
 64 38 
 63 38 
 62 39 
 61 38 
 60 38 
 59 38 
 58 39 
 57 38 
 56 38 
 55 38 
 54 39 
 53 38 
 52 38 
 51 38 
 50 39 
 49 38 
 48 38 
 47 38 
 46 38 
 45 39 
 44 38 
 43 38 
 42 38 
 41 39 
 40 38 
 39 38 
 38 38 
 37 39 
 36 38 
 35 38 
 34 39 
 34 40 
 33 41 
 33 42 
 32 43 
 31 44 
 30 45 
 29 45 
 28 45 
 27 46 
 26 45 
 25 45 
 24 45 
 23 45 
 22 45 
 21 45 
 20 44 
 19 43 
 18 43 
 17 42 
 16 42 
 15 42 
 14 42 
 13 41 
 12 41 
 11 41 
 11 40 
 10 39 
 9 39 
 9 38 
 8 37 
 7 37 
 6 37 
 5 37 
 5 36 
 5 35 
 4 34 
 5 33 
 6 32 
 7 32 
 8 31 
 8 30 
 8 29 
 8 28 
 9 27 
 9 26 
 9 25 
 10 25 
 11 25 
 12 24 
 13 23 
 13 22 
 14 21 
 15 21 
 16 20 
 17 19 
 18 19 
 19 18 
 19 17 
 20 16 
 21 15 
 22 16 
 23 15 
 24 16 
 25 16 
 26 16 
 27 16 
 28 16 
 29 16 
 30 16 
 31 16 
 32 16 
 33 16 
 34 16 
 35 16 
 36 16 
 37 16 
 38 16 
 39 16 
 40 16 
 41 16 
 42 16 
 43 16 
 44 16 
 45 16 
 46 15 
 47 14 
 47 13 
 47 12 
 47 11 
 47 10 
 47 9 
 47 8 
 47 7 
 47 6 
 47 5 
 48 4