 
 22 4 
 23 4 
 24 4 
 25 4 
 26 4 
 27 4 
 28 4 
 29 5 
 30 5 
 31 6 
 32 6 
 33 6 
 34 6 
 35 6 
 36 7 
 37 7 
 38 8 
 39 9 
 40 9 
 40 10 
 41 11 
 42 11 
 43 12 
 44 12 
 45 13 
 46 13 
 47 14 
 48 14 
 48 15 
 49 16 
 50 17 
 51 18 
 52 19 
 53 20 
 54 21 
 54 22 
 55 23 
 56 24 
 57 25 
 58 24 
 58 23 
 59 22 
 60 21 
 60 20 
 61 19 
 62 18 
 62 17 
 63 16 
 64 16 
 65 15 
 65 14 
 66 14 
 67 13 
 68 13 
 69 12 
 70 12 
 71 11 
 72 11 
 73 10 
 74 10 
 75 9 
 75 8 
 76 8 
 77 8 
 78 8 
 79 7 
 80 7 
 81 6 
 82 6 
 83 6 
 84 6 
 85 6 
 86 7 
 87 8 
 88 8 
 89 8 
 90 8 
 91 8 
 92 9 
 93 9 
 94 9 
 95 10 
 96 11 
 97 11 
 98 12 
 99 13 
 100 13 
 100 14 
 101 15 
 102 16 
 103 17 
 104 17 
 104 18 
 105 19 
 106 20 
 105 21 
 106 22 
 107 22 
 107 23 
 107 24 
 107 25 
 107 26 
 108 27 
 108 28 
 108 29 
 109 30 
 108 31 
 108 32 
 109 33 
 109 34 
 109 35 
 109 36 
 108 37 
 108 38 
 108 39 
 108 40 
 107 41 
 107 42 
 107 43 
 107 44 
 107 45 
 106 46 
 105 47 
 105 48 
 105 49 
 105 50 
 104 51 
 104 52 
 103 53 
 103 54 
 102 55 
 101 56 
 100 57 
 100 58 
 99 58 
 98 59 
 97 60 
 96 61 
 95 62 
 94 63 
 94 64 
 93 64 
 92 65 
 91 66 
 90 67 
 89 68 
 88 68 
 87 69 
 86 69 
 85 70 
 84 70 
 83 70 
 82 70 
 81 71 
 80 71 
 79 72 
 78 72 
 77 72 
 76 72 
 75 73 
 74 73 
 73 74 
 72 74 
 71 74 
 70 75 
 69 75 
 68 76 
 67 76 
 66 77 
 65 77 
 64 78 
 63 78 
 62 79 
 61 80 
 60 80 
 59 79 
 58 78 
 57 77 
 56 77 
 55 76 
 54 75 
 53 74 
 52 73 
 51 73 
 50 73 
 49 72 
 48 71 
 47 70 
 46 70 
 45 70 
 44 69 
 43 68 
 42 68 
 41 68 
 40 68 
 39 67 
 38 66 
 37 67 
 36 66 
 35 65 
 34 64 
 33 65 
 32 64 
 31 63 
 30 63 
 29 62 
 28 62 
 27 61 
 26 61 
 25 60 
 24 60 
 23 60 
 22 59 
 21 58 
 20 57 
 19 56 
 18 56 
 17 55 
 16 54 
 15 53 
 14 52 
 13 52 
 12 51 
 12 50 
 11 49 
 10 48 
 10 47 
 9 46 
 8 45 
 8 44 
 8 43 
 7 42 
 6 41 
 7 40 
 6 39 
 5 38 
 6 37 
 6 36 
 5 35 
 4 34 
 4 33 
 4 32 
 4 31 
 4 30 
 4 29 
 4 28 
 4 27 
 4 26 
 5 25 
 6 24 
 5 23 
 5 22 
 6 21 
 6 20 
 6 19 
 6 18 
 7 17 
 7 16 
 8 15 
 8 14 
 9 13 
 9 12 
 10 11 
 11 10 
 12 9 
 13 8 
 14 7 
 15 6 
 16 6 
 17 6 
 18 5 
 19 5 
 20 5 
 21 4