 
 54 5 
 55 5 
 56 5 
 57 6 
 57 7 
 57 8 
 57 9 
 57 10 
 57 11 
 57 12 
 57 13 
 57 14 
 57 15 
 57 16 
 56 17 
 57 18 
 58 18 
 59 18 
 60 18 
 61 18 
 62 18 
 63 19 
 64 18 
 65 18 
 66 19 
 67 18 
 68 18 
 69 19 
 69 20 
 68 21 
 67 20 
 66 20 
 65 21 
 65 22 
 64 22 
 63 22 
 62 22 
 61 23 
 60 23 
 59 23 
 58 24 
 57 25 
 57 26 
 57 27 
 57 28 
 57 29 
 57 30 
 57 31 
 57 32 
 57 33 
 57 34 
 57 35 
 57 36 
 57 37 
 57 38 
 58 39 
 59 39 
 60 39 
 61 39 
 62 40 
 63 39 
 64 40 
 65 40 
 66 40 
 67 40 
 68 41 
 69 40 
 70 40 
 71 41 
 72 41 
 73 42 
 74 42 
 75 42 
 76 42 
 77 42 
 78 42 
 79 42 
 80 42 
 81 42 
 82 42 
 83 43 
 84 43 
 85 43 
 86 44 
 86 45 
 86 46 
 86 47 
 86 48 
 86 49 
 86 50 
 86 51 
 87 52 
 88 53 
 89 52 
 90 52 
 91 53 
 92 53 
 93 54 
 94 54 
 95 55 
 96 55 
 97 55 
 98 56 
 99 57 
 100 58 
 101 58 
 102 59 
 103 60 
 104 61 
 103 62 
 104 63 
 104 64 
 103 64 
 102 65 
 103 66 
 102 67 
 101 68 
 101 69 
 100 70 
 99 70 
 98 71 
 98 72 
 97 72 
 96 72 
 95 72 
 94 72 
 93 73 
 92 73 
 91 74 
 90 74 
 89 74 
 88 74 
 87 74 
 86 74 
 85 74 
 84 75 
 84 76 
 83 76 
 82 76 
 81 77 
 80 77 
 79 77 
 78 78 
 77 78 
 76 79 
 75 79 
 74 78 
 73 78 
 72 79 
 72 80 
 71 80 
 70 80 
 69 80 
 68 80 
 67 80 
 66 80 
 65 80 
 64 80 
 63 80 
 62 80 
 61 80 
 60 80 
 59 80 
 58 80 
 57 80 
 56 80 
 55 80 
 54 80 
 53 80 
 52 80 
 51 80 
 50 80 
 49 80 
 48 80 
 47 80 
 46 80 
 45 79 
 44 80 
 43 80 
 42 80 
 41 80 
 41 79 
 40 78 
 39 79 
 38 78 
 37 78 
 36 78 
 35 79 
 34 78 
 33 78 
 32 78 
 31 78 
 30 77 
 29 77 
 28 77 
 27 77 
 26 76 
 25 76 
 24 76 
 23 76 
 22 76 
 21 75 
 20 76 
 19 76 
 18 75 
 17 74 
 16 74 
 15 74 
 14 74 
 13 73 
 12 72 
 12 71 
 11 70 
 10 71 
 9 70 
 8 69 
 7 69 
 6 68 
 5 67 
 5 66 
 5 65 
 5 64 
 5 63 
 5 62 
 6 62 
 7 61 
 7 60 
 7 59 
 7 58 
 8 57 
 9 56 
 10 55 
 11 54 
 12 54 
 13 53 
 14 53 
 15 52 
 16 53 
 17 52 
 18 52 
 19 51 
 20 50 
 21 50 
 22 50 
 23 49 
 23 48 
 23 47 
 23 46 
 23 45 
 23 44 
 24 43 
 25 43 
 26 43 
 27 42 
 28 42 
 29 42 
 30 42 
 31 41 
 31 40 
 32 41 
 33 40 
 34 40 
 35 40 
 36 39 
 37 39 
 38 39 
 39 39 
 40 39 
 41 39 
 42 39 
 43 39 
 44 39 
 45 38 
 46 39 
 47 39 
 48 38 
 49 38 
 50 37 
 50 36 
 50 35 
 50 34 
 50 33 
 51 32 
 51 31 
 51 30 
 51 29 
 51 28 
 51 27 
 51 26 
 51 25 
 51 24 
 51 23 
 51 22 
 50 21 
 49 22 
 48 21 
 47 22 
 46 22 
 45 21 
 44 20 
 43 20 
 42 20 
 41 20 
 41 19 
 40 18 
 41 17 
 42 17 
 43 16 
 44 16 
 45 16 
 46 16 
 47 15 
 48 15 
 49 15 
 50 15 
 51 15 
 52 15 
 53 14 
 54 13 
 53 12 
 52 11 
 52 10 
 52 9 
 52 8 
 53 7 
 52 6 
 53 5