 
 71 4 
 72 4 
 73 5 
 74 5 
 75 5 
 76 5 
 77 5 
 78 5 
 79 5 
 80 6 
 81 6 
 82 6 
 83 6 
 84 7 
 85 8 
 86 7 
 87 8 
 88 8 
 89 9 
 90 9 
 91 10 
 92 10 
 92 11 
 93 12 
 94 13 
 95 13 
 95 14 
 96 15 
 97 16 
 98 15 
 99 16 
 100 16 
 101 16 
 102 16 
 103 16 
 103 17 
 104 18 
 103 19 
 103 20 
 104 21 
 105 21 
 106 21 
 107 20 
 108 20 
 109 20 
 110 20 
 110 21 
 109 22 
 108 23 
 108 24 
 107 25 
 106 26 
 105 27 
 106 28 
 107 29 
 106 30 
 106 31 
 106 32 
 105 33 
 104 34 
 103 35 
 103 36 
 102 37 
 101 38 
 101 39 
 102 40 
 103 41 
 104 42 
 105 43 
 106 44 
 106 45 
 106 46 
 106 47 
 105 48 
 105 49 
 104 50 
 103 51 
 102 52 
 101 53 
 100 53 
 99 54 
 98 55 
 97 56 
 97 57 
 96 57 
 96 56 
 95 55 
 94 55 
 93 56 
 93 57 
 92 58 
 91 58 
 91 57 
 90 56 
 90 55 
 91 54 
 91 53 
 91 52 
 92 51 
 93 50 
 93 49 
 93 48 
 93 47 
 92 46 
 91 47 
 90 48 
 89 48 
 88 49 
 87 50 
 86 50 
 85 51 
 84 52 
 83 52 
 82 53 
 81 54 
 80 55 
 79 56 
 78 57 
 77 58 
 76 59 
 75 60 
 74 61 
 73 62 
 72 63 
 72 64 
 71 64 
 70 65 
 70 66 
 69 66 
 68 67 
 67 68 
 67 69 
 66 69 
 65 69 
 64 70 
 63 70 
 62 71 
 61 72 
 60 72 
 59 72 
 58 73 
 57 73 
 56 73 
 55 74 
 55 75 
 55 76 
 56 77 
 57 78 
 58 78 
 59 79 
 60 80 
 61 81 
 61 82 
 62 83 
 61 84 
 62 85 
 61 86 
 61 87 
 60 87 
 59 88 
 59 89 
 58 89 
 57 90 
 57 91 
 56 91 
 55 92 
 54 93 
 53 92 
 52 93 
 51 93 
 50 92 
 49 91 
 50 90 
 49 89 
 50 88 
 50 87 
 50 86 
 49 85 
 48 84 
 48 83 
 47 82 
 46 82 
 45 81 
 44 80 
 44 79 
 43 78 
 42 77 
 41 76 
 40 77 
 39 77 
 38 78 
 37 78 
 36 78 
 35 78 
 34 77 
 33 78 
 33 79 
 33 80 
 32 80 
 31 81 
 31 82 
 30 83 
 29 84 
 29 85 
 28 85 
 27 85 
 26 86 
 25 87 
 25 88 
 24 88 
 23 89 
 22 90 
 21 91 
 20 92 
 19 93 
 18 93 
 17 94 
 16 94 
 15 95 
 15 96 
 14 95 
 13 95 
 12 95 
 11 95 
 10 95 
 9 95 
 9 94 
 8 93 
 7 93 
 7 92 
 6 91 
 5 90 
 4 89 
 4 88 
 4 87 
 4 86 
 4 85 
 4 84 
 4 83 
 5 82 
 5 81 
 6 80 
 6 79 
 7 78 
 8 77 
 9 76 
 8 75 
 8 74 
 9 73 
 10 72 
 10 71 
 11 71 
 12 70 
 12 69 
 13 68 
 14 68 
 15 67 
 16 66 
 17 66 
 18 65 
 18 64 
 19 64 
 20 63 
 20 62 
 19 61 
 19 60 
 20 59 
 20 58 
 20 57 
 21 56 
 21 55 
 21 54 
 22 53 
 22 52 
 22 51 
 22 50 
 23 49 
 23 48 
 23 47 
 23 46 
 23 45 
 23 44 
 24 43 
 23 42 
 24 41 
 24 40 
 24 39 
 25 38 
 25 37 
 25 36 
 26 35 
 25 34 
 26 33 
 26 32 
 27 31 
 27 30 
 28 29 
 28 28 
 29 28 
 30 27 
 30 26 
 31 25 
 32 24 
 32 23 
 33 23 
 34 22 
 35 21 
 35 20 
 36 20 
 37 19 
 38 18 
 39 17 
 40 16 
 41 15 
 42 14 
 43 14 
 44 13 
 44 12 
 45 12 
 46 11 
 47 10 
 48 9 
 49 9 
 50 9 
 51 8 
 52 8 
 53 7 
 54 7 
 55 6 
 56 7 
 57 6 
 58 5 
 59 6 
 60 6 
 61 5 
 62 6 
 63 5 
 64 5 
 65 5 
 66 5 
 67 5 
 68 4 
 69 4 
 70 3