 
 17 5 
 18 5 
 19 5 
 20 5 
 21 5 
 22 5 
 23 5 
 24 5 
 25 5 
 26 6 
 27 5 
 28 6 
 29 6 
 30 6 
 31 6 
 32 5 
 33 5 
 34 5 
 35 5 
 36 5 
 37 5 
 38 5 
 39 5 
 39 6 
 40 7 
 40 8 
 41 9 
 41 10 
 40 11 
 40 12 
 40 13 
 40 14 
 40 15 
 41 16 
 40 17 
 41 18 
 42 19 
 43 20 
 44 20 
 45 20 
 46 20 
 47 20 
 48 20 
 49 20 
 50 20 
 51 20 
 52 21 
 52 22 
 52 23 
 53 24 
 54 24 
 55 24 
 56 24 
 57 24 
 58 24 
 59 24 
 60 24 
 61 24 
 62 24 
 63 24 
 64 24 
 65 24 
 66 24 
 67 24 
 68 24 
 69 24 
 70 24 
 71 24 
 72 24 
 73 24 
 74 23 
 75 23 
 76 24 
 77 23 
 78 23 
 79 24 
 80 24 
 81 24 
 82 24 
 83 24 
 84 24 
 85 24 
 86 24 
 87 24 
 88 24 
 89 24 
 90 23 
 91 23 
 92 24 
 93 23 
 94 23 
 95 24 
 96 24 
 97 24 
 98 24 
 99 24 
 100 24 
 101 24 
 102 24 
 103 24 
 104 24 
 105 24 
 106 24 
 107 24 
 108 24 
 109 25 
 110 26 
 111 26 
 111 27 
 111 28 
 111 29 
 111 30 
 111 31 
 111 32 
 110 33 
 111 34 
 111 35 
 111 36 
 110 36 
 109 36 
 108 37 
 108 38 
 107 37 
 106 37 
 105 38 
 104 38 
 103 37 
 102 37 
 101 38 
 100 37 
 99 36 
 98 37 
 98 38 
 97 37 
 96 38 
 95 38 
 94 37 
 93 37 
 92 38 
 91 38 
 90 37 
 89 37 
 88 38 
 87 38 
 86 37 
 85 37 
 84 38 
 83 38 
 82 37 
 81 37 
 80 38 
 79 37 
 78 37 
 77 38 
 76 38 
 75 38 
 74 37 
 73 38 
 72 38 
 71 37 
 70 38 
 69 37 
 68 38 
 67 38 
 66 37 
 65 37 
 64 38 
 63 37 
 62 38 
 61 38 
 60 37 
 59 37 
 58 38 
 57 37 
 56 37 
 55 38 
 54 38 
 53 39 
 52 40 
 51 41 
 50 40 
 49 41 
 49 42 
 48 41 
 47 41 
 46 42 
 45 42 
 44 43 
 43 42 
 42 42 
 41 43 
 41 44 
 40 45 
 40 46 
 40 47 
 40 48 
 39 49 
 40 50 
 40 51 
 39 52 
 39 53 
 39 54 
 38 54 
 37 55 
 36 55 
 35 55 
 34 55 
 33 55 
 32 55 
 31 55 
 30 55 
 29 55 
 28 55 
 27 55 
 26 55 
 25 55 
 24 55 
 23 55 
 22 55 
 21 55 
 20 55 
 19 55 
 18 55 
 17 55 
 16 55 
 15 55 
 14 54 
 13 55 
 12 55 
 11 54 
 10 55 
 9 55 
 8 54 
 7 53 
 6 53 
 5 52 
 6 51 
 6 50 
 5 49 
 6 48 
 5 47 
 6 46 
 6 45 
 7 44 
 6 43 
 5 43 
 5 42 
 5 41 
 5 40 
 5 39 
 6 38 
 6 37 
 5 36 
 5 35 
 5 34 
 5 33 
 6 32 
 7 31 
 6 30 
 6 29 
 5 28 
 6 27 
 6 26 
 5 25 
 5 24 
 5 23 
 5 22 
 5 21 
 5 20 
 5 19 
 5 18 
 5 17 
 5 16 
 5 15 
 5 14 
 5 13 
 5 12 
 5 11 
 5 10 
 6 10 
 7 9 
 7 8 
 8 7 
 8 6 
 9 7 
 10 6 
 11 6 
 12 7 
 13 6 
 14 6 
 15 6 
 16 5