 
 74 2 
 75 2 
 76 3 
 76 4 
 77 5 
 77 6 
 78 7 
 78 8 
 79 9 
 79 10 
 80 11 
 80 12 
 81 13 
 82 14 
 82 15 
 83 16 
 84 17 
 85 18 
 86 19 
 86 20 
 87 21 
 88 22 
 89 23 
 89 24 
 90 25 
 91 25 
 91 26 
 92 27 
 93 28 
 94 29 
 95 30 
 95 31 
 96 32 
 97 33 
 98 33 
 99 34 
 100 35 
 101 36 
 102 37 
 103 38 
 104 39 
 105 39 
 106 40 
 107 41 
 107 42 
 108 43 
 109 43 
 110 44 
 111 44 
 112 45 
 113 46 
 114 47 
 115 48 
 116 48 
 116 49 
 117 50 
 118 50 
 119 51 
 119 52 
 120 53 
 121 53 
 122 54 
 122 55 
 123 56 
 124 57 
 125 58 
 126 59 
 126 60 
 125 61 
 125 62 
 125 63 
 126 64 
 125 65 
 125 66 
 124 67 
 124 68 
 123 69 
 123 70 
 122 70 
 121 71 
 121 72 
 120 73 
 119 74 
 118 75 
 117 75 
 116 76 
 115 77 
 115 78 
 114 78 
 113 79 
 112 79 
 111 80 
 110 81 
 109 82 
 108 82 
 107 83 
 106 84 
 105 84 
 104 85 
 103 85 
 102 86 
 101 87 
 100 87 
 99 88 
 98 88 
 97 89 
 96 89 
 95 90 
 94 91 
 93 92 
 92 92 
 91 92 
 90 93 
 89 93 
 88 93 
 87 94 
 86 93 
 85 94 
 84 94 
 83 95 
 83 96 
 83 97 
 83 98 
 84 99 
 84 100 
 83 101 
 84 102 
 84 103 
 83 104 
 82 104 
 81 104 
 80 104 
 79 105 
 78 105 
 77 106 
 77 107 
 76 108 
 77 109 
 76 110 
 76 111 
 76 112 
 77 113 
 77 114 
 77 115 
 77 116 
 76 117 
 76 118 
 75 119 
 76 120 
 76 121 
 76 122 
 76 123 
 75 124 
 75 125 
 75 126 
 75 127 
 75 128 
 75 129 
 74 130 
 73 131 
 73 132 
 73 133 
 72 134 
 71 135 
 70 136 
 70 137 
 69 137 
 68 138 
 67 139 
 66 140 
 65 141 
 64 141 
 63 142 
 62 142 
 61 142 
 60 142 
 59 142 
 58 143 
 57 143 
 56 143 
 55 143 
 54 143 
 53 142 
 52 142 
 51 142 
 50 142 
 49 142 
 48 141 
 47 141 
 46 141 
 45 140 
 44 139 
 43 139 
 42 138 
 41 138 
 41 137 
 40 136 
 39 135 
 38 134 
 39 133 
 40 133 
 41 133 
 42 134 
 43 134 
 44 133 
 45 134 
 46 134 
 46 135 
 46 136 
 47 137 
 48 137 
 49 138 
 50 139 
 51 138 
 51 137 
 51 136 
 52 136 
 53 136 
 54 136 
 55 137 
 56 137 
 57 138 
 58 138 
 59 139 
 60 138 
 61 138 
 62 137 
 63 136 
 64 136 
 65 135 
 65 134 
 66 134 
 67 133 
 66 132 
 67 131 
 68 130 
 68 129 
 68 128 
 69 127 
 69 126 
 69 125 
 70 124 
 69 123 
 69 122 
 70 121 
 70 120 
 69 119 
 70 118 
 69 117 
 70 116 
 70 115 
 69 114 
 70 113 
 70 112 
 69 111 
 69 110 
 69 109 
 68 108 
 67 108 
 67 107 
 66 106 
 65 105 
 65 104 
 64 103 
 64 102 
 63 101 
 62 102 
 61 102 
 60 102 
 61 101 
 61 100 
 61 99 
 61 98 
 61 97 
 62 96 
 61 95 
 62 94 
 61 93 
 60 93 
 59 93 
 58 94 
 57 93 
 56 93 
 55 93 
 54 92 
 53 92 
 52 92 
 51 91 
 50 90 
 49 90 
 48 89 
 47 88 
 46 88 
 46 87 
 45 86 
 44 86 
 44 85 
 43 84 
 42 84 
 41 83 
 40 82 
 39 82 
 38 81 
 37 80 
 36 79 
 35 78 
 34 77 
 33 76 
 32 75 
 31 74 
 30 73 
 29 73 
 29 72 
 28 71 
 27 71 
 26 70 
 25 69 
 24 68 
 23 67 
 23 66 
 22 65 
 22 64 
 21 63 
 21 62 
 20 61 
 20 60 
 20 59 
 20 58 
 19 57 
 19 56 
 19 55 
 19 54 
 20 53 
 21 52 
 22 51 
 23 50 
 24 49 
 25 48 
 26 47 
 27 47 
 28 46 
 29 45 
 30 45 
 31 44 
 32 44 
 33 43 
 34 42 
 35 41 
 36 41 
 37 40 
 38 40 
 39 39 
 40 39 
 41 38 
 42 37 
 43 37 
 44 36 
 45 36 
 46 35 
 47 34 
 48 33 
 49 32 
 50 32 
 51 31 
 51 30 
 52 29 
 53 29 
 54 28 
 55 27 
 55 26 
 56 25 
 57 24 
 58 23 
 59 22 
 60 21 
 60 20 
 61 19 
 62 18 
 62 17 
 63 17 
 64 16 
 65 15 
 65 14 
 66 13 
 67 12 
 68 11 
 68 10 
 69 9 
 70 8 
 70 7 
 71 6 
 72 5 
 72 4 
 72 3 
 73 2