 
 20 6 
 21 7 
 22 6 
 23 6 
 24 7 
 25 6 
 26 6 
 27 6 
 28 7 
 29 7 
 30 8 
 31 9 
 32 10 
 33 11 
 33 12 
 34 13 
 34 14 
 35 15 
 36 15 
 35 16 
 35 17 
 36 18 
 36 19 
 36 20 
 36 21 
 36 22 
 36 23 
 36 24 
 36 25 
 36 26 
 37 27 
 37 28 
 37 29 
 37 30 
 37 31 
 37 32 
 37 33 
 37 34 
 37 35 
 37 36 
 37 37 
 37 38 
 38 39 
 37 40 
 38 41 
 37 42 
 38 43 
 38 44 
 39 45 
 39 46 
 40 47 
 41 47 
 41 48 
 42 49 
 43 49 
 44 50 
 45 50 
 46 51 
 47 52 
 48 52 
 49 53 
 50 53 
 51 54 
 52 55 
 53 55 
 54 56 
 55 56 
 56 57 
 57 57 
 58 58 
 59 58 
 60 59 
 61 60 
 62 60 
 63 60 
 64 61 
 65 62 
 66 61 
 67 62 
 68 62 
 69 63 
 70 63 
 71 64 
 72 64 
 73 64 
 74 65 
 75 65 
 76 65 
 77 66 
 78 66 
 79 67 
 80 67 
 81 68 
 82 68 
 83 68 
 84 69 
 85 69 
 86 69 
 87 70 
 88 70 
 89 70 
 90 70 
 91 71 
 92 71 
 93 71 
 94 72 
 95 72 
 96 73 
 97 72 
 98 73 
 99 73 
 100 74 
 101 74 
 102 74 
 103 75 
 104 75 
 105 76 
 106 76 
 107 77 
 108 77 
 109 78 
 110 79 
 111 79 
 112 79 
 113 80 
 114 80 
 114 81 
 114 82 
 114 83 
 114 84 
 114 85 
 114 86 
 113 87 
 113 88 
 113 89 
 112 90 
 111 91 
 110 92 
 109 91 
 108 91 
 107 91 
 106 91 
 105 91 
 104 91 
 103 91 
 102 91 
 101 91 
 100 91 
 99 91 
 98 91 
 97 91 
 96 91 
 95 91 
 94 91 
 93 91 
 92 91 
 91 91 
 90 91 
 89 91 
 88 91 
 87 92 
 86 92 
 85 92 
 84 92 
 83 92 
 82 92 
 81 92 
 80 92 
 79 92 
 78 93 
 77 92 
 76 93 
 75 92 
 74 93 
 73 92 
 72 93 
 71 92 
 70 93 
 69 92 
 68 93 
 67 92 
 66 93 
 65 92 
 64 93 
 63 92 
 62 92 
 61 92 
 60 92 
 59 91 
 58 91 
 57 91 
 56 92 
 55 93 
 55 94 
 56 95 
 57 96 
 56 97 
 55 98 
 54 99 
 53 100 
 53 101 
 52 102 
 52 103 
 52 104 
 51 105 
 51 106 
 50 106 
 49 107 
 50 108 
 51 109 
 52 109 
 52 110 
 53 111 
 54 111 
 54 112 
 55 113 
 55 114 
 54 115 
 53 115 
 52 116 
 51 115 
 50 115 
 49 114 
 48 113 
 47 113 
 46 114 
 45 115 
 44 115 
 44 114 
 44 113 
 45 112 
 45 111 
 45 110 
 45 109 
 45 108 
 46 107 
 47 106 
 47 105 
 47 104 
 47 103 
 46 102 
 45 103 
 45 104 
 44 105 
 43 105 
 42 106 
 42 107 
 42 108 
 42 109 
 42 110 
 42 111 
 41 112 
 41 113 
 41 114 
 41 115 
 41 116 
 40 116 
 39 115 
 38 114 
 37 115 
 36 115 
 35 115 
 34 115 
 33 115 
 32 116 
 31 115 
 30 115 
 29 114 
 29 113 
 30 113 
 31 113 
 32 112 
 32 111 
 32 110 
 32 109 
 33 109 
 34 109 
 35 109 
 36 108 
 37 108 
 38 107 
 38 106 
 39 105 
 38 104 
 39 103 
 39 102 
 40 102 
 41 101 
 41 100 
 42 99 
 42 98 
 43 97 
 42 96 
 43 95 
 43 94 
 42 93 
 41 92 
 40 91 
 40 90 
 39 89 
 38 88 
 38 87 
 37 86 
 36 86 
 35 85 
 34 85 
 33 84 
 32 84 
 31 84 
 30 83 
 29 83 
 28 82 
 27 81 
 26 80 
 25 81 
 24 80 
 23 79 
 22 78 
 21 78 
 20 78 
 20 77 
 19 76 
 18 76 
 17 76 
 17 75 
 16 74 
 15 74 
 15 73 
 14 72 
 13 71 
 12 70 
 12 69 
 11 68 
 11 67 
 11 66 
 11 65 
 10 64 
 10 63 
 10 62 
 11 61 
 10 60 
 10 59 
 10 58 
 10 57 
 11 56 
 10 55 
 10 54 
 11 53 
 10 52 
 10 51 
 11 50 
 11 49 
 11 48 
 11 47 
 12 47 
 13 46 
 12 45 
 13 44 
 13 43 
 14 42 
 14 41 
 14 40 
 15 39 
 15 38 
 16 37 
 16 36 
 16 35 
 17 34 
 17 33 
 17 32 
 18 31 
 18 30 
 18 29 
 18 28 
 18 27 
 18 26 
 18 25 
 17 24 
 17 23 
 16 22 
 16 21 
 15 20 
 14 20 
 14 19 
 13 18 
 12 18 
 11 17 
 10 17 
 9 17 
 8 16 
 9 15 
 9 14 
 10 14 
 11 14 
 12 13 
 12 12 
 13 11 
 14 10 
 15 10 
 16 9 
 16 8 
 17 8 
 18 7 
 19 6