 
 7 4 
 8 3 
 9 4 
 10 3 
 11 4 
 12 3 
 13 4 
 14 3 
 15 4 
 16 3 
 17 4 
 18 4 
 19 4 
 20 4 
 21 4 
 22 4 
 23 5 
 24 5 
 25 5 
 26 5 
 27 5 
 28 5 
 29 5 
 30 5 
 31 5 
 32 6 
 33 5 
 34 6 
 35 6 
 36 6 
 37 5 
 38 6 
 39 6 
 40 6 
 40 7 
 40 8 
 40 9 
 40 10 
 40 11 
 40 12 
 39 13 
 40 14 
 41 15 
 42 15 
 43 15 
 44 15 
 45 15 
 46 15 
 47 16 
 48 15 
 49 15 
 50 16 
 51 15 
 52 15 
 53 15 
 54 15 
 55 15 
 56 15 
 57 14 
 58 15 
 59 14 
 60 15 
 61 14 
 62 14 
 63 14 
 64 14 
 65 14 
 66 14 
 67 13 
 68 14 
 69 14 
 70 14 
 71 13 
 72 14 
 73 14 
 74 14 
 75 13 
 76 14 
 77 14 
 78 14 
 79 14 
 80 15 
 81 14 
 82 14 
 83 15 
 84 15 
 85 15 
 86 16 
 87 16 
 88 16 
 89 16 
 90 17 
 91 16 
 92 17 
 93 17 
 94 17 
 95 18 
 96 18 
 97 19 
 98 19 
 99 19 
 100 20 
 101 20 
 102 21 
 103 21 
 104 22 
 105 22 
 106 22 
 107 23 
 108 24 
 109 24 
 110 25 
 110 26 
 111 27 
 110 28 
 110 29 
 110 30 
 109 31 
 109 32 
 108 33 
 108 34 
 107 35 
 107 36 
 106 37 
 105 37 
 104 37 
 103 38 
 102 38 
 101 38 
 100 38 
 99 38 
 98 39 
 97 39 
 96 39 
 95 39 
 94 39 
 93 39 
 92 39 
 91 39 
 90 39 
 89 39 
 88 39 
 87 39 
 86 38 
 85 38 
 84 38 
 83 38 
 82 38 
 81 37 
 80 38 
 79 38 
 78 37 
 77 37 
 76 37 
 75 37 
 74 36 
 73 36 
 72 36 
 71 37 
 70 36 
 69 35 
 68 36 
 67 36 
 66 35 
 65 35 
 64 35 
 63 34 
 62 34 
 61 35 
 60 34 
 59 34 
 58 34 
 57 34 
 56 34 
 55 34 
 54 34 
 53 34 
 52 33 
 51 34 
 50 33 
 49 33 
 48 33 
 47 32 
 46 33 
 45 33 
 44 32 
 43 32 
 42 32 
 41 32 
 40 32 
 39 32 
 38 32 
 37 33 
 37 34 
 37 35 
 37 36 
 36 37 
 37 38 
 36 39 
 37 40 
 36 41 
 36 42 
 36 43 
 35 43 
 34 43 
 33 43 
 32 44 
 31 43 
 30 44 
 29 43 
 28 44 
 27 43 
 26 43 
 25 43 
 24 43 
 23 43 
 22 43 
 21 43 
 20 43 
 19 43 
 18 43 
 17 43 
 16 43 
 15 43 
 14 43 
 13 43 
 12 43 
 11 43 
 10 43 
 9 43 
 8 43 
 7 43 
 6 43 
 5 43 
 4 42 
 3 42 
 4 41 
 4 40 
 5 39 
 6 39 
 7 39 
 8 39 
 9 39 
 10 39 
 11 39 
 12 39 
 13 39 
 14 39 
 15 39 
 16 39 
 17 39 
 18 39 
 19 39 
 20 39 
 21 39 
 22 39 
 23 39 
 24 39 
 25 39 
 26 39 
 27 39 
 28 39 
 29 40 
 30 40 
 31 40 
 32 40 
 33 39 
 32 38 
 33 37 
 33 36 
 33 35 
 33 34 
 33 33 
 32 32 
 31 32 
 30 33 
 29 32 
 28 32 
 27 32 
 26 32 
 25 32 
 24 32 
 23 32 
 22 32 
 21 32 
 20 32 
 19 32 
 18 32 
 17 31 
 16 31 
 15 31 
 14 31 
 13 31 
 12 31 
 11 31 
 10 31 
 9 31 
 8 31 
 7 31 
 6 31 
 5 31 
 5 30 
 5 29 
 5 28 
 6 28 
 7 28 
 8 28 
 9 28 
 10 28 
 11 28 
 12 28 
 13 28 
 14 28 
 15 28 
 16 27 
 17 28 
 18 28 
 19 28 
 20 28 
 21 28 
 22 28 
 23 29 
 24 28 
 25 29 
 26 28 
 27 29 
 28 28 
 29 28 
 30 29 
 31 29 
 32 29 
 33 29 
 34 28 
 34 27 
 34 26 
 35 25 
 34 24 
 34 23 
 34 22 
 33 21 
 32 21 
 31 21 
 30 21 
 29 21 
 28 21 
 27 21 
 26 21 
 25 20 
 24 21 
 23 21 
 22 20 
 21 20 
 20 20 
 19 20 
 18 20 
 17 20 
 16 19 
 15 20 
 14 20 
 13 20 
 12 20 
 11 20 
 10 20 
 9 19 
 8 20 
 7 19 
 6 19 
 5 19 
 5 18 
 5 17 
 5 16 
 6 16 
 7 16 
 8 16 
 9 16 
 10 16 
 11 16 
 12 16 
 13 16 
 14 16 
 15 16 
 16 16 
 17 16 
 18 16 
 19 16 
 20 16 
 21 17 
 22 16 
 23 17 
 24 16 
 25 17 
 26 17 
 27 17 
 28 17 
 29 18 
 30 18 
 31 17 
 32 18 
 33 18 
 34 18 
 35 17 
 35 16 
 35 15 
 35 14 
 36 13 
 36 12 
 36 11 
 36 10 
 35 9 
 34 9 
 33 9 
 32 9 
 31 9 
 30 9 
 29 9 
 28 9 
 27 9 
 26 9 
 25 9 
 24 8 
 23 9 
 22 8 
 21 8 
 20 8 
 19 8 
 18 8 
 17 8 
 16 7 
 15 8 
 14 7 
 13 7 
 12 7 
 11 7 
 10 7 
 9 7 
 8 8 
 7 7 
 6 7 
 5 7 
 5 6 
 5 5 
 5 4 
 6 3