 
 28 4 
 29 4 
 30 5 
 31 6 
 32 7 
 33 7 
 34 7 
 35 8 
 36 9 
 36 10 
 36 11 
 37 12 
 38 12 
 39 12 
 40 13 
 41 13 
 42 13 
 43 13 
 44 14 
 45 13 
 46 14 
 47 13 
 48 14 
 49 14 
 50 13 
 51 13 
 52 13 
 53 13 
 54 13 
 55 12 
 56 12 
 57 12 
 58 11 
 59 11 
 60 11 
 61 11 
 62 11 
 63 11 
 64 10 
 65 9 
 66 10 
 67 10 
 68 10 
 69 10 
 70 10 
 71 9 
 72 9 
 73 10 
 74 9 
 75 10 
 76 10 
 77 9 
 78 10 
 79 10 
 80 11 
 81 12 
 82 12 
 83 12 
 84 13 
 85 13 
 86 14 
 87 15 
 88 16 
 89 16 
 90 16 
 91 16 
 92 16 
 93 16 
 94 15 
 95 15 
 96 15 
 97 14 
 98 15 
 99 15 
 100 15 
 101 15 
 102 15 
 103 15 
 104 16 
 105 15 
 106 16 
 107 17 
 107 18 
 107 19 
 108 20 
 109 21 
 109 22 
 109 23 
 108 24 
 108 25 
 107 26 
 106 27 
 105 28 
 104 29 
 103 30 
 102 31 
 102 32 
 101 32 
 100 33 
 100 34 
 100 35 
 100 36 
 101 37 
 101 38 
 102 39 
 102 40 
 103 41 
 104 42 
 103 43 
 104 44 
 103 45 
 103 46 
 102 46 
 101 46 
 100 46 
 99 46 
 98 46 
 97 46 
 96 46 
 95 46 
 94 46 
 93 46 
 92 46 
 92 45 
 91 44 
 90 44 
 89 44 
 88 44 
 87 45 
 86 45 
 85 44 
 84 44 
 83 43 
 82 43 
 81 43 
 80 42 
 79 41 
 78 40 
 77 39 
 76 39 
 75 39 
 74 38 
 73 37 
 72 38 
 71 38 
 70 38 
 69 38 
 68 38 
 67 39 
 66 38 
 65 39 
 64 39 
 63 38 
 62 39 
 61 39 
 60 40 
 59 40 
 58 41 
 57 41 
 56 40 
 55 41 
 54 40 
 53 41 
 52 41 
 51 41 
 50 41 
 49 41 
 48 41 
 47 41 
 46 41 
 45 41 
 44 41 
 43 41 
 42 41 
 41 41 
 40 41 
 39 41 
 38 40 
 37 41 
 36 40 
 35 41 
 34 41 
 33 41 
 32 40 
 31 40 
 30 40 
 29 40 
 28 39 
 27 39 
 27 38 
 26 37 
 25 36 
 24 36 
 24 35 
 23 34 
 22 34 
 21 34 
 20 35 
 19 35 
 18 36 
 17 35 
 16 36 
 15 37 
 14 37 
 13 37 
 12 37 
 11 37 
 10 37 
 9 37 
 8 37 
 7 37 
 6 37 
 5 37 
 4 36 
 4 35 
 4 34 
 4 33 
 4 32 
 4 31 
 4 30 
 4 29 
 5 28 
 6 27 
 6 26 
 7 25 
 8 24 
 9 23 
 10 22 
 11 21 
 12 20 
 13 19 
 14 18 
 15 17 
 15 16 
 15 15 
 14 14 
 14 13 
 13 12 
 14 11 
 13 10 
 13 9 
 13 8 
 14 7 
 15 8 
 16 8 
 17 7 
 18 6 
 19 6 
 20 6 
 21 6 
 22 6 
 23 5 
 24 6 
 25 5 
 26 5 
 27 4