 
 10 4 
 11 4 
 12 4 
 13 4 
 14 4 
 15 4 
 16 4 
 17 4 
 18 4 
 19 4 
 20 4 
 21 4 
 22 5 
 23 4 
 24 4 
 25 4 
 26 4 
 27 4 
 28 4 
 29 4 
 30 4 
 31 4 
 32 4 
 33 4 
 34 4 
 35 4 
 36 4 
 37 4 
 38 4 
 39 4 
 40 4 
 41 4 
 42 4 
 43 4 
 44 4 
 45 4 
 46 4 
 47 4 
 48 4 
 49 4 
 50 4 
 51 4 
 52 4 
 53 4 
 54 4 
 55 4 
 56 4 
 57 4 
 58 4 
 59 4 
 60 4 
 61 4 
 62 4 
 63 4 
 64 4 
 65 4 
 66 4 
 67 4 
 68 4 
 69 4 
 70 4 
 71 4 
 72 4 
 73 4 
 74 4 
 75 4 
 76 4 
 77 4 
 78 4 
 79 4 
 80 4 
 81 4 
 82 4 
 83 4 
 84 4 
 85 4 
 85 5 
 85 6 
 85 7 
 85 8 
 86 9 
 86 10 
 86 11 
 86 12 
 86 13 
 86 14 
 86 15 
 86 16 
 86 17 
 86 18 
 86 19 
 86 20 
 85 21 
 85 22 
 84 23 
 84 24 
 84 25 
 83 26 
 82 27 
 81 28 
 80 29 
 79 29 
 78 30 
 78 31 
 77 32 
 76 32 
 75 33 
 74 33 
 73 33 
 72 33 
 71 34 
 71 35 
 70 35 
 69 34 
 68 35 
 68 36 
 67 36 
 66 36 
 65 37 
 64 37 
 63 38 
 62 38 
 61 38 
 60 39 
 59 39 
 58 40 
 57 40 
 56 41 
 55 41 
 54 41 
 53 41 
 52 42 
 51 42 
 50 43 
 49 44 
 50 45 
 50 46 
 50 47 
 50 48 
 51 49 
 51 50 
 51 51 
 51 52 
 52 53 
 52 54 
 53 55 
 53 56 
 53 57 
 53 58 
 53 59 
 54 60 
 54 61 
 53 62 
 54 63 
 55 64 
 55 65 
 55 66 
 55 67 
 56 68 
 55 69 
 56 70 
 56 71 
 56 72 
 57 73 
 57 74 
 57 75 
 58 76 
 57 77 
 58 78 
 58 79 
 58 80 
 58 81 
 59 82 
 59 83 
 60 84 
 61 84 
 62 84 
 63 84 
 64 85 
 65 85 
 66 86 
 67 86 
 68 87 
 69 88 
 70 87 
 71 88 
 72 88 
 73 89 
 74 89 
 75 89 
 76 90 
 77 91 
 78 91 
 79 91 
 80 92 
 81 92 
 82 93 
 83 92 
 84 93 
 85 94 
 86 94 
 87 95 
 88 95 
 89 95 
 89 96 
 88 96 
 87 96 
 86 96 
 85 96 
 84 96 
 83 96 
 82 96 
 81 96 
 80 96 
 79 96 
 78 96 
 77 96 
 76 96 
 75 96 
 74 96 
 73 96 
 72 96 
 71 96 
 70 96 
 69 96 
 68 96 
 67 96 
 66 96 
 65 96 
 64 96 
 63 96 
 62 96 
 61 96 
 60 96 
 59 96 
 58 96 
 57 96 
 56 96 
 55 96 
 54 96 
 53 96 
 52 96 
 51 96 
 50 96 
 49 96 
 48 96 
 47 96 
 46 96 
 45 96 
 44 96 
 43 96 
 42 96 
 41 96 
 40 96 
 39 96 
 38 96 
 37 96 
 36 96 
 35 96 
 34 96 
 33 96 
 32 96 
 31 96 
 30 96 
 29 96 
 28 96 
 27 96 
 26 96 
 25 96 
 24 96 
 23 96 
 22 96 
 21 96 
 20 96 
 19 96 
 18 96 
 17 96 
 16 96 
 15 96 
 14 96 
 13 96 
 12 96 
 11 96 
 11 95 
 12 95 
 13 95 
 14 95 
 15 94 
 16 94 
 17 94 
 18 94 
 19 93 
 20 92 
 21 92 
 22 92 
 23 91 
 24 92 
 25 91 
 25 90 
 26 90 
 27 90 
 28 89 
 29 89 
 30 89 
 31 89 
 32 88 
 33 88 
 34 87 
 35 88 
 36 87 
 37 86 
 38 86 
 39 86 
 40 85 
 41 85 
 42 84 
 43 85 
 44 84 
 45 83 
 46 82 
 46 81 
 45 80 
 45 79 
 45 78 
 45 77 
 45 76 
 44 75 
 45 74 
 44 73 
 43 72 
 44 71 
 43 70 
 43 69 
 43 68 
 42 67 
 42 66 
 42 65 
 42 64 
 41 63 
 41 62 
 41 61 
 41 60 
 41 59 
 40 58 
 40 57 
 40 56 
 39 55 
 39 54 
 38 53 
 38 52 
 39 51 
 38 50 
 38 49 
 38 48 
 38 47 
 37 46 
 37 45 
 37 44 
 36 43 
 35 42 
 34 41 
 33 41 
 32 40 
 31 40 
 30 39 
 29 39 
 28 38 
 27 38 
 26 37 
 25 37 
 24 36 
 23 35 
 22 35 
 21 34 
 20 33 
 19 32 
 18 32 
 17 32 
 16 31 
 15 30 
 14 30 
 14 29 
 13 28 
 12 28 
 12 27 
 11 26 
 10 26 
 9 25 
 9 24 
 10 23 
 10 22 
 10 21 
 10 20 
 9 19 
 9 18 
 10 17 
 9 16 
 9 15 
 9 14 
 10 13 
 9 12 
 9 11 
 9 10 
 9 9 
 9 8 
 9 7 
 9 6 
 8 5 
 9 4