 
 50 6 
 51 5 
 52 5 
 53 5 
 54 5 
 55 5 
 56 5 
 57 5 
 58 5 
 59 5 
 60 5 
 61 5 
 62 5 
 63 5 
 64 6 
 65 6 
 66 6 
 67 6 
 68 6 
 69 7 
 70 7 
 71 7 
 72 8 
 73 9 
 74 8 
 75 9 
 76 10 
 77 11 
 78 11 
 79 12 
 80 13 
 81 14 
 82 15 
 83 15 
 83 16 
 84 17 
 85 17 
 86 18 
 87 19 
 88 20 
 89 21 
 90 21 
 91 22 
 92 22 
 93 23 
 94 23 
 95 23 
 96 23 
 97 23 
 98 23 
 99 22 
 100 23 
 101 22 
 102 22 
 103 22 
 104 22 
 105 21 
 106 22 
 107 21 
 108 22 
 109 22 
 110 23 
 110 24 
 110 25 
 109 26 
 109 27 
 109 28 
 108 29 
 108 30 
 107 31 
 107 32 
 106 33 
 106 34 
 105 35 
 105 36 
 106 37 
 107 37 
 107 38 
 108 39 
 109 39 
 110 40 
 111 41 
 111 42 
 112 43 
 112 44 
 112 45 
 111 46 
 111 47 
 111 48 
 110 49 
 109 50 
 109 51 
 108 51 
 107 52 
 106 53 
 105 53 
 104 54 
 103 55 
 102 55 
 101 56 
 100 56 
 99 56 
 98 57 
 99 58 
 99 59 
 99 60 
 99 61 
 100 62 
 100 63 
 101 64 
 101 65 
 102 66 
 103 66 
 103 67 
 104 68 
 105 69 
 106 70 
 107 71 
 108 72 
 109 73 
 110 74 
 110 75 
 111 76 
 111 77 
 111 78 
 112 79 
 111 80 
 112 81 
 112 82 
 111 83 
 112 84 
 112 85 
 111 86 
 111 87 
 111 88 
 110 88 
 109 89 
 108 89 
 107 89 
 106 88 
 105 88 
 104 87 
 103 86 
 102 85 
 101 85 
 100 84 
 99 83 
 98 82 
 97 81 
 96 80 
 95 79 
 94 78 
 93 77 
 92 76 
 91 75 
 90 74 
 89 73 
 88 72 
 87 71 
 86 70 
 85 70 
 84 69 
 83 68 
 82 68 
 81 67 
 80 67 
 79 67 
 78 67 
 77 67 
 76 67 
 75 67 
 74 67 
 73 68 
 73 69 
 72 70 
 71 71 
 71 72 
 70 73 
 70 74 
 70 75 
 71 76 
 72 77 
 72 78 
 73 79 
 74 79 
 75 80 
 76 80 
 77 81 
 78 82 
 79 83 
 80 83 
 80 84 
 81 85 
 82 85 
 83 86 
 84 87 
 85 87 
 86 88 
 87 89 
 88 90 
 89 91 
 90 91 
 90 92 
 91 93 
 92 94 
 93 94 
 94 95 
 95 96 
 96 97 
 97 98 
 98 99 
 99 100 
 100 101 
 101 102 
 102 103 
 103 104 
 104 105 
 104 106 
 105 107 
 105 108 
 105 109 
 105 110 
 105 111 
 104 112 
 103 112 
 102 113 
 101 113 
 100 114 
 99 114 
 98 115 
 97 116 
 96 116 
 95 116 
 94 117 
 93 117 
 92 118 
 91 118 
 90 119 
 89 119 
 88 119 
 87 120 
 86 120 
 85 121 
 84 121 
 83 121 
 82 121 
 81 122 
 80 122 
 79 122 
 78 122 
 77 122 
 76 123 
 75 122 
 74 122 
 73 122 
 72 123 
 71 122 
 70 122 
 69 122 
 68 122 
 67 121 
 66 121 
 65 120 
 64 120 
 63 119 
 62 119 
 61 119 
 60 118 
 59 118 
 58 118 
 57 117 
 56 117 
 55 116 
 54 116 
 53 115 
 52 115 
 51 115 
 50 114 
 49 114 
 48 113 
 47 114 
 46 113 
 45 113 
 44 113 
 43 113 
 42 112 
 41 112 
 40 111 
 39 110 
 39 109 
 38 108 
 37 107 
 37 106 
 36 105 
 35 104 
 35 103 
 35 102 
 34 101 
 33 100 
 32 99 
 32 98 
 31 97 
 30 97 
 29 97 
 28 96 
 27 97 
 26 97 
 25 97 
 24 97 
 23 96 
 23 95 
 22 94 
 21 93 
 21 92 
 21 91 
 21 90 
 20 89 
 20 88 
 20 87 
 20 86 
 21 85 
 21 84 
 21 83 
 22 82 
 22 81 
 22 80 
 23 79 
 23 78 
 24 77 
 25 76 
 25 75 
 26 74 
 26 73 
 27 72 
 27 71 
 28 70 
 28 69 
 29 68 
 29 67 
 29 66 
 30 65 
 30 64 
 30 63 
 30 62 
 31 61 
 31 60 
 31 59 
 32 58 
 31 57 
 31 56 
 31 55 
 31 54 
 32 53 
 31 52 
 31 51 
 31 50 
 31 49 
 31 48 
 30 47 
 30 46 
 29 45 
 29 44 
 29 43 
 28 42 
 28 41 
 27 40 
 26 39 
 25 38 
 24 37 
 23 36 
 22 35 
 21 34 
 20 33 
 19 32 
 18 32 
 18 31 
 17 30 
 16 29 
 16 28 
 17 27 
 18 26 
 19 25 
 20 24 
 21 24 
 22 24 
 23 23 
 24 22 
 25 21 
 26 20 
 27 19 
 28 18 
 29 17 
 30 16 
 31 16 
 32 15 
 33 14 
 34 14 
 35 13 
 36 12 
 37 11 
 38 11 
 39 10 
 40 10 
 41 9 
 42 9 
 43 8 
 44 8 
 45 7 
 46 7 
 47 6 
 48 6 
 49 5