 
 10 4 
 11 4 
 12 4 
 13 4 
 14 4 
 15 4 
 16 4 
 17 5 
 18 5 
 19 5 
 20 6 
 21 6 
 22 6 
 23 7 
 24 8 
 25 9 
 26 10 
 27 10 
 27 11 
 28 12 
 29 12 
 29 13 
 30 14 
 31 14 
 31 15 
 32 16 
 33 16 
 34 17 
 35 17 
 36 17 
 37 17 
 38 17 
 39 17 
 40 16 
 41 15 
 42 14 
 42 13 
 43 12 
 44 11 
 45 11 
 46 11 
 47 11 
 48 12 
 49 12 
 50 12 
 51 12 
 52 12 
 53 12 
 54 12 
 55 11 
 56 12 
 57 11 
 58 11 
 59 11 
 60 11 
 61 10 
 62 11 
 63 11 
 64 12 
 65 12 
 66 12 
 67 13 
 68 14 
 69 14 
 70 15 
 71 15 
 72 16 
 73 16 
 74 17 
 75 18 
 76 19 
 77 19 
 77 20 
 78 21 
 79 21 
 80 22 
 80 23 
 81 24 
 82 24 
 82 25 
 83 26 
 84 27 
 85 28 
 86 29 
 87 30 
 88 31 
 89 31 
 89 32 
 90 33 
 91 33 
 92 34 
 93 35 
 94 36 
 95 37 
 96 38 
 97 39 
 97 40 
 98 41 
 99 41 
 99 42 
 100 43 
 101 44 
 102 44 
 102 45 
 103 46 
 104 47 
 104 48 
 105 49 
 106 49 
 106 50 
 106 51 
 107 52 
 108 53 
 108 54 
 108 55 
 109 56 
 109 57 
 110 58 
 109 59 
 110 60 
 110 61 
 110 62 
 110 63 
 110 64 
 110 65 
 110 66 
 110 67 
 110 68 
 110 69 
 110 70 
 109 71 
 109 72 
 109 73 
 108 74 
 108 75 
 108 76 
 107 77 
 106 78 
 106 79 
 105 80 
 104 81 
 104 82 
 103 83 
 103 84 
 103 85 
 102 86 
 102 87 
 101 88 
 101 89 
 101 90 
 101 91 
 100 92 
 101 93 
 100 94 
 100 95 
 100 96 
 99 97 
 99 98 
 98 99 
 97 100 
 96 101 
 95 102 
 95 103 
 94 102 
 93 103 
 92 103 
 91 104 
 90 105 
 91 106 
 91 107 
 91 108 
 90 109 
 90 110 
 89 109 
 89 108 
 88 107 
 87 106 
 86 105 
 85 106 
 85 107 
 85 108 
 84 108 
 83 109 
 82 110 
 81 109 
 80 109 
 79 109 
 78 109 
 77 108 
 76 108 
 75 108 
 74 107 
 73 106 
 72 105 
 71 105 
 71 104 
 70 103 
 69 103 
 69 102 
 69 101 
 70 100 
 69 99 
 70 98 
 71 97 
 72 97 
 73 96 
 73 95 
 72 94 
 72 93 
 71 92 
 71 91 
 71 90 
 70 89 
 70 88 
 69 87 
 68 86 
 67 85 
 67 84 
 66 83 
 65 82 
 64 81 
 63 81 
 63 80 
 62 79 
 62 78 
 61 77 
 61 76 
 60 75 
 59 75 
 59 74 
 58 73 
 57 72 
 57 71 
 56 70 
 55 69 
 54 68 
 54 67 
 53 66 
 52 65 
 51 64 
 51 63 
 50 62 
 49 62 
 49 61 
 48 60 
 47 59 
 46 58 
 45 59 
 44 59 
 43 60 
 42 60 
 41 60 
 40 60 
 39 59 
 38 59 
 38 58 
 37 57 
 36 56 
 35 56 
 35 55 
 34 54 
 34 53 
 33 52 
 32 52 
 32 51 
 32 50 
 33 50 
 34 50 
 35 49 
 36 50 
 37 49 
 37 48 
 37 47 
 36 46 
 35 46 
 35 45 
 34 44 
 34 43 
 33 42 
 33 41 
 32 40 
 31 41 
 30 41 
 29 42 
 29 43 
 28 43 
 27 44 
 26 45 
 25 46 
 24 47 
 23 47 
 22 48 
 21 49 
 20 48 
 19 48 
 18 49 
 17 48 
 16 48 
 15 47 
 14 46 
 13 46 
 13 45 
 12 44 
 11 44 
 10 43 
 9 42 
 9 41 
 9 40 
 9 39 
 9 38 
 10 37 
 11 37 
 12 37 
 13 37 
 14 37 
 15 37 
 16 36 
 16 35 
 17 35 
 18 34 
 19 33 
 20 32 
 21 32 
 22 31 
 23 31 
 24 30 
 25 29 
 26 28 
 27 27 
 26 26 
 25 26 
 24 26 
 24 25 
 23 24 
 22 24 
 21 23 
 20 22 
 19 22 
 18 22 
 17 21 
 16 21 
 15 20 
 14 20 
 13 19 
 12 18 
 11 17 
 10 16 
 9 16 
 8 15 
 7 16 
 6 15 
 5 14 
 5 13 
 4 12 
 4 11 
 4 10 
 4 9 
 5 8 
 5 7 
 6 6 
 6 5 
 7 6 
 8 5 
 9 4