 
 64 4 
 65 4 
 66 3 
 67 4 
 68 4 
 69 4 
 70 3 
 71 4 
 72 3 
 73 4 
 74 3 
 75 4 
 76 3 
 77 4 
 78 3 
 79 4 
 80 3 
 81 4 
 82 4 
 83 4 
 84 4 
 85 4 
 86 4 
 87 4 
 88 4 
 89 4 
 90 4 
 91 4 
 92 4 
 93 4 
 94 4 
 95 4 
 96 4 
 97 4 
 98 4 
 99 4 
 100 4 
 101 4 
 102 4 
 103 5 
 104 5 
 105 5 
 106 5 
 107 6 
 108 6 
 108 7 
 107 8 
 108 9 
 108 10 
 108 11 
 107 12 
 108 13 
 108 14 
 108 15 
 108 16 
 108 17 
 107 18 
 108 19 
 108 20 
 109 21 
 109 22 
 110 23 
 110 24 
 110 25 
 110 26 
 110 27 
 109 28 
 109 29 
 109 30 
 110 31 
 110 32 
 110 33 
 109 33 
 109 32 
 109 31 
 108 30 
 107 31 
 107 32 
 106 33 
 107 34 
 106 35 
 106 36 
 106 37 
 105 38 
 104 39 
 103 40 
 102 40 
 101 40 
 100 41 
 99 40 
 98 40 
 97 39 
 96 39 
 95 38 
 94 37 
 93 36 
 92 35 
 91 36 
 90 35 
 89 35 
 88 35 
 87 35 
 86 36 
 85 36 
 84 37 
 83 37 
 82 38 
 81 38 
 80 39 
 79 38 
 78 38 
 77 39 
 76 38 
 75 38 
 75 37 
 74 36 
 73 36 
 72 36 
 71 36 
 70 36 
 69 36 
 68 37 
 67 36 
 66 37 
 65 36 
 64 37 
 63 36 
 62 37 
 61 36 
 60 37 
 59 36 
 58 37 
 57 36 
 56 37 
 55 36 
 54 37 
 53 36 
 52 37 
 51 36 
 50 37 
 49 36 
 48 37 
 47 36 
 46 37 
 45 36 
 44 37 
 43 36 
 42 36 
 41 36 
 40 36 
 39 36 
 38 36 
 37 36 
 36 36 
 35 36 
 34 37 
 34 38 
 34 39 
 33 40 
 33 41 
 32 41 
 31 42 
 30 43 
 29 44 
 28 43 
 27 44 
 26 43 
 25 44 
 24 43 
 23 43 
 22 42 
 21 42 
 21 41 
 20 40 
 19 39 
 18 38 
 17 39 
 16 40 
 15 40 
 14 41 
 13 41 
 12 41 
 11 42 
 10 41 
 9 41 
 8 40 
 7 40 
 6 39 
 5 38 
 5 37 
 4 36 
 4 35 
 4 34 
 3 33 
 4 32 
 4 31 
 4 30 
 4 29 
 5 28 
 4 27 
 4 26 
 5 26 
 6 26 
 7 25 
 8 24 
 9 23 
 9 22 
 9 21 
 10 21 
 11 20 
 12 21 
 13 20 
 14 21 
 15 21 
 16 20 
 16 19 
 16 18 
 17 17 
 18 16 
 19 16 
 20 17 
 21 16 
 22 16 
 23 16 
 24 17 
 25 16 
 26 16 
 27 16 
 28 17 
 29 16 
 30 16 
 31 17 
 32 16 
 33 16 
 34 16 
 35 16 
 36 16 
 37 16 
 38 16 
 39 16 
 40 16 
 41 16 
 42 16 
 43 16 
 44 16 
 45 15 
 46 14 
 46 13 
 46 12 
 46 11 
 46 10 
 46 9 
 46 8 
 46 7 
 46 6 
 47 5 
 48 6 
 49 5 
 50 5 
 51 5 
 52 5 
 53 5 
 54 4 
 55 4 
 56 4 
 57 4 
 58 4 
 59 4 
 60 4 
 61 4 
 62 4 
 63 3