 
 66 4 
 67 3 
 68 4 
 69 3 
 70 4 
 71 3 
 72 4 
 73 4 
 74 4 
 75 4 
 76 5 
 77 5 
 78 5 
 79 6 
 80 6 
 81 7 
 82 7 
 83 8 
 84 9 
 85 9 
 86 10 
 87 11 
 88 11 
 89 12 
 90 13 
 91 13 
 91 14 
 92 15 
 93 15 
 94 16 
 94 17 
 95 18 
 95 19 
 96 20 
 96 21 
 97 22 
 97 23 
 98 24 
 98 25 
 99 26 
 100 27 
 100 28 
 101 29 
 101 30 
 101 31 
 102 32 
 102 33 
 103 34 
 102 35 
 103 36 
 103 37 
 103 38 
 103 39 
 103 40 
 103 41 
 104 42 
 103 43 
 104 44 
 103 45 
 103 46 
 104 47 
 104 48 
 105 49 
 106 50 
 107 51 
 108 51 
 108 52 
 109 53 
 110 53 
 110 54 
 110 55 
 111 56 
 111 57 
 110 57 
 109 56 
 109 55 
 108 54 
 107 53 
 106 52 
 105 51 
 104 50 
 103 49 
 102 48 
 102 47 
 101 46 
 101 45 
 101 44 
 100 43 
 99 44 
 99 45 
 99 46 
 99 47 
 98 48 
 98 49 
 98 50 
 97 51 
 97 52 
 97 53 
 97 54 
 96 55 
 96 56 
 96 57 
 96 58 
 97 59 
 97 60 
 97 61 
 97 62 
 98 63 
 98 64 
 98 65 
 99 66 
 99 67 
 99 68 
 99 69 
 99 70 
 99 71 
 99 72 
 99 73 
 98 74 
 97 75 
 96 75 
 95 75 
 94 76 
 93 76 
 92 76 
 91 76 
 90 76 
 89 76 
 88 75 
 87 75 
 86 74 
 86 73 
 87 72 
 88 71 
 89 70 
 90 69 
 90 68 
 89 67 
 89 66 
 89 65 
 89 64 
 88 63 
 88 62 
 87 61 
 86 60 
 85 59 
 85 58 
 84 57 
 83 57 
 82 58 
 82 59 
 82 60 
 82 61 
 81 62 
 82 63 
 82 64 
 82 65 
 81 66 
 82 67 
 81 68 
 81 69 
 81 70 
 80 71 
 80 72 
 79 73 
 78 73 
 77 73 
 76 73 
 75 73 
 74 73 
 73 73 
 72 73 
 71 73 
 70 73 
 70 72 
 70 71 
 69 70 
 70 69 
 70 68 
 71 68 
 72 67 
 73 66 
 73 65 
 74 64 
 73 63 
 74 62 
 73 61 
 73 60 
 74 59 
 73 58 
 73 57 
 73 56 
 72 55 
 71 54 
 70 55 
 69 55 
 68 56 
 68 57 
 68 58 
 68 59 
 68 60 
 68 61 
 67 62 
 68 63 
 68 64 
 67 65 
 67 66 
 67 67 
 67 68 
 67 69 
 67 70 
 67 71 
 67 72 
 67 73 
 68 74 
 68 75 
 68 76 
 67 77 
 68 78 
 67 79 
 67 80 
 66 80 
 65 81 
 64 81 
 63 81 
 62 82 
 61 81 
 60 82 
 59 81 
 58 81 
 57 81 
 56 80 
 56 79 
 55 78 
 56 77 
 57 76 
 58 75 
 59 75 
 60 74 
 59 73 
 59 72 
 58 71 
 58 70 
 58 69 
 58 68 
 58 67 
 58 66 
 57 65 
 58 64 
 57 63 
 57 62 
 57 61 
 56 60 
 56 59 
 55 58 
 55 57 
 54 56 
 53 55 
 52 56 
 51 57 
 51 58 
 51 59 
 50 60 
 50 61 
 50 62 
 49 63 
 49 64 
 48 65 
 48 66 
 48 67 
 47 68 
 47 69 
 47 70 
 46 71 
 46 72 
 46 73 
 45 74 
 45 75 
 44 76 
 43 76 
 42 77 
 41 77 
 40 77 
 39 77 
 38 77 
 37 77 
 36 76 
 35 76 
 34 76 
 33 76 
 32 75 
 33 74 
 33 73 
 34 72 
 35 72 
 36 71 
 37 70 
 38 70 
 39 69 
 39 68 
 39 67 
 39 66 
 39 65 
 39 64 
 40 63 
 40 62 
 39 61 
 40 60 
 40 59 
 40 58 
 40 57 
 40 56 
 40 55 
 40 54 
 40 53 
 41 52 
 41 51 
 41 50 
 42 49 
 42 48 
 42 47 
 42 46 
 42 45 
 42 44 
 41 43 
 42 42 
 42 41 
 41 40 
 40 39 
 39 39 
 38 40 
 37 39 
 36 40 
 35 40 
 34 40 
 33 41 
 32 42 
 31 43 
 30 44 
 29 44 
 30 43 
 29 42 
 28 43 
 27 44 
 27 45 
 26 46 
 25 47 
 24 48 
 24 49 
 23 50 
 22 51 
 21 52 
 21 53 
 20 54 
 19 55 
 18 56 
 17 56 
 16 56 
 17 55 
 18 54 
 17 53 
 16 53 
 15 54 
 14 54 
 13 53 
 12 52 
 11 52 
 10 52 
 9 52 
 8 52 
 7 51 
 6 50 
 5 49 
 5 48 
 5 47 
 5 46 
 4 45 
 5 44 
 5 43 
 5 42 
 5 41 
 5 40 
 6 39 
 6 38 
 7 37 
 7 36 
 7 35 
 6 34 
 7 33 
 6 32 
 5 32 
 4 32 
 4 31 
 4 30 
 3 29 
 4 28 
 5 28 
 6 28 
 7 27 
 8 27 
 8 28 
 8 29 
 8 30 
 9 31 
 9 32 
 10 33 
 10 34 
 10 35 
 10 36 
 10 37 
 9 38 
 9 39 
 9 40 
 8 41 
 9 42 
 8 43 
 9 44 
 8 45 
 9 46 
 9 47 
 10 48 
 11 48 
 12 49 
 13 48 
 14 49 
 15 48 
 16 48 
 17 47 
 17 46 
 18 45 
 18 44 
 18 43 
 19 42 
 19 41 
 19 40 
 19 39 
 19 38 
 19 37 
 19 36 
 20 35 
 20 34 
 21 33 
 21 32 
 22 31 
 22 30 
 23 29 
 23 28 
 24 27 
 24 26 
 25 25 
 24 24 
 25 23 
 25 22 
 25 21 
 26 20 
 27 19 
 26 18 
 27 17 
 27 16 
 28 15 
 28 14 
 29 13 
 30 13 
 31 12 
 32 11 
 33 10 
 34 10 
 35 10 
 36 9 
 37 9 
 38 10 
 39 10 
 40 10 
 41 10 
 42 10 
 43 11 
 44 11 
 45 10 
 46 11 
 47 10 
 48 11 
 49 10 
 50 10 
 51 9 
 52 9 
 53 8 
 54 7 
 55 7 
 56 6 
 57 5 
 58 6 
 59 5 
 60 5 
 61 4 
 62 4 
 63 4 
 64 4 
 65 3