 
 51 5 
 52 5 
 53 5 
 54 5 
 55 6 
 56 6 
 57 6 
 58 6 
 59 6 
 60 6 
 61 7 
 62 8 
 63 9 
 64 10 
 65 10 
 66 10 
 67 10 
 68 10 
 69 11 
 70 10 
 71 11 
 72 10 
 73 10 
 74 11 
 74 12 
 75 13 
 76 12 
 77 13 
 77 14 
 78 15 
 79 15 
 79 16 
 80 17 
 81 18 
 82 19 
 82 20 
 82 21 
 82 22 
 83 23 
 83 24 
 83 25 
 84 26 
 84 27 
 85 28 
 86 28 
 86 29 
 86 30 
 86 31 
 86 32 
 86 33 
 86 34 
 86 35 
 86 36 
 85 37 
 85 38 
 86 39 
 86 40 
 86 41 
 86 42 
 86 43 
 86 44 
 86 45 
 86 46 
 86 47 
 86 48 
 86 49 
 86 50 
 87 51 
 88 52 
 89 52 
 90 53 
 91 53 
 91 54 
 91 55 
 91 56 
 91 57 
 91 58 
 91 59 
 90 60 
 90 61 
 90 62 
 89 63 
 89 64 
 89 65 
 90 66 
 89 67 
 89 68 
 90 69 
 89 70 
 89 71 
 88 72 
 87 73 
 87 74 
 87 75 
 87 76 
 86 77 
 85 77 
 84 77 
 83 78 
 83 79 
 82 80 
 82 81 
 82 82 
 82 83 
 82 84 
 82 85 
 81 86 
 81 87 
 80 88 
 80 89 
 79 90 
 78 91 
 78 92 
 78 93 
 78 94 
 78 95 
 78 96 
 78 97 
 78 98 
 77 99 
 78 100 
 77 101 
 78 102 
 78 103 
 78 104 
 77 105 
 77 106 
 76 106 
 75 107 
 75 108 
 74 109 
 74 110 
 73 111 
 72 112 
 72 113 
 71 114 
 70 115 
 69 116 
 68 117 
 67 118 
 66 119 
 65 119 
 64 120 
 63 120 
 62 121 
 61 122 
 60 122 
 59 123 
 58 123 
 57 123 
 56 123 
 55 124 
 54 124 
 53 123 
 52 122 
 51 122 
 50 121 
 49 121 
 48 120 
 47 120 
 46 119 
 46 118 
 45 117 
 44 117 
 43 116 
 42 116 
 41 115 
 40 114 
 39 113 
 38 112 
 37 111 
 36 110 
 35 109 
 35 108 
 35 107 
 35 106 
 35 105 
 35 104 
 35 103 
 35 102 
 35 101 
 35 100 
 35 99 
 35 98 
 35 97 
 34 96 
 34 95 
 33 94 
 32 94 
 31 94 
 32 93 
 31 92 
 31 91 
 30 90 
 29 89 
 29 88 
 29 87 
 29 86 
 29 85 
 29 84 
 29 83 
 29 82 
 29 81 
 28 80 
 27 80 
 26 79 
 25 78 
 24 78 
 25 77 
 24 76 
 23 75 
 22 75 
 22 74 
 22 73 
 22 72 
 22 71 
 21 70 
 21 69 
 20 68 
 20 67 
 19 66 
 19 65 
 18 64 
 18 63 
 18 62 
 18 61 
 18 60 
 18 59 
 19 58 
 20 57 
 21 57 
 22 57 
 23 56 
 22 55 
 22 54 
 22 53 
 22 52 
 22 51 
 22 50 
 22 49 
 22 48 
 22 47 
 22 46 
 22 45 
 22 44 
 22 43 
 22 42 
 22 41 
 22 40 
 22 39 
 22 38 
 23 37 
 22 36 
 22 35 
 22 34 
 22 33 
 23 32 
 23 31 
 23 30 
 23 29 
 24 29 
 25 28 
 24 27 
 25 26 
 25 25 
 26 24 
 26 23 
 26 22 
 26 21 
 26 20 
 27 19 
 28 18 
 29 17 
 30 16 
 31 15 
 31 14 
 32 13 
 33 12 
 33 11 
 34 12 
 35 11 
 36 10 
 37 9 
 38 8 
 39 8 
 40 7 
 41 7 
 42 7 
 43 6 
 44 6 
 45 6 
 46 6 
 47 6 
 48 6 
 49 6 
 50 5