 
 16 4 
 17 4 
 18 4 
 19 4 
 20 4 
 21 4 
 22 4 
 23 4 
 24 4 
 25 4 
 26 4 
 27 5 
 28 6 
 29 6 
 30 7 
 31 7 
 32 8 
 33 8 
 33 9 
 34 10 
 35 10 
 36 11 
 37 12 
 38 13 
 39 12 
 40 13 
 41 12 
 42 11 
 43 11 
 44 11 
 45 11 
 46 10 
 47 9 
 48 10 
 49 10 
 50 9 
 51 9 
 52 9 
 53 9 
 54 8 
 55 8 
 56 8 
 57 8 
 58 8 
 59 7 
 60 8 
 61 8 
 62 7 
 63 7 
 64 8 
 65 8 
 66 7 
 67 8 
 68 8 
 69 7 
 70 7 
 71 8 
 72 8 
 73 7 
 74 8 
 75 8 
 76 7 
 77 7 
 78 7 
 79 8 
 80 9 
 81 9 
 82 10 
 83 11 
 84 11 
 85 12 
 85 13 
 86 14 
 87 14 
 88 15 
 89 16 
 90 16 
 91 16 
 92 15 
 93 14 
 94 15 
 95 14 
 96 13 
 97 13 
 98 14 
 99 14 
 100 13 
 101 13 
 102 12 
 103 13 
 104 12 
 105 12 
 106 13 
 107 13 
 106 14 
 107 15 
 108 16 
 107 17 
 108 18 
 109 18 
 109 19 
 108 20 
 108 21 
 107 22 
 106 23 
 105 24 
 104 25 
 103 26 
 103 27 
 102 27 
 101 28 
 100 29 
 99 30 
 100 31 
 99 32 
 100 33 
 100 34 
 101 35 
 100 36 
 101 37 
 102 38 
 102 39 
 102 40 
 101 40 
 100 41 
 99 40 
 98 40 
 97 40 
 96 41 
 95 42 
 94 42 
 93 42 
 92 42 
 91 42 
 90 42 
 89 42 
 88 41 
 87 40 
 86 40 
 85 39 
 84 38 
 83 38 
 82 38 
 81 37 
 80 37 
 79 37 
 78 36 
 77 35 
 76 35 
 76 34 
 75 33 
 74 33 
 73 33 
 72 33 
 71 33 
 70 33 
 69 34 
 68 33 
 67 33 
 66 34 
 66 35 
 65 35 
 64 35 
 63 35 
 62 35 
 61 35 
 60 35 
 59 35 
 58 36 
 57 36 
 56 36 
 55 36 
 54 37 
 53 36 
 52 36 
 51 37 
 50 37 
 49 37 
 48 37 
 47 38 
 46 38 
 45 38 
 44 38 
 43 38 
 42 38 
 41 38 
 40 39 
 39 38 
 38 37 
 37 37 
 36 37 
 35 36 
 34 36 
 33 35 
 32 34 
 31 34 
 30 34 
 29 33 
 28 33 
 27 32 
 26 33 
 25 32 
 24 33 
 23 32 
 22 33 
 21 33 
 20 33 
 19 33 
 18 33 
 17 33 
 16 33 
 15 34 
 15 35 
 14 35 
 13 35 
 12 34 
 11 34 
 10 33 
 9 32 
 8 31 
 7 30 
 6 29 
 5 28 
 5 27 
 4 26 
 4 25 
 5 25 
 6 24 
 7 23 
 8 22 
 9 22 
 10 21 
 10 20 
 11 20 
 12 19 
 12 18 
 13 17 
 14 16 
 15 17 
 16 16 
 17 15 
 18 14 
 18 13 
 17 12 
 17 11 
 17 10 
 17 9 
 17 8 
 16 7 
 15 6 
 14 6 
 15 5 
 15 4