 
 80 4 
 81 3 
 82 4 
 83 3 
 84 4 
 85 3 
 86 4 
 87 3 
 88 4 
 89 3 
 90 4 
 91 3 
 92 4 
 93 3 
 94 4 
 95 3 
 96 4 
 97 4 
 98 4 
 99 4 
 100 4 
 101 4 
 102 4 
 103 5 
 104 5 
 105 5 
 106 5 
 106 6 
 106 7 
 106 8 
 106 9 
 106 10 
 105 11 
 105 12 
 105 13 
 105 14 
 105 15 
 104 16 
 105 17 
 104 18 
 105 19 
 106 20 
 107 19 
 108 20 
 109 19 
 110 20 
 110 21 
 109 22 
 110 23 
 109 24 
 109 25 
 109 26 
 110 27 
 109 28 
 109 29 
 109 30 
 110 31 
 111 32 
 110 33 
 111 34 
 110 35 
 109 35 
 108 36 
 108 37 
 107 38 
 106 38 
 105 38 
 104 39 
 103 40 
 103 41 
 103 42 
 102 43 
 101 44 
 101 45 
 100 45 
 99 46 
 99 47 
 98 46 
 97 47 
 96 47 
 95 47 
 94 47 
 93 47 
 92 47 
 91 46 
 90 46 
 89 45 
 88 44 
 88 43 
 87 42 
 87 41 
 86 40 
 85 40 
 84 41 
 83 42 
 82 43 
 81 43 
 80 44 
 79 44 
 78 45 
 77 45 
 76 45 
 75 45 
 74 44 
 73 44 
 72 43 
 71 43 
 70 42 
 70 41 
 69 40 
 68 39 
 67 38 
 66 39 
 65 38 
 64 39 
 63 38 
 62 39 
 61 38 
 60 39 
 59 38 
 58 39 
 57 38 
 56 39 
 55 39 
 54 39 
 53 39 
 52 39 
 51 39 
 50 39 
 49 39 
 48 39 
 47 39 
 46 40 
 45 40 
 44 40 
 43 40 
 42 40 
 41 41 
 41 42 
 40 43 
 40 44 
 39 45 
 39 46 
 38 47 
 37 47 
 36 48 
 35 48 
 34 49 
 33 48 
 32 49 
 31 48 
 30 49 
 29 48 
 28 48 
 27 47 
 26 47 
 25 46 
 25 45 
 24 44 
 23 43 
 22 44 
 21 45 
 20 45 
 19 46 
 18 46 
 17 46 
 16 46 
 15 46 
 14 46 
 13 46 
 12 45 
 11 44 
 10 44 
 10 43 
 9 42 
 9 41 
 8 40 
 8 39 
 8 38 
 7 37 
 6 37 
 5 37 
 4 37 
 3 36 
 4 35 
 5 34 
 6 33 
 7 34 
 8 33 
 8 32 
 9 31 
 10 30 
 10 29 
 9 28 
 9 27 
 9 26 
 10 25 
 11 25 
 12 24 
 13 24 
 14 24 
 15 23 
 15 22 
 16 21 
 17 20 
 18 21 
 19 21 
 20 20 
 20 19 
 21 18 
 22 17 
 22 16 
 23 16 
 24 16 
 25 17 
 26 17 
 27 17 
 28 17 
 29 17 
 30 17 
 31 17 
 32 17 
 33 17 
 34 17 
 35 17 
 36 17 
 37 17 
 38 16 
 39 17 
 40 17 
 41 17 
 42 17 
 43 17 
 44 17 
 45 16 
 45 15 
 45 14 
 46 13 
 46 12 
 46 11 
 46 10 
 47 9 
 46 8 
 45 8 
 45 7 
 46 7 
 47 7 
 48 7 
 49 7 
 50 6 
 51 6 
 52 6 
 53 6 
 54 6 
 55 5 
 56 6 
 57 5 
 58 6 
 59 5 
 60 5 
 61 5 
 62 5 
 63 5 
 64 5 
 65 5 
 66 5 
 67 4 
 68 4 
 69 4 
 70 4 
 71 4 
 72 4 
 73 4 
 74 4 
 75 4 
 76 4 
 77 4 
 78 4 
 79 3