 
 27 5 
 28 5 
 29 5 
 30 5 
 31 5 
 32 5 
 33 6 
 34 7 
 35 8 
 36 9 
 37 10 
 38 11 
 39 11 
 40 12 
 41 13 
 41 14 
 42 15 
 43 16 
 44 17 
 45 18 
 46 19 
 47 20 
 48 20 
 49 21 
 50 21 
 51 22 
 52 22 
 53 22 
 54 22 
 55 21 
 56 22 
 57 22 
 57 23 
 58 24 
 59 24 
 60 24 
 61 24 
 62 24 
 63 24 
 64 24 
 65 24 
 66 24 
 67 24 
 68 24 
 69 24 
 70 24 
 71 23 
 72 23 
 73 23 
 74 23 
 75 23 
 76 23 
 77 23 
 78 23 
 79 22 
 80 22 
 81 22 
 82 21 
 83 22 
 84 22 
 85 22 
 86 21 
 87 22 
 88 21 
 89 21 
 90 20 
 91 20 
 92 20 
 93 20 
 94 20 
 95 21 
 96 20 
 97 20 
 98 20 
 99 20 
 100 20 
 101 20 
 102 20 
 103 19 
 104 19 
 105 19 
 106 19 
 107 19 
 108 19 
 109 20 
 110 20 
 111 21 
 112 22 
 112 23 
 112 24 
 111 25 
 110 26 
 109 26 
 108 27 
 107 28 
 106 27 
 105 27 
 104 27 
 103 27 
 102 27 
 101 27 
 100 28 
 99 28 
 98 27 
 97 28 
 97 29 
 96 29 
 95 29 
 94 30 
 93 31 
 92 32 
 91 32 
 90 31 
 89 31 
 88 31 
 87 31 
 86 30 
 85 30 
 84 31 
 83 31 
 82 31 
 81 32 
 80 32 
 79 32 
 78 32 
 77 33 
 76 33 
 75 33 
 74 33 
 74 32 
 73 31 
 72 31 
 71 30 
 70 30 
 69 30 
 68 30 
 67 30 
 66 30 
 65 31 
 64 31 
 63 31 
 62 31 
 61 31 
 60 32 
 59 31 
 58 32 
 58 33 
 57 34 
 57 35 
 56 36 
 55 37 
 54 37 
 53 36 
 52 37 
 51 37 
 50 37 
 49 38 
 48 38 
 47 38 
 46 39 
 45 40 
 45 41 
 45 42 
 44 42 
 43 43 
 43 44 
 42 45 
 42 46 
 41 47 
 40 48 
 39 48 
 38 49 
 37 50 
 37 51 
 36 50 
 35 51 
 34 51 
 33 52 
 32 52 
 31 52 
 30 52 
 29 52 
 28 52 
 27 52 
 26 52 
 25 51 
 24 51 
 23 50 
 22 50 
 21 50 
 20 50 
 19 49 
 18 48 
 17 48 
 16 48 
 15 47 
 14 46 
 13 45 
 12 44 
 12 43 
 11 42 
 10 41 
 9 40 
 8 39 
 7 38 
 7 37 
 6 36 
 5 36 
 5 35 
 6 34 
 5 33 
 5 32 
 5 31 
 5 30 
 5 29 
 5 28 
 5 27 
 5 26 
 5 25 
 5 24 
 5 23 
 6 22 
 7 21 
 7 20 
 8 20 
 9 19 
 10 18 
 11 17 
 11 16 
 12 15 
 13 14 
 14 13 
 15 13 
 16 12 
 17 11 
 18 10 
 19 9 
 20 8 
 21 8 
 22 7 
 23 7 
 24 7 
 25 6 
 26 5