 
 48 4 
 49 4 
 50 4 
 51 4 
 52 4 
 53 4 
 54 4 
 55 4 
 56 4 
 57 4 
 58 4 
 59 4 
 60 4 
 61 4 
 62 4 
 63 5 
 64 4 
 65 5 
 66 5 
 67 5 
 68 5 
 69 6 
 70 6 
 71 7 
 72 7 
 73 8 
 74 8 
 75 9 
 76 10 
 77 10 
 78 11 
 79 12 
 80 12 
 80 13 
 81 14 
 82 14 
 82 15 
 83 16 
 84 16 
 85 17 
 86 18 
 87 19 
 88 19 
 89 20 
 90 21 
 91 21 
 92 22 
 93 22 
 94 23 
 95 22 
 96 22 
 97 22 
 98 22 
 99 22 
 100 21 
 101 22 
 102 21 
 103 21 
 104 21 
 105 21 
 106 21 
 107 21 
 108 21 
 109 21 
 110 22 
 110 23 
 110 24 
 109 25 
 110 26 
 109 27 
 108 28 
 108 29 
 108 30 
 107 31 
 106 32 
 106 33 
 105 34 
 105 35 
 105 36 
 106 37 
 107 37 
 108 38 
 109 39 
 110 39 
 110 40 
 111 41 
 111 42 
 112 43 
 112 44 
 112 45 
 111 46 
 111 47 
 111 48 
 110 49 
 109 50 
 109 51 
 108 51 
 107 52 
 106 53 
 105 53 
 104 54 
 103 55 
 102 55 
 101 56 
 100 56 
 99 57 
 98 58 
 98 59 
 99 60 
 99 61 
 99 62 
 100 63 
 100 64 
 101 65 
 102 66 
 102 67 
 103 68 
 104 69 
 105 69 
 106 70 
 106 71 
 107 72 
 108 73 
 109 74 
 110 75 
 110 76 
 111 77 
 111 78 
 111 79 
 112 80 
 111 81 
 112 82 
 112 83 
 111 84 
 112 85 
 111 86 
 111 87 
 111 88 
 111 89 
 110 90 
 109 91 
 108 91 
 107 92 
 106 91 
 105 92 
 104 92 
 103 91 
 102 91 
 101 91 
 100 90 
 99 90 
 98 90 
 97 89 
 96 89 
 95 88 
 94 88 
 93 88 
 92 87 
 91 87 
 90 87 
 89 87 
 88 86 
 87 86 
 86 86 
 85 86 
 84 86 
 83 87 
 82 87 
 81 87 
 80 88 
 79 88 
 78 89 
 77 90 
 76 91 
 76 92 
 75 93 
 74 94 
 74 95 
 74 96 
 73 97 
 73 98 
 74 99 
 75 100 
 76 99 
 77 100 
 78 100 
 79 100 
 80 100 
 81 101 
 82 101 
 83 101 
 84 102 
 85 102 
 86 102 
 87 102 
 88 103 
 89 103 
 90 103 
 91 103 
 92 104 
 93 105 
 94 104 
 95 105 
 96 105 
 97 106 
 98 106 
 99 107 
 100 107 
 101 107 
 102 108 
 103 109 
 104 109 
 105 110 
 105 111 
 105 112 
 104 113 
 103 114 
 102 114 
 101 115 
 100 115 
 99 116 
 98 117 
 97 117 
 96 117 
 95 118 
 94 118 
 93 119 
 92 119 
 91 120 
 90 120 
 89 121 
 88 121 
 87 122 
 86 122 
 85 122 
 84 123 
 83 123 
 82 123 
 81 124 
 80 123 
 79 124 
 78 124 
 77 124 
 76 124 
 75 124 
 74 124 
 73 124 
 72 124 
 71 124 
 70 124 
 69 124 
 68 124 
 67 123 
 66 123 
 65 123 
 64 123 
 63 122 
 62 122 
 61 121 
 60 121 
 59 120 
 58 120 
 57 119 
 56 119 
 55 119 
 54 118 
 53 118 
 52 118 
 51 117 
 50 117 
 49 116 
 48 116 
 47 116 
 46 115 
 45 115 
 44 115 
 43 115 
 42 115 
 41 114 
 40 114 
 39 113 
 38 112 
 37 112 
 37 111 
 36 110 
 35 109 
 35 108 
 34 107 
 34 106 
 33 105 
 33 104 
 32 103 
 31 102 
 30 101 
 30 100 
 29 99 
 28 99 
 27 98 
 26 98 
 25 98 
 24 98 
 23 99 
 22 99 
 21 98 
 21 97 
 20 96 
 20 95 
 20 94 
 20 93 
 20 92 
 20 91 
 21 90 
 22 89 
 23 88 
 24 87 
 25 86 
 26 85 
 27 85 
 28 84 
 29 84 
 30 83 
 31 82 
 32 82 
 33 81 
 34 81 
 35 80 
 36 80 
 37 79 
 38 78 
 39 78 
 40 77 
 41 76 
 42 75 
 43 75 
 44 74 
 45 73 
 46 72 
 47 71 
 48 70 
 49 69 
 49 68 
 50 67 
 51 66 
 51 65 
 51 64 
 52 63 
 52 62 
 52 61 
 52 60 
 52 59 
 52 58 
 52 57 
 52 56 
 52 55 
 51 54 
 51 53 
 50 52 
 50 51 
 49 50 
 49 49 
 48 48 
 47 47 
 46 46 
 45 45 
 44 44 
 43 43 
 42 43 
 42 42 
 41 41 
 40 41 
 39 40 
 38 40 
 37 39 
 36 38 
 35 38 
 34 37 
 33 37 
 32 36 
 31 36 
 30 35 
 29 35 
 28 34 
 27 34 
 26 33 
 25 33 
 24 32 
 23 32 
 22 32 
 21 31 
 20 30 
 19 30 
 18 29 
 17 28 
 16 27 
 16 26 
 16 25 
 17 24 
 18 23 
 19 23 
 20 22 
 21 22 
 22 21 
 22 20 
 23 20 
 24 19 
 24 18 
 25 17 
 26 17 
 27 16 
 28 15 
 29 14 
 30 14 
 31 13 
 32 12 
 33 11 
 34 11 
 35 10 
 36 10 
 37 9 
 38 9 
 39 8 
 40 7 
 41 7 
 42 6 
 43 6 
 44 5 
 45 5 
 46 5 
 47 4