 
 89 5 
 90 5 
 91 5 
 92 5 
 93 5 
 94 5 
 95 5 
 96 5 
 97 5 
 98 5 
 99 5 
 100 5 
 101 6 
 101 7 
 102 8 
 102 9 
 102 10 
 102 11 
 103 12 
 104 12 
 103 13 
 104 14 
 105 14 
 106 15 
 107 15 
 108 15 
 109 15 
 110 15 
 111 15 
 112 15 
 113 15 
 114 15 
 114 16 
 114 17 
 115 18 
 115 19 
 115 20 
 115 21 
 116 22 
 116 23 
 117 24 
 117 25 
 117 26 
 117 27 
 116 28 
 116 29 
 115 30 
 115 31 
 114 32 
 113 33 
 113 34 
 112 35 
 111 35 
 110 35 
 109 35 
 108 34 
 107 34 
 106 34 
 105 34 
 104 34 
 103 33 
 102 33 
 101 32 
 100 32 
 99 32 
 98 31 
 97 32 
 96 33 
 96 34 
 96 35 
 96 36 
 95 37 
 94 38 
 94 39 
 94 40 
 94 41 
 93 42 
 93 43 
 93 44 
 93 45 
 93 46 
 94 47 
 93 48 
 93 49 
 93 50 
 93 51 
 92 52 
 92 53 
 92 54 
 92 55 
 92 56 
 91 57 
 91 58 
 91 59 
 91 60 
 91 61 
 90 62 
 90 63 
 90 64 
 90 65 
 90 66 
 90 67 
 89 68 
 89 69 
 89 70 
 89 71 
 89 72 
 88 72 
 87 73 
 86 74 
 85 75 
 84 76 
 83 76 
 82 77 
 81 78 
 80 79 
 79 80 
 78 80 
 77 81 
 77 82 
 76 82 
 75 83 
 74 83 
 73 84 
 72 85 
 71 86 
 70 86 
 69 86 
 68 87 
 67 88 
 66 88 
 65 89 
 64 90 
 63 91 
 62 91 
 61 92 
 60 93 
 60 94 
 59 94 
 58 95 
 57 96 
 56 96 
 55 97 
 54 98 
 53 99 
 52 100 
 51 100 
 50 101 
 49 101 
 48 102 
 48 103 
 49 104 
 49 105 
 49 106 
 49 107 
 49 108 
 50 109 
 50 110 
 50 111 
 51 112 
 51 113 
 51 114 
 52 115 
 52 116 
 51 115 
 50 116 
 50 117 
 49 117 
 48 118 
 47 119 
 46 119 
 45 119 
 44 120 
 43 121 
 42 122 
 41 121 
 40 121 
 39 120 
 38 120 
 37 119 
 36 119 
 35 119 
 34 118 
 33 118 
 33 117 
 33 116 
 33 115 
 33 114 
 34 113 
 34 112 
 35 111 
 34 110 
 33 110 
 32 109 
 31 109 
 30 109 
 29 109 
 28 109 
 27 109 
 26 109 
 25 109 
 25 108 
 25 107 
 25 106 
 24 105 
 24 104 
 24 103 
 23 102 
 23 101 
 23 100 
 23 99 
 24 98 
 25 98 
 26 97 
 27 96 
 28 96 
 29 95 
 29 94 
 30 94 
 31 94 
 32 94 
 33 94 
 34 95 
 35 95 
 35 96 
 36 97 
 37 97 
 38 97 
 39 97 
 40 97 
 41 98 
 42 97 
 43 96 
 44 95 
 45 95 
 46 95 
 47 94 
 48 93 
 49 92 
 50 92 
 51 91 
 52 90 
 53 89 
 54 89 
 55 88 
 55 87 
 56 86 
 57 85 
 58 84 
 59 84 
 60 83 
 61 82 
 62 81 
 63 80 
 64 80 
 65 79 
 66 78 
 67 78 
 68 77 
 69 76 
 70 75 
 70 74 
 71 74 
 72 73 
 73 72 
 74 71 
 75 71 
 76 70 
 77 69 
 78 68 
 79 68 
 80 68 
 81 67 
 81 66 
 80 65 
 81 64 
 80 63 
 81 62 
 81 61 
 81 60 
 81 59 
 82 58 
 82 57 
 82 56 
 82 55 
 82 54 
 83 53 
 83 52 
 83 51 
 83 50 
 84 49 
 83 48 
 84 47 
 84 46 
 84 45 
 84 44 
 84 43 
 84 42 
 85 41 
 85 40 
 85 39 
 85 38 
 86 37 
 86 36 
 86 35 
 86 34 
 86 33 
 86 32 
 86 31 
 86 30 
 86 29 
 86 28 
 86 27 
 86 26 
 86 25 
 86 24 
 86 23 
 85 22 
 85 21 
 85 20 
 84 19 
 84 18 
 83 17 
 83 16 
 82 15 
 82 14 
 83 13 
 84 12 
 85 11 
 85 10 
 85 9 
 86 8 
 87 8 
 88 7 
 89 6 
 88 5