 
 73 3 
 74 4 
 75 4 
 76 5 
 77 5 
 78 6 
 79 7 
 80 7 
 81 8 
 82 8 
 83 9 
 84 9 
 85 9 
 86 9 
 87 10 
 88 10 
 89 11 
 90 11 
 91 11 
 92 12 
 93 12 
 94 13 
 95 13 
 96 14 
 97 15 
 98 15 
 99 16 
 100 16 
 101 17 
 102 18 
 103 19 
 104 19 
 104 20 
 105 21 
 106 21 
 106 22 
 107 23 
 108 24 
 108 25 
 109 26 
 109 27 
 109 28 
 109 29 
 109 30 
 109 31 
 109 32 
 109 33 
 109 34 
 109 35 
 108 36 
 108 37 
 108 38 
 107 39 
 107 40 
 106 41 
 107 42 
 108 43 
 109 44 
 110 44 
 110 45 
 111 46 
 112 47 
 113 48 
 113 49 
 113 50 
 113 51 
 113 52 
 112 53 
 112 54 
 111 55 
 110 56 
 109 57 
 108 58 
 107 58 
 106 59 
 105 60 
 104 60 
 103 61 
 102 61 
 101 62 
 100 62 
 99 63 
 100 64 
 100 65 
 101 66 
 101 67 
 101 68 
 102 69 
 103 70 
 103 71 
 104 72 
 105 73 
 106 74 
 107 75 
 108 76 
 109 77 
 110 78 
 110 79 
 111 80 
 112 81 
 112 82 
 113 83 
 113 84 
 113 85 
 113 86 
 113 87 
 113 88 
 113 89 
 113 90 
 113 91 
 112 92 
 112 93 
 111 94 
 111 95 
 110 95 
 109 96 
 108 96 
 107 96 
 106 96 
 105 96 
 104 95 
 103 95 
 102 94 
 101 94 
 100 94 
 99 94 
 98 93 
 97 93 
 96 92 
 95 92 
 94 92 
 93 91 
 92 91 
 91 91 
 90 91 
 89 90 
 88 91 
 87 90 
 86 91 
 85 91 
 84 91 
 83 91 
 82 92 
 81 93 
 80 94 
 79 95 
 78 96 
 77 97 
 77 98 
 77 99 
 76 100 
 76 101 
 75 102 
 76 103 
 77 103 
 78 103 
 79 103 
 80 104 
 81 104 
 82 104 
 83 104 
 84 105 
 85 105 
 86 105 
 87 106 
 88 106 
 89 106 
 90 107 
 91 107 
 92 107 
 93 107 
 94 108 
 95 108 
 96 109 
 97 109 
 98 109 
 99 110 
 100 110 
 101 110 
 102 111 
 103 111 
 104 112 
 105 113 
 106 113 
 106 114 
 107 115 
 106 116 
 105 117 
 104 117 
 103 118 
 102 119 
 101 119 
 100 120 
 99 120 
 98 121 
 97 121 
 96 121 
 95 122 
 94 122 
 93 123 
 92 123 
 91 124 
 90 124 
 89 125 
 88 125 
 87 125 
 86 126 
 85 126 
 84 126 
 83 127 
 82 127 
 81 127 
 80 127 
 79 127 
 78 127 
 77 127 
 76 127 
 75 127 
 74 127 
 73 127 
 72 127 
 71 127 
 70 127 
 69 126 
 68 126 
 67 126 
 66 125 
 65 125 
 64 124 
 63 124 
 62 123 
 61 123 
 60 123 
 59 122 
 58 122 
 57 121 
 56 121 
 55 121 
 54 120 
 53 120 
 52 120 
 51 119 
 50 119 
 49 118 
 48 119 
 47 118 
 46 118 
 45 118 
 44 117 
 43 116 
 42 116 
 41 115 
 40 114 
 40 113 
 39 112 
 38 111 
 38 110 
 37 109 
 37 108 
 36 107 
 35 106 
 35 105 
 34 104 
 33 103 
 32 102 
 31 102 
 30 101 
 29 102 
 28 102 
 27 103 
 26 103 
 26 102 
 25 101 
 24 100 
 24 99 
 23 98 
 23 97 
 22 96 
 22 95 
 22 94 
 22 93 
 22 92 
 22 91 
 23 90 
 22 89 
 23 88 
 23 87 
 24 86 
 24 85 
 25 84 
 25 83 
 26 82 
 26 81 
 27 80 
 28 79 
 28 78 
 29 77 
 29 76 
 30 75 
 30 74 
 30 73 
 31 72 
 31 71 
 31 70 
 32 69 
 32 68 
 32 67 
 33 66 
 33 65 
 33 64 
 33 63 
 33 62 
 33 61 
 33 60 
 33 59 
 33 58 
 33 57 
 33 56 
 33 55 
 33 54 
 32 53 
 32 52 
 32 51 
 31 50 
 31 49 
 30 48 
 29 47 
 29 46 
 28 45 
 28 44 
 27 43 
 26 43 
 26 42 
 25 41 
 24 41 
 23 40 
 22 39 
 21 38 
 20 37 
 19 37 
 19 36 
 18 35 
 18 34 
 18 33 
 19 32 
 20 31 
 21 31 
 22 30 
 23 30 
 24 29 
 25 28 
 26 27 
 27 27 
 28 26 
 28 25 
 29 24 
 30 24 
 31 23 
 32 22 
 33 21 
 34 21 
 35 20 
 36 19 
 37 18 
 38 18 
 39 17 
 40 17 
 41 16 
 42 15 
 43 15 
 44 14 
 45 14 
 46 13 
 47 13 
 48 12 
 49 12 
 50 12 
 51 11 
 52 11 
 53 11 
 54 11 
 55 11 
 56 11 
 57 11 
 58 11 
 59 11 
 60 11 
 61 11 
 62 11 
 63 11 
 64 10 
 65 10 
 66 10 
 67 10 
 68 9 
 69 9 
 70 8 
 71 7 
 71 6 
 72 5 
 71 4 
 72 3