 
 49 5 
 50 5 
 51 5 
 52 5 
 53 5 
 54 5 
 55 6 
 56 6 
 57 6 
 58 7 
 59 7 
 60 8 
 61 7 
 62 8 
 63 8 
 64 9 
 65 10 
 65 11 
 66 12 
 67 12 
 68 11 
 69 10 
 70 10 
 71 9 
 72 9 
 73 9 
 74 9 
 75 10 
 76 9 
 77 9 
 78 10 
 78 11 
 79 12 
 80 12 
 81 13 
 82 14 
 83 15 
 83 16 
 84 17 
 84 18 
 85 19 
 85 20 
 86 21 
 87 22 
 87 23 
 88 24 
 88 25 
 87 26 
 88 27 
 88 28 
 88 29 
 88 30 
 89 31 
 89 32 
 89 33 
 89 34 
 89 35 
 89 36 
 89 37 
 89 38 
 89 39 
 89 40 
 89 41 
 89 42 
 89 43 
 89 44 
 89 45 
 89 46 
 89 47 
 89 48 
 89 49 
 89 50 
 89 51 
 90 52 
 91 53 
 91 54 
 91 55 
 92 56 
 92 57 
 92 58 
 92 59 
 92 60 
 92 61 
 91 62 
 91 63 
 90 64 
 89 65 
 89 66 
 89 67 
 89 68 
 88 69 
 88 70 
 88 71 
 88 72 
 88 73 
 88 74 
 87 75 
 86 75 
 85 75 
 84 75 
 83 76 
 83 77 
 83 78 
 84 79 
 84 80 
 83 81 
 83 82 
 82 83 
 82 84 
 82 85 
 81 86 
 81 87 
 80 88 
 80 89 
 79 90 
 79 91 
 79 92 
 79 93 
 79 94 
 79 95 
 79 96 
 79 97 
 79 98 
 79 99 
 79 100 
 78 101 
 78 102 
 77 103 
 76 104 
 75 105 
 75 106 
 74 106 
 73 107 
 72 108 
 71 109 
 70 110 
 69 111 
 69 112 
 68 112 
 67 113 
 66 112 
 65 113 
 65 114 
 64 115 
 63 116 
 62 117 
 61 117 
 60 117 
 59 117 
 58 118 
 57 119 
 56 119 
 55 119 
 54 118 
 53 117 
 52 116 
 52 115 
 51 114 
 50 113 
 49 112 
 49 111 
 48 110 
 47 110 
 47 109 
 46 108 
 45 108 
 44 107 
 43 106 
 42 105 
 41 105 
 40 104 
 39 103 
 38 102 
 37 101 
 37 100 
 37 99 
 37 98 
 37 97 
 37 96 
 37 95 
 36 94 
 35 93 
 35 92 
 34 91 
 33 90 
 32 90 
 33 89 
 32 88 
 31 88 
 31 87 
 32 86 
 31 85 
 31 84 
 31 83 
 31 82 
 31 81 
 31 80 
 30 79 
 29 78 
 28 78 
 28 77 
 27 76 
 26 75 
 26 74 
 25 73 
 25 72 
 24 71 
 23 70 
 23 69 
 22 68 
 22 67 
 21 66 
 20 65 
 19 64 
 18 63 
 18 62 
 19 61 
 19 60 
 19 59 
 20 58 
 21 57 
 22 57 
 23 57 
 24 57 
 25 57 
 26 56 
 26 55 
 25 54 
 25 53 
 24 52 
 25 51 
 25 50 
 25 49 
 24 48 
 25 47 
 25 46 
 25 45 
 25 44 
 24 43 
 25 42 
 25 41 
 25 40 
 25 39 
 24 38 
 24 37 
 25 36 
 26 35 
 26 34 
 26 33 
 26 32 
 26 31 
 27 30 
 27 29 
 27 28 
 27 27 
 27 26 
 27 25 
 28 24 
 28 23 
 29 22 
 29 21 
 30 20 
 31 20 
 32 19 
 32 18 
 33 17 
 34 16 
 35 15 
 36 14 
 37 13 
 38 12 
 39 11 
 40 10 
 41 9 
 42 8 
 43 7 
 44 6 
 45 6 
 46 6 
 47 6 
 48 5