 
 16 4 
 17 4 
 18 4 
 19 5 
 19 6 
 20 7 
 21 8 
 22 9 
 23 9 
 23 10 
 24 11 
 25 12 
 25 13 
 26 14 
 26 15 
 26 16 
 26 17 
 27 18 
 26 19 
 27 20 
 27 21 
 26 22 
 27 23 
 27 24 
 28 25 
 28 26 
 28 27 
 29 28 
 30 29 
 31 30 
 32 31 
 33 32 
 34 33 
 35 33 
 36 34 
 37 35 
 38 36 
 39 36 
 40 37 
 41 38 
 42 38 
 43 39 
 44 40 
 45 40 
 46 41 
 47 42 
 48 42 
 49 43 
 50 43 
 51 44 
 52 45 
 53 45 
 54 46 
 55 46 
 56 47 
 57 47 
 58 47 
 59 48 
 60 49 
 61 49 
 62 50 
 63 51 
 64 51 
 65 51 
 65 52 
 66 53 
 67 53 
 68 54 
 69 54 
 70 55 
 71 56 
 72 56 
 73 56 
 74 57 
 75 58 
 76 58 
 77 59 
 78 59 
 79 60 
 80 60 
 81 60 
 82 60 
 83 61 
 84 60 
 85 60 
 86 61 
 87 60 
 88 60 
 89 61 
 90 60 
 91 60 
 92 59 
 93 60 
 94 60 
 95 60 
 96 60 
 97 59 
 98 59 
 99 59 
 100 59 
 101 58 
 102 58 
 103 58 
 104 57 
 105 58 
 106 57 
 107 57 
 108 57 
 109 57 
 110 58 
 110 59 
 110 60 
 111 61 
 110 62 
 110 63 
 111 64 
 110 65 
 110 66 
 109 67 
 109 68 
 109 69 
 108 70 
 107 70 
 106 71 
 105 71 
 104 72 
 103 72 
 102 73 
 101 73 
 100 74 
 99 74 
 98 74 
 97 74 
 96 74 
 95 75 
 94 75 
 93 75 
 92 75 
 91 75 
 90 76 
 89 76 
 88 76 
 87 77 
 86 76 
 85 77 
 84 76 
 83 77 
 82 76 
 81 77 
 80 78 
 80 79 
 79 79 
 78 80 
 77 81 
 76 81 
 75 81 
 74 82 
 73 82 
 72 83 
 71 83 
 70 84 
 69 85 
 68 85 
 67 86 
 66 87 
 65 88 
 65 89 
 64 88 
 63 89 
 63 90 
 62 91 
 61 92 
 60 93 
 60 94 
 59 95 
 58 95 
 57 96 
 56 97 
 55 97 
 54 97 
 53 97 
 52 98 
 52 99 
 52 100 
 51 100 
 50 101 
 49 101 
 48 102 
 47 102 
 46 103 
 45 102 
 44 102 
 45 101 
 46 100 
 47 100 
 48 99 
 48 98 
 49 97 
 49 96 
 49 95 
 49 94 
 48 93 
 47 93 
 46 92 
 45 92 
 44 93 
 43 94 
 42 94 
 41 95 
 40 95 
 39 96 
 38 97 
 37 98 
 36 99 
 35 100 
 34 101 
 33 102 
 32 103 
 31 102 
 30 103 
 29 102 
 30 101 
 31 100 
 32 99 
 32 98 
 33 97 
 34 96 
 35 95 
 36 94 
 37 93 
 38 92 
 39 91 
 39 90 
 39 89 
 38 88 
 38 87 
 38 86 
 38 85 
 37 84 
 36 84 
 35 84 
 35 83 
 34 82 
 33 81 
 32 80 
 31 80 
 30 79 
 30 78 
 29 77 
 28 76 
 27 75 
 26 74 
 26 73 
 25 72 
 24 71 
 23 70 
 23 69 
 22 68 
 22 67 
 21 66 
 21 65 
 20 64 
 19 63 
 19 62 
 18 61 
 18 60 
 18 59 
 17 58 
 16 57 
 15 56 
 15 55 
 14 54 
 13 53 
 13 52 
 12 51 
 12 50 
 11 49 
 12 48 
 11 47 
 11 46 
 11 45 
 10 44 
 11 43 
 10 42 
 11 41 
 10 40 
 11 39 
 10 38 
 11 37 
 10 36 
 11 35 
 10 34 
 11 33 
 10 32 
 11 31 
 11 30 
 11 29 
 11 28 
 12 27 
 11 26 
 11 25 
 12 24 
 12 23 
 11 22 
 10 21 
 9 21 
 8 20 
 7 20 
 6 20 
 5 20 
 4 20 
 3 19 
 4 18 
 4 17 
 5 16 
 6 16 
 7 15 
 6 14 
 7 13 
 7 12 
 8 11 
 9 10 
 10 9 
 11 8 
 12 7 
 12 6 
 13 6 
 14 5 
 15 4