 
 57 5 
 58 5 
 59 5 
 60 5 
 61 5 
 62 5 
 63 5 
 64 5 
 65 5 
 66 5 
 67 6 
 68 6 
 69 6 
 70 6 
 71 7 
 72 6 
 73 7 
 74 6 
 75 6 
 76 7 
 77 7 
 78 6 
 79 7 
 80 6 
 81 6 
 82 7 
 83 6 
 84 6 
 85 7 
 86 7 
 87 8 
 88 8 
 89 9 
 90 9 
 90 10 
 90 11 
 90 12 
 90 13 
 90 14 
 90 15 
 90 16 
 90 17 
 91 18 
 92 19 
 93 19 
 94 20 
 95 21 
 96 22 
 97 22 
 98 22 
 99 22 
 100 22 
 101 22 
 102 22 
 103 22 
 104 22 
 105 22 
 106 22 
 107 22 
 108 22 
 109 22 
 110 22 
 111 22 
 112 22 
 113 22 
 114 22 
 115 23 
 116 24 
 116 25 
 116 26 
 116 27 
 116 28 
 116 29 
 116 30 
 115 31 
 114 32 
 113 33 
 113 34 
 113 35 
 112 36 
 112 37 
 111 38 
 110 39 
 109 40 
 108 41 
 107 41 
 106 42 
 105 42 
 104 43 
 103 44 
 103 45 
 103 46 
 103 47 
 104 48 
 104 49 
 103 50 
 103 51 
 103 52 
 102 53 
 101 53 
 100 54 
 99 55 
 98 55 
 97 55 
 97 54 
 96 53 
 95 52 
 94 51 
 93 51 
 92 51 
 91 51 
 90 51 
 89 51 
 88 52 
 87 52 
 86 53 
 85 53 
 84 52 
 83 53 
 82 52 
 81 53 
 80 52 
 79 52 
 78 52 
 77 52 
 76 53 
 75 52 
 74 53 
 73 52 
 72 53 
 71 52 
 70 52 
 69 52 
 68 53 
 67 54 
 67 55 
 67 56 
 67 57 
 66 58 
 66 59 
 65 59 
 64 59 
 63 60 
 62 60 
 61 60 
 60 59 
 59 59 
 58 59 
 57 59 
 56 59 
 55 58 
 54 58 
 53 57 
 52 56 
 52 55 
 52 54 
 52 53 
 51 52 
 51 51 
 50 50 
 49 51 
 49 52 
 48 53 
 47 53 
 46 53 
 45 52 
 44 53 
 43 52 
 42 52 
 41 52 
 40 52 
 39 53 
 38 52 
 37 53 
 36 52 
 35 52 
 34 52 
 33 52 
 32 52 
 31 52 
 30 53 
 29 52 
 28 53 
 27 52 
 26 53 
 25 52 
 24 52 
 23 52 
 22 52 
 21 53 
 20 54 
 20 55 
 19 55 
 18 56 
 17 57 
 16 57 
 15 57 
 14 57 
 13 56 
 12 56 
 11 55 
 10 54 
 9 53 
 8 52 
 8 51 
 8 50 
 8 49 
 8 48 
 8 47 
 8 46 
 8 45 
 8 44 
 8 43 
 8 42 
 8 41 
 8 40 
 7 39 
 6 38 
 5 37 
 5 36 
 5 35 
 5 34 
 5 33 
 6 32 
 6 31 
 7 30 
 7 29 
 7 28 
 8 29 
 9 28 
 10 27 
 11 27 
 12 26 
 13 25 
 14 25 
 15 24 
 16 24 
 17 24 
 18 23 
 19 24 
 20 23 
 21 23 
 22 23 
 23 23 
 24 23 
 25 23 
 26 23 
 27 23 
 28 23 
 29 23 
 30 23 
 31 23 
 32 23 
 33 23 
 34 22 
 33 21 
 34 20 
 35 19 
 35 18 
 36 19 
 37 19 
 37 20 
 38 21 
 39 21 
 40 20 
 41 19 
 42 18 
 43 17 
 44 17 
 45 17 
 46 17 
 47 17 
 48 17 
 49 17 
 50 18 
 51 19 
 52 19 
 53 19 
 54 20 
 55 19 
 55 18 
 54 17 
 55 16 
 55 15 
 55 14 
 55 13 
 55 12 
 55 11 
 55 10 
 55 9 
 55 8 
 55 7 
 55 6 
 56 5