 
 54 5 
 55 6 
 56 6 
 57 6 
 57 7 
 57 8 
 56 9 
 57 10 
 57 11 
 57 12 
 58 13 
 58 14 
 58 15 
 58 16 
 59 17 
 60 17 
 61 17 
 62 17 
 63 17 
 64 17 
 65 17 
 66 17 
 67 17 
 68 17 
 69 18 
 69 19 
 68 20 
 67 21 
 66 20 
 65 20 
 64 20 
 63 21 
 62 22 
 61 21 
 60 22 
 59 22 
 58 23 
 59 24 
 59 25 
 59 26 
 59 27 
 59 28 
 59 29 
 59 30 
 59 31 
 59 32 
 59 33 
 59 34 
 59 35 
 59 36 
 59 37 
 60 38 
 61 38 
 62 38 
 63 38 
 64 38 
 65 39 
 66 39 
 67 39 
 68 39 
 69 40 
 70 39 
 71 40 
 72 40 
 73 40 
 74 40 
 75 40 
 76 40 
 77 40 
 78 40 
 78 41 
 79 42 
 80 42 
 81 42 
 82 42 
 83 41 
 84 42 
 85 42 
 85 43 
 86 44 
 85 45 
 85 46 
 86 47 
 87 48 
 88 49 
 89 50 
 90 50 
 91 50 
 92 50 
 93 51 
 94 52 
 95 52 
 96 53 
 97 54 
 98 54 
 98 55 
 99 56 
 100 55 
 101 55 
 102 56 
 103 57 
 104 57 
 104 58 
 104 59 
 104 60 
 104 61 
 104 62 
 103 63 
 102 64 
 102 65 
 101 66 
 100 67 
 100 68 
 100 69 
 99 70 
 98 71 
 97 72 
 96 73 
 95 73 
 94 73 
 93 74 
 92 74 
 91 75 
 90 76 
 89 76 
 88 77 
 87 77 
 86 77 
 85 78 
 84 79 
 83 78 
 82 79 
 81 78 
 80 79 
 79 80 
 78 80 
 77 79 
 76 79 
 75 80 
 74 80 
 73 80 
 72 80 
 71 80 
 70 80 
 69 80 
 68 80 
 67 80 
 66 80 
 65 80 
 64 80 
 63 80 
 62 80 
 61 80 
 60 80 
 59 80 
 58 80 
 57 80 
 56 80 
 55 80 
 54 80 
 53 80 
 52 80 
 51 80 
 50 80 
 49 80 
 48 80 
 47 80 
 46 80 
 45 80 
 44 80 
 43 80 
 42 80 
 41 80 
 40 80 
 39 80 
 38 79 
 37 79 
 36 79 
 35 79 
 34 80 
 33 80 
 33 79 
 32 78 
 31 78 
 30 79 
 29 79 
 28 78 
 27 77 
 26 77 
 25 77 
 24 77 
 23 76 
 22 76 
 21 76 
 20 76 
 19 75 
 18 74 
 17 74 
 16 74 
 15 73 
 14 73 
 13 73 
 12 73 
 11 72 
 10 72 
 9 71 
 8 70 
 7 70 
 6 70 
 7 69 
 6 68 
 5 68 
 5 67 
 5 66 
 5 65 
 5 64 
 5 63 
 5 62 
 5 61 
 5 60 
 5 59 
 6 58 
 7 57 
 7 56 
 8 56 
 9 56 
 10 55 
 11 55 
 12 54 
 13 53 
 14 52 
 15 52 
 16 51 
 17 51 
 18 51 
 19 50 
 20 50 
 21 49 
 21 48 
 21 47 
 21 46 
 22 46 
 23 45 
 23 44 
 24 43 
 25 43 
 26 43 
 27 42 
 28 42 
 29 41 
 30 40 
 31 40 
 32 39 
 33 39 
 34 39 
 35 39 
 36 38 
 37 38 
 38 38 
 39 38 
 40 38 
 41 38 
 42 38 
 43 37 
 44 38 
 45 37 
 46 38 
 47 37 
 48 37 
 49 36 
 50 35 
 50 34 
 50 33 
 50 32 
 50 31 
 50 30 
 50 29 
 50 28 
 50 27 
 50 26 
 50 25 
 50 24 
 50 23 
 49 22 
 48 22 
 47 22 
 46 22 
 45 22 
 44 21 
 43 20 
 43 19 
 44 18 
 44 17 
 45 17 
 46 17 
 47 16 
 48 16 
 49 16 
 50 16 
 51 16 
 52 16 
 53 16 
 54 15 
 54 14 
 54 13 
 54 12 
 54 11 
 53 10 
 52 9 
 52 8 
 52 7 
 52 6 
 53 5