 
 16 4 
 17 3 
 18 4 
 19 3 
 20 4 
 21 4 
 22 4 
 23 4 
 24 5 
 25 5 
 26 6 
 27 6 
 27 7 
 28 8 
 29 8 
 29 9 
 29 10 
 30 11 
 31 12 
 31 13 
 31 14 
 31 15 
 30 16 
 31 17 
 31 18 
 31 19 
 31 20 
 31 21 
 32 22 
 32 23 
 32 24 
 33 25 
 33 26 
 33 27 
 34 28 
 35 29 
 35 30 
 36 31 
 37 32 
 38 33 
 38 34 
 39 35 
 40 35 
 41 36 
 42 36 
 43 37 
 44 37 
 45 38 
 46 38 
 47 39 
 48 39 
 49 40 
 50 40 
 51 41 
 52 41 
 53 42 
 54 42 
 55 42 
 56 43 
 57 44 
 58 44 
 59 44 
 60 45 
 61 45 
 62 45 
 63 46 
 64 46 
 65 47 
 66 47 
 67 47 
 68 48 
 69 49 
 70 49 
 71 49 
 72 50 
 73 51 
 74 51 
 75 51 
 76 51 
 77 52 
 78 52 
 79 52 
 80 52 
 81 53 
 82 53 
 83 53 
 84 54 
 85 53 
 86 54 
 87 54 
 88 54 
 89 54 
 90 54 
 91 55 
 92 54 
 93 55 
 94 55 
 95 55 
 96 56 
 97 56 
 98 56 
 99 56 
 100 57 
 101 58 
 102 59 
 103 60 
 103 61 
 104 62 
 105 63 
 106 63 
 107 63 
 108 64 
 109 65 
 110 65 
 110 66 
 111 67 
 110 68 
 110 69 
 110 70 
 109 71 
 108 72 
 107 72 
 106 73 
 105 73 
 104 72 
 103 72 
 102 72 
 101 72 
 100 71 
 99 71 
 98 71 
 97 70 
 96 70 
 95 70 
 94 69 
 93 69 
 92 69 
 91 68 
 90 68 
 89 68 
 88 68 
 87 68 
 86 68 
 85 68 
 84 68 
 83 68 
 82 68 
 81 69 
 80 69 
 79 69 
 78 69 
 77 69 
 76 69 
 75 70 
 74 71 
 73 70 
 72 71 
 71 71 
 70 72 
 69 72 
 68 73 
 67 73 
 66 74 
 65 74 
 64 75 
 63 75 
 62 75 
 61 75 
 60 75 
 59 76 
 58 76 
 57 76 
 56 77 
 55 77 
 54 77 
 53 78 
 52 78 
 51 78 
 50 79 
 49 79 
 48 80 
 48 81 
 49 82 
 49 83 
 48 83 
 47 82 
 46 82 
 45 82 
 44 81 
 43 82 
 42 81 
 41 81 
 40 81 
 39 81 
 38 81 
 37 81 
 36 81 
 35 81 
 34 82 
 33 82 
 32 83 
 31 83 
 30 83 
 29 83 
 30 82 
 30 81 
 31 81 
 32 80 
 33 79 
 34 79 
 35 78 
 36 78 
 37 77 
 36 76 
 37 75 
 37 74 
 36 73 
 36 72 
 35 71 
 34 70 
 33 71 
 32 70 
 31 70 
 30 69 
 29 69 
 28 68 
 27 68 
 26 68 
 25 67 
 24 67 
 23 66 
 22 66 
 21 65 
 20 64 
 19 64 
 18 63 
 17 62 
 17 61 
 16 60 
 15 59 
 15 58 
 14 57 
 13 56 
 13 55 
 13 54 
 12 53 
 12 52 
 12 51 
 11 50 
 11 49 
 11 48 
 12 47 
 11 46 
 12 45 
 11 44 
 11 43 
 12 42 
 11 41 
 12 40 
 11 39 
 12 38 
 12 37 
 12 36 
 12 35 
 13 34 
 12 33 
 13 32 
 13 31 
 13 30 
 14 29 
 13 28 
 14 27 
 14 26 
 14 25 
 15 24 
 15 23 
 14 22 
 15 21 
 15 20 
 14 19 
 15 18 
 14 17 
 13 16 
 12 15 
 11 15 
 10 16 
 9 15 
 8 16 
 7 15 
 6 16 
 5 15 
 4 15 
 3 14 
 4 13 
 5 12 
 5 11 
 6 11 
 7 10 
 7 9 
 8 8 
 9 7 
 10 6 
 11 5 
 12 5 
 13 4 
 14 4 
 15 3