 
 64 6 
 65 6 
 66 6 
 67 6 
 68 6 
 69 5 
 70 6 
 71 5 
 72 6 
 73 6 
 74 6 
 75 6 
 76 6 
 77 6 
 78 6 
 79 6 
 80 6 
 81 6 
 82 6 
 83 6 
 84 7 
 85 7 
 86 8 
 87 9 
 88 9 
 88 10 
 88 11 
 88 12 
 88 13 
 88 14 
 88 15 
 89 16 
 89 17 
 90 18 
 91 18 
 91 19 
 92 20 
 93 21 
 94 21 
 95 21 
 96 22 
 97 22 
 98 23 
 99 23 
 100 23 
 101 24 
 102 24 
 103 24 
 104 24 
 105 25 
 106 24 
 107 25 
 108 24 
 109 24 
 110 24 
 111 24 
 112 24 
 113 25 
 114 26 
 114 27 
 114 28 
 113 29 
 113 30 
 113 31 
 113 32 
 112 33 
 111 34 
 112 35 
 111 36 
 111 37 
 111 38 
 111 39 
 110 40 
 110 41 
 109 42 
 108 43 
 107 42 
 106 43 
 106 44 
 105 45 
 105 46 
 105 47 
 104 48 
 104 49 
 103 50 
 102 50 
 101 50 
 100 51 
 99 50 
 98 50 
 97 50 
 96 50 
 95 50 
 94 50 
 93 49 
 92 49 
 91 49 
 90 49 
 89 49 
 88 48 
 87 48 
 86 49 
 85 48 
 84 49 
 83 48 
 82 48 
 81 48 
 80 48 
 79 48 
 78 48 
 77 49 
 76 48 
 75 48 
 74 49 
 73 48 
 72 48 
 71 49 
 70 48 
 69 48 
 68 48 
 67 49 
 66 48 
 65 49 
 64 50 
 63 51 
 62 51 
 61 52 
 62 53 
 61 54 
 61 55 
 60 56 
 59 57 
 58 57 
 57 57 
 56 57 
 55 57 
 54 56 
 55 55 
 54 54 
 53 53 
 52 52 
 51 53 
 51 54 
 50 53 
 49 52 
 48 53 
 47 52 
 46 53 
 46 54 
 45 54 
 44 54 
 43 54 
 42 54 
 41 54 
 40 53 
 39 53 
 38 53 
 37 53 
 36 53 
 36 52 
 35 51 
 34 51 
 33 51 
 32 51 
 31 50 
 30 50 
 29 50 
 28 50 
 27 50 
 26 50 
 25 50 
 24 50 
 23 50 
 22 51 
 21 52 
 20 53 
 20 54 
 19 55 
 19 56 
 18 56 
 17 55 
 16 55 
 15 55 
 14 55 
 13 55 
 13 54 
 12 53 
 12 52 
 11 51 
 10 50 
 10 49 
 10 48 
 9 47 
 9 46 
 9 45 
 9 44 
 9 43 
 9 42 
 9 41 
 9 40 
 9 39 
 9 38 
 10 37 
 9 36 
 9 35 
 8 34 
 7 34 
 6 34 
 5 33 
 5 32 
 6 31 
 6 30 
 7 29 
 8 29 
 9 28 
 10 27 
 10 26 
 11 27 
 12 26 
 13 26 
 14 25 
 15 25 
 16 24 
 17 24 
 18 24 
 19 24 
 20 24 
 21 25 
 22 24 
 23 24 
 24 24 
 25 24 
 26 23 
 27 23 
 28 23 
 29 23 
 30 23 
 31 23 
 32 23 
 33 23 
 34 23 
 35 22 
 35 21 
 36 20 
 37 20 
 38 20 
 39 19 
 40 20 
 41 19 
 41 18 
 42 18 
 43 17 
 44 17 
 45 17 
 46 17 
 47 16 
 48 16 
 49 17 
 50 17 
 51 17 
 52 17 
 53 16 
 54 15 
 54 14 
 54 13 
 54 12 
 55 11 
 55 10 
 56 9 
 57 9 
 58 8 
 59 8 
 60 7 
 61 7 
 62 6 
 63 5