 
 55 5 
 56 6 
 57 7 
 57 8 
 57 9 
 57 10 
 57 11 
 57 12 
 57 13 
 57 14 
 57 15 
 57 16 
 56 17 
 57 18 
 58 17 
 59 18 
 60 18 
 61 18 
 62 17 
 63 17 
 64 18 
 65 17 
 66 17 
 67 18 
 67 19 
 67 20 
 66 21 
 66 22 
 65 21 
 64 22 
 64 23 
 63 22 
 62 23 
 61 23 
 60 23 
 59 23 
 58 24 
 57 25 
 57 26 
 57 27 
 57 28 
 57 29 
 57 30 
 57 31 
 57 32 
 58 33 
 58 34 
 58 35 
 59 36 
 60 36 
 61 36 
 62 37 
 63 36 
 64 37 
 65 37 
 66 37 
 67 37 
 68 38 
 69 39 
 70 39 
 71 39 
 72 40 
 73 39 
 74 40 
 75 40 
 76 40 
 77 40 
 78 40 
 79 41 
 80 41 
 81 40 
 82 41 
 82 42 
 83 43 
 83 44 
 84 45 
 84 46 
 84 47 
 84 48 
 85 49 
 86 50 
 86 51 
 87 52 
 88 51 
 89 52 
 90 52 
 91 53 
 92 53 
 93 53 
 94 53 
 95 54 
 96 54 
 96 55 
 97 56 
 98 56 
 98 57 
 99 58 
 100 59 
 101 60 
 102 61 
 103 62 
 104 63 
 104 64 
 104 65 
 103 66 
 102 67 
 102 68 
 101 69 
 100 70 
 99 71 
 98 71 
 97 72 
 96 73 
 95 73 
 94 73 
 93 74 
 92 74 
 91 75 
 90 76 
 89 77 
 88 78 
 87 79 
 86 78 
 85 79 
 84 79 
 83 79 
 82 79 
 81 80 
 80 80 
 79 80 
 78 80 
 77 80 
 76 81 
 75 81 
 74 80 
 73 81 
 72 81 
 71 82 
 70 82 
 69 83 
 68 83 
 67 82 
 66 83 
 65 83 
 64 82 
 63 83 
 62 83 
 61 83 
 60 83 
 59 83 
 58 83 
 57 83 
 56 83 
 55 83 
 54 83 
 53 83 
 52 83 
 51 83 
 50 83 
 49 83 
 48 83 
 47 83 
 46 82 
 45 82 
 44 82 
 43 82 
 43 81 
 42 80 
 41 81 
 40 80 
 39 80 
 38 80 
 37 80 
 36 79 
 35 79 
 34 79 
 33 78 
 32 77 
 31 77 
 30 77 
 29 76 
 28 77 
 27 76 
 26 76 
 25 76 
 24 75 
 23 75 
 22 75 
 21 75 
 20 75 
 19 75 
 18 74 
 17 74 
 16 73 
 15 74 
 15 75 
 14 74 
 13 74 
 12 73 
 11 72 
 10 72 
 9 72 
 8 71 
 8 70 
 7 69 
 6 68 
 5 68 
 5 67 
 5 66 
 5 65 
 5 64 
 6 63 
 7 62 
 7 61 
 8 60 
 9 59 
 10 58 
 11 57 
 11 56 
 12 56 
 13 55 
 14 55 
 15 54 
 16 54 
 17 54 
 18 53 
 19 52 
 20 51 
 21 50 
 22 50 
 23 49 
 23 48 
 23 47 
 23 46 
 24 47 
 25 46 
 26 45 
 27 44 
 28 44 
 29 43 
 30 43 
 31 44 
 32 43 
 33 43 
 34 42 
 35 42 
 36 42 
 37 42 
 38 41 
 39 41 
 40 40 
 41 40 
 42 40 
 43 40 
 44 40 
 45 40 
 46 40 
 47 39 
 48 39 
 49 38 
 50 37 
 50 36 
 51 35 
 51 34 
 51 33 
 51 32 
 51 31 
 51 30 
 51 29 
 51 28 
 51 27 
 51 26 
 51 25 
 50 24 
 49 23 
 48 22 
 47 23 
 46 23 
 45 22 
 44 23 
 43 23 
 42 22 
 41 23 
 40 22 
 40 21 
 40 20 
 41 19 
 42 19 
 43 18 
 44 19 
 45 18 
 46 19 
 47 18 
 48 18 
 49 19 
 50 18 
 51 19 
 52 18 
 53 17 
 54 16 
 53 15 
 52 14 
 52 13 
 52 12 
 52 11 
 52 10 
 52 9 
 52 8 
 52 7 
 52 6 
 53 6 
 54 5