 
 22 4 
 23 4 
 24 4 
 25 5 
 26 6 
 27 5 
 28 6 
 29 6 
 30 6 
 31 6 
 31 7 
 32 8 
 33 8 
 34 8 
 35 8 
 36 9 
 37 10 
 38 10 
 39 11 
 40 11 
 41 11 
 42 11 
 43 12 
 44 12 
 45 13 
 46 13 
 47 13 
 48 13 
 49 13 
 50 13 
 51 13 
 52 13 
 53 13 
 54 13 
 55 13 
 56 13 
 57 13 
 58 13 
 59 13 
 60 12 
 61 11 
 62 12 
 63 11 
 64 10 
 65 10 
 66 10 
 67 10 
 68 10 
 69 10 
 70 10 
 71 10 
 72 10 
 73 10 
 74 10 
 75 10 
 76 10 
 77 10 
 78 10 
 79 10 
 80 11 
 81 11 
 81 12 
 82 13 
 83 14 
 84 14 
 85 13 
 86 14 
 87 15 
 88 14 
 89 15 
 90 16 
 91 15 
 92 16 
 93 16 
 94 15 
 95 16 
 96 16 
 97 16 
 98 16 
 99 16 
 100 16 
 101 16 
 102 16 
 103 16 
 104 16 
 105 16 
 106 16 
 107 17 
 108 18 
 109 19 
 109 20 
 109 21 
 109 22 
 109 23 
 109 24 
 109 25 
 109 26 
 108 27 
 107 28 
 107 29 
 106 30 
 106 31 
 105 31 
 104 32 
 103 33 
 103 34 
 102 34 
 101 35 
 100 36 
 100 37 
 100 38 
 100 39 
 100 40 
 100 41 
 100 42 
 100 43 
 100 44 
 100 45 
 100 46 
 100 47 
 101 48 
 102 48 
 102 49 
 101 49 
 100 50 
 100 51 
 99 50 
 98 51 
 97 51 
 96 51 
 95 51 
 94 52 
 94 53 
 93 53 
 92 53 
 91 53 
 90 53 
 89 53 
 88 53 
 87 52 
 86 51 
 85 50 
 84 51 
 83 50 
 82 49 
 81 48 
 80 47 
 79 48 
 78 47 
 77 46 
 76 46 
 75 46 
 74 45 
 73 45 
 72 45 
 71 45 
 70 45 
 69 45 
 68 45 
 67 45 
 66 45 
 65 44 
 64 45 
 63 45 
 62 45 
 61 46 
 60 46 
 59 46 
 58 46 
 57 46 
 56 46 
 55 46 
 54 47 
 53 47 
 52 47 
 51 48 
 50 48 
 49 47 
 48 48 
 47 47 
 46 48 
 45 48 
 44 48 
 43 48 
 42 48 
 41 48 
 40 48 
 39 48 
 38 48 
 37 48 
 36 48 
 35 47 
 34 47 
 33 46 
 32 45 
 31 46 
 30 45 
 29 44 
 29 43 
 28 42 
 27 42 
 26 41 
 25 41 
 24 41 
 23 40 
 22 40 
 21 40 
 20 40 
 19 40 
 18 40 
 17 40 
 16 40 
 15 40 
 14 40 
 13 40 
 12 41 
 11 41 
 10 42 
 9 42 
 8 42 
 7 42 
 6 42 
 5 41 
 4 40 
 4 39 
 4 38 
 4 37 
 4 36 
 4 35 
 4 34 
 4 33 
 4 32 
 4 31 
 4 30 
 4 29 
 5 29 
 6 28 
 7 27 
 8 26 
 9 25 
 10 24 
 11 23 
 12 22 
 13 21 
 14 20 
 14 19 
 14 18 
 14 17 
 14 16 
 14 15 
 14 14 
 14 13 
 14 12 
 14 11 
 14 10 
 15 9 
 15 8 
 16 7 
 16 6 
 17 6 
 18 5 
 19 6 
 20 5 
 21 4