 
 7 4 
 8 4 
 9 4 
 10 4 
 11 4 
 12 4 
 13 4 
 14 4 
 15 4 
 16 4 
 17 4 
 18 4 
 19 4 
 20 4 
 21 5 
 22 4 
 23 5 
 24 5 
 25 5 
 26 5 
 27 6 
 28 6 
 29 6 
 30 7 
 31 7 
 32 8 
 33 9 
 34 9 
 35 10 
 36 11 
 37 11 
 37 12 
 38 13 
 39 13 
 39 14 
 40 15 
 41 15 
 42 15 
 43 15 
 44 15 
 45 15 
 46 15 
 47 15 
 48 16 
 49 16 
 50 16 
 51 16 
 52 16 
 53 16 
 54 17 
 55 16 
 56 17 
 57 17 
 58 17 
 59 17 
 60 17 
 61 18 
 62 17 
 63 18 
 64 17 
 65 18 
 66 18 
 67 18 
 68 18 
 69 18 
 70 18 
 71 18 
 72 18 
 73 18 
 74 19 
 75 18 
 76 19 
 77 19 
 78 19 
 79 19 
 80 19 
 81 20 
 82 20 
 83 20 
 84 20 
 85 20 
 86 21 
 87 21 
 88 20 
 89 21 
 90 21 
 91 21 
 92 22 
 93 22 
 94 22 
 95 23 
 96 23 
 97 23 
 98 24 
 99 23 
 100 24 
 101 24 
 102 25 
 103 24 
 104 25 
 105 24 
 106 24 
 107 24 
 108 25 
 109 25 
 110 26 
 111 27 
 110 28 
 110 29 
 109 29 
 108 30 
 107 30 
 106 30 
 105 30 
 104 30 
 103 30 
 102 30 
 101 30 
 100 29 
 99 30 
 98 29 
 97 29 
 96 29 
 95 29 
 94 29 
 93 29 
 92 29 
 91 29 
 90 29 
 89 29 
 88 29 
 87 29 
 86 29 
 85 29 
 84 29 
 83 29 
 82 29 
 81 29 
 80 29 
 79 29 
 78 29 
 77 28 
 76 28 
 75 28 
 74 28 
 73 28 
 72 28 
 71 28 
 70 28 
 69 28 
 68 28 
 67 28 
 66 28 
 65 28 
 64 29 
 63 29 
 62 29 
 61 29 
 60 29 
 59 29 
 58 29 
 57 29 
 56 28 
 55 28 
 54 28 
 53 28 
 52 28 
 51 27 
 50 28 
 49 27 
 48 27 
 47 27 
 46 27 
 45 27 
 44 27 
 43 27 
 42 27 
 41 27 
 40 28 
 40 29 
 40 30 
 39 31 
 38 31 
 37 32 
 37 33 
 36 34 
 35 35 
 34 35 
 33 36 
 32 36 
 31 37 
 30 37 
 29 38 
 28 37 
 27 38 
 26 37 
 25 38 
 24 37 
 23 38 
 22 37 
 21 38 
 20 37 
 19 38 
 18 37 
 17 37 
 16 37 
 15 37 
 14 37 
 13 37 
 12 37 
 11 37 
 10 37 
 9 37 
 8 37 
 7 37 
 6 36 
 5 36 
 4 36 
 5 35 
 5 34 
 6 33 
 7 33 
 8 33 
 9 33 
 10 34 
 11 33 
 12 34 
 13 33 
 14 34 
 15 33 
 16 34 
 17 34 
 18 34 
 19 34 
 20 34 
 21 34 
 22 34 
 23 34 
 24 34 
 25 34 
 26 34 
 27 34 
 28 34 
 29 34 
 30 34 
 31 33 
 32 32 
 33 32 
 34 31 
 34 30 
 35 29 
 36 29 
 37 28 
 36 27 
 35 27 
 34 27 
 33 27 
 32 27 
 31 27 
 30 27 
 29 27 
 28 27 
 27 27 
 26 27 
 25 26 
 24 26 
 23 27 
 22 26 
 21 26 
 20 27 
 19 26 
 18 27 
 17 26 
 16 26 
 15 26 
 14 25 
 13 26 
 12 26 
 11 25 
 10 25 
 9 25 
 8 25 
 7 25 
 6 25 
 5 25 
 5 24 
 5 23 
 6 22 
 7 22 
 8 23 
 9 22 
 10 22 
 11 22 
 12 23 
 13 23 
 14 23 
 15 23 
 16 23 
 17 23 
 18 23 
 19 23 
 20 24 
 21 24 
 22 23 
 23 23 
 24 24 
 25 23 
 26 23 
 27 24 
 28 24 
 29 23 
 30 24 
 31 24 
 32 24 
 33 24 
 34 24 
 35 23 
 36 24 
 37 23 
 38 22 
 38 21 
 37 20 
 36 20 
 35 19 
 34 20 
 33 20 
 32 19 
 31 19 
 30 19 
 29 19 
 28 18 
 27 18 
 26 18 
 25 18 
 24 18 
 23 18 
 22 18 
 21 17 
 20 18 
 19 17 
 18 17 
 17 16 
 16 17 
 15 17 
 14 16 
 13 17 
 12 16 
 11 16 
 10 16 
 9 16 
 8 16 
 7 16 
 6 16 
 5 15 
 4 15 
 5 14 
 5 13 
 6 13 
 7 13 
 8 13 
 9 13 
 10 13 
 11 13 
 12 13 
 13 13 
 14 14 
 15 13 
 16 14 
 17 14 
 18 14 
 19 14 
 20 14 
 21 14 
 22 15 
 23 15 
 24 15 
 25 15 
 26 15 
 27 16 
 28 16 
 29 16 
 30 16 
 31 16 
 32 16 
 33 17 
 34 16 
 35 17 
 36 16 
 36 15 
 35 14 
 34 13 
 33 12 
 32 12 
 31 11 
 30 10 
 29 10 
 28 10 
 27 9 
 26 9 
 25 8 
 24 8 
 23 9 
 22 8 
 21 7 
 20 8 
 19 8 
 18 8 
 17 8 
 16 8 
 15 7 
 14 8 
 13 8 
 12 8 
 11 7 
 10 7 
 9 7 
 8 7 
 7 7 
 6 7 
 5 7 
 4 6 
 3 5 
 4 4 
 5 4 
 6 3