 
 119 23 
 120 23 
 120 24 
 120 25 
 121 26 
 121 27 
 121 28 
 121 29 
 120 29 
 119 30 
 118 31 
 117 31 
 116 31 
 115 31 
 114 31 
 113 31 
 112 32 
 111 32 
 110 32 
 109 32 
 108 32 
 107 33 
 106 33 
 105 33 
 104 33 
 103 33 
 102 33 
 101 34 
 100 34 
 99 34 
 98 34 
 97 34 
 96 34 
 95 35 
 94 35 
 93 35 
 92 35 
 91 35 
 90 36 
 89 36 
 88 36 
 87 36 
 86 36 
 85 36 
 84 37 
 83 37 
 82 37 
 81 37 
 80 37 
 79 37 
 78 38 
 77 38 
 76 38 
 75 38 
 74 38 
 73 39 
 72 39 
 71 39 
 70 39 
 69 39 
 68 39 
 67 40 
 66 40 
 65 40 
 64 40 
 63 40 
 62 40 
 61 41 
 60 41 
 59 41 
 58 41 
 57 41 
 56 42 
 55 42 
 54 42 
 53 42 
 52 42 
 51 42 
 50 43 
 49 43 
 48 43 
 47 43 
 46 43 
 45 43 
 44 44 
 43 44 
 42 44 
 41 44 
 40 44 
 39 44 
 38 45 
 37 45 
 36 45 
 35 45 
 34 45 
 33 46 
 32 46 
 31 46 
 30 46 
 29 47 
 29 48 
 30 49 
 31 50 
 32 51 
 33 51 
 34 52 
 33 53 
 33 54 
 34 55 
 34 56 
 34 57 
 34 58 
 33 59 
 32 60 
 31 61 
 30 61 
 29 61 
 28 62 
 27 62 
 26 62 
 25 62 
 24 62 
 23 63 
 22 63 
 21 63 
 20 62 
 19 61 
 18 60 
 17 60 
 18 59 
 17 58 
 17 57 
 16 56 
 17 55 
 17 54 
 17 53 
 17 52 
 18 51 
 17 50 
 18 49 
 18 48 
 18 47 
 17 46 
 17 45 
 17 44 
 17 43 
 17 42 
 17 41 
 16 40 
 17 39 
 17 38 
 17 37 
 18 36 
 19 35 
 19 34 
 20 33 
 21 32 
 21 31 
 22 30 
 23 29 
 24 28 
 25 27 
 26 26 
 27 26 
 28 26 
 29 26 
 30 26 
 31 26 
 31 27 
 31 28 
 30 29 
 30 30 
 29 31 
 28 32 
 28 33 
 29 34 
 28 35 
 28 36 
 28 37 
 27 38 
 28 39 
 29 39 
 30 39 
 31 39 
 32 39 
 33 38 
 34 38 
 35 38 
 36 38 
 37 38 
 38 38 
 39 37 
 40 37 
 41 37 
 42 37 
 43 37 
 44 36 
 45 36 
 46 36 
 47 36 
 48 36 
 49 36 
 50 35 
 51 35 
 52 35 
 53 35 
 54 35 
 55 35 
 56 34 
 57 34 
 58 34 
 59 34 
 60 34 
 61 33 
 62 33 
 63 33 
 64 33 
 65 33 
 66 33 
 67 32 
 68 32 
 69 32 
 70 32 
 71 32 
 72 32 
 73 31 
 74 31 
 75 31 
 76 31 
 77 31 
 78 30 
 79 30 
 80 30 
 81 30 
 82 30 
 83 30 
 84 29 
 85 29 
 86 29 
 87 29 
 88 29 
 89 29 
 90 28 
 91 28 
 92 28 
 93 28 
 94 28 
 95 28 
 96 27 
 97 27 
 98 27 
 99 27 
 100 27 
 101 26 
 102 26 
 103 26 
 104 26 
 105 26 
 106 26 
 107 25 
 108 25 
 109 25 
 110 25 
 111 25 
 112 25 
 113 24 
 114 24 
 115 24 
 116 24 
 117 24 
 118 23