 
 68 5 
 69 6 
 70 5 
 70 4 
 71 4 
 72 4 
 72 5 
 73 6 
 74 6 
 75 6 
 76 7 
 77 6 
 78 6 
 79 7 
 80 7 
 81 7 
 82 7 
 83 8 
 84 7 
 85 8 
 86 8 
 87 8 
 88 8 
 89 8 
 90 9 
 91 8 
 92 8 
 93 8 
 94 8 
 95 9 
 96 8 
 97 9 
 98 8 
 99 8 
 100 9 
 101 9 
 102 9 
 103 9 
 104 9 
 105 9 
 106 9 
 107 9 
 108 9 
 109 9 
 110 10 
 111 9 
 112 10 
 113 10 
 114 9 
 115 9 
 116 9 
 117 9 
 118 9 
 118 10 
 119 11 
 118 12 
 119 13 
 118 14 
 119 15 
 119 16 
 119 17 
 119 18 
 119 19 
 120 20 
 120 21 
 121 22 
 121 23 
 122 24 
 122 25 
 123 26 
 123 27 
 123 28 
 123 29 
 124 30 
 123 31 
 124 32 
 124 33 
 124 34 
 124 35 
 125 36 
 126 36 
 126 37 
 126 38 
 126 39 
 126 40 
 127 41 
 127 42 
 127 43 
 127 44 
 128 45 
 127 46 
 128 47 
 128 48 
 128 49 
 129 50 
 130 50 
 130 51 
 131 52 
 130 53 
 131 54 
 131 55 
 131 56 
 132 57 
 132 58 
 132 59 
 132 60 
 132 61 
 132 62 
 133 63 
 133 64 
 133 65 
 132 66 
 132 67 
 132 68 
 132 69 
 132 70 
 132 71 
 132 72 
 131 73 
 131 74 
 130 75 
 129 75 
 128 76 
 127 76 
 126 77 
 126 78 
 125 78 
 124 78 
 123 79 
 122 79 
 121 79 
 120 79 
 119 80 
 118 80 
 117 81 
 116 80 
 115 81 
 114 81 
 113 81 
 112 81 
 111 82 
 111 83 
 110 83 
 109 83 
 108 83 
 107 84 
 106 84 
 105 85 
 104 84 
 103 85 
 102 85 
 101 86 
 100 87 
 99 87 
 98 87 
 97 88 
 96 87 
 95 88 
 94 88 
 93 88 
 92 88 
 91 88 
 90 88 
 89 88 
 88 88 
 87 88 
 86 89 
 85 89 
 84 88 
 83 88 
 82 88 
 81 88 
 80 88 
 79 88 
 78 88 
 77 87 
 76 87 
 75 88 
 76 89 
 75 90 
 74 91 
 74 92 
 74 93 
 73 94 
 72 94 
 71 94 
 70 93 
 69 93 
 68 92 
 67 92 
 66 92 
 66 91 
 65 90 
 64 89 
 63 89 
 62 89 
 61 88 
 60 88 
 59 88 
 58 89 
 57 89 
 56 90 
 56 91 
 55 91 
 54 91 
 53 92 
 52 92 
 51 93 
 50 93 
 49 93 
 48 93 
 47 94 
 46 94 
 45 94 
 44 95 
 43 94 
 42 95 
 41 96 
 40 95 
 39 96 
 38 95 
 37 95 
 36 95 
 35 94 
 34 94 
 33 94 
 32 94 
 31 93 
 30 93 
 29 93 
 28 92 
 27 92 
 26 91 
 25 91 
 24 90 
 23 89 
 22 88 
 21 88 
 20 88 
 19 87 
 18 87 
 17 87 
 16 87 
 16 86 
 15 85 
 14 85 
 13 84 
 12 85 
 11 85 
 10 84 
 9 84 
 8 84 
 7 83 
 6 83 
 5 82 
 5 81 
 6 81 
 7 81 
 8 81 
 9 81 
 10 82 
 11 81 
 12 82 
 13 82 
 14 82 
 15 81 
 14 80 
 13 79 
 14 78 
 14 77 
 13 76 
 12 76 
 12 75 
 12 74 
 12 73 
 12 72 
 12 71 
 11 70 
 11 69 
 12 68 
 12 67 
 12 66 
 12 65 
 13 64 
 14 63 
 15 62 
 15 61 
 15 60 
 16 59 
 17 59 
 18 58 
 19 57 
 19 56 
 20 56 
 21 55 
 22 55 
 23 54 
 24 54 
 25 54 
 26 53 
 27 52 
 28 52 
 29 51 
 30 51 
 31 50 
 32 49 
 33 49 
 34 48 
 35 47 
 36 46 
 36 45 
 36 44 
 37 43 
 37 42 
 38 41 
 37 40 
 37 39 
 37 38 
 37 37 
 37 36 
 36 35 
 36 34 
 36 33 
 37 34 
 38 34 
 38 35 
 38 36 
 39 37 
 39 38 
 40 39 
 39 40 
 39 41 
 39 42 
 39 43 
 39 44 
 38 45 
 38 46 
 37 47 
 36 48 
 36 49 
 35 50 
 34 51 
 33 51 
 32 52 
 31 53 
 30 54 
 29 54 
 28 54 
 27 55 
 26 55 
 25 56 
 25 57 
 24 57 
 23 58 
 22 59 
 21 59 
 20 60 
 20 61 
 19 62 
 18 63 
 17 64 
 18 65 
 17 66 
 17 67 
 16 68 
 15 69 
 16 70 
 17 70 
 16 71 
 16 72 
 16 73 
 17 74 
 17 75 
 17 76 
 18 77 
 18 78 
 19 79 
 20 80 
 21 81 
 22 81 
 22 82 
 23 83 
 24 83 
 25 84 
 26 85 
 27 85 
 28 85 
 29 86 
 30 85 
 31 86 
 32 86 
 33 86 
 34 87 
 35 86 
 36 86 
 37 87 
 38 86 
 39 86 
 40 86 
 41 85 
 42 85 
 43 85 
 44 84 
 45 84 
 46 83 
 47 83 
 48 82 
 49 81 
 50 81 
 51 80 
 52 79 
 51 78 
 50 78 
 49 77 
 48 76 
 47 75 
 46 74 
 45 73 
 45 72 
 44 71 
 45 70 
 44 69 
 44 68 
 45 68 
 46 68 
 47 67 
 48 66 
 49 65 
 50 64 
 49 63 
 48 62 
 48 61 
 48 60 
 48 59 
 47 58 
 47 57 
 47 56 
 46 55 
 45 55 
 46 54 
 46 53 
 45 52 
 45 51 
 45 50 
 45 49 
 45 48 
 45 47 
 45 46 
 45 45 
 45 44 
 45 43 
 46 42 
 45 41 
 45 40 
 46 39 
 45 38 
 46 37 
 45 36 
 46 35 
 46 34 
 47 33 
 46 32 
 47 31 
 47 30 
 47 29 
 47 28 
 47 27 
 48 26 
 48 25 
 48 24 
 48 23 
 48 22 
 48 21 
 48 20 
 48 19 
 49 18 
 49 17 
 49 16 
 49 15 
 49 14 
 50 13 
 49 12 
 50 11 
 51 10 
 52 10 
 53 9 
 54 8 
 55 8 
 56 8 
 57 7 
 58 7 
 59 7 
 60 6 
 61 7 
 62 6 
 63 5 
 64 6 
 65 6 
 66 5 
 67 4