 
 90 5 
 91 5 
 92 5 
 93 5 
 94 5 
 95 5 
 96 5 
 97 5 
 98 5 
 99 5 
 100 5 
 100 6 
 101 7 
 101 8 
 101 9 
 102 10 
 102 11 
 103 12 
 104 13 
 105 14 
 106 15 
 107 15 
 108 15 
 109 15 
 110 15 
 111 15 
 112 15 
 113 15 
 114 16 
 114 17 
 115 18 
 115 19 
 115 20 
 115 21 
 116 22 
 116 23 
 117 24 
 117 25 
 117 26 
 116 26 
 115 26 
 114 26 
 113 26 
 112 27 
 111 27 
 110 27 
 109 27 
 108 27 
 107 27 
 106 28 
 106 29 
 105 29 
 104 29 
 103 29 
 102 30 
 101 29 
 100 30 
 99 30 
 98 31 
 97 31 
 96 32 
 96 33 
 95 34 
 94 35 
 93 36 
 93 37 
 92 38 
 91 39 
 90 40 
 90 41 
 89 42 
 88 43 
 88 44 
 87 45 
 86 46 
 85 47 
 85 48 
 84 49 
 84 50 
 83 51 
 82 52 
 81 53 
 80 54 
 80 55 
 79 56 
 78 57 
 78 58 
 77 59 
 76 60 
 76 61 
 75 62 
 75 63 
 74 64 
 74 65 
 73 66 
 72 67 
 72 68 
 71 69 
 70 70 
 70 71 
 69 71 
 68 72 
 68 73 
 67 74 
 67 75 
 66 76 
 65 77 
 65 78 
 64 79 
 63 80 
 63 81 
 62 81 
 61 82 
 61 83 
 60 84 
 60 85 
 59 86 
 58 87 
 58 88 
 57 89 
 56 90 
 56 91 
 56 92 
 55 93 
 54 94 
 54 95 
 53 96 
 52 96 
 51 97 
 52 98 
 51 99 
 50 100 
 49 101 
 48 102 
 48 103 
 49 104 
 49 105 
 49 106 
 49 107 
 49 108 
 50 109 
 50 110 
 50 111 
 51 112 
 51 113 
 51 114 
 51 115 
 50 116 
 50 117 
 49 117 
 48 118 
 47 119 
 46 119 
 45 119 
 44 120 
 43 121 
 42 122 
 41 121 
 40 121 
 39 120 
 38 120 
 37 119 
 36 119 
 35 119 
 34 118 
 33 118 
 33 117 
 33 116 
 33 115 
 33 114 
 34 113 
 34 112 
 34 111 
 33 110 
 32 109 
 31 109 
 30 109 
 29 109 
 28 109 
 27 109 
 26 109 
 25 109 
 25 108 
 25 107 
 25 106 
 24 105 
 24 104 
 24 103 
 23 102 
 23 101 
 23 100 
 23 99 
 24 98 
 25 99 
 26 98 
 26 97 
 27 96 
 28 96 
 29 95 
 29 94 
 30 94 
 31 94 
 32 94 
 33 94 
 34 95 
 35 95 
 35 96 
 36 97 
 37 97 
 38 97 
 39 97 
 40 98 
 41 98 
 42 97 
 42 96 
 43 95 
 44 94 
 44 93 
 45 92 
 45 91 
 46 91 
 47 90 
 47 89 
 47 88 
 48 87 
 49 86 
 49 85 
 50 84 
 51 83 
 51 82 
 52 82 
 53 81 
 53 80 
 54 79 
 55 78 
 55 77 
 56 76 
 56 75 
 57 74 
 57 73 
 57 72 
 58 71 
 59 70 
 59 69 
 60 68 
 61 67 
 61 66 
 61 65 
 62 64 
 63 64 
 64 63 
 64 62 
 65 61 
 65 60 
 66 59 
 67 58 
 67 57 
 68 56 
 69 55 
 70 54 
 70 53 
 71 52 
 72 51 
 72 50 
 73 49 
 73 48 
 74 47 
 75 46 
 75 45 
 75 44 
 76 43 
 76 42 
 77 41 
 78 40 
 78 39 
 79 39 
 80 38 
 80 37 
 81 36 
 81 35 
 82 34 
 83 33 
 83 32 
 84 31 
 84 30 
 85 29 
 85 28 
 86 28 
 87 27 
 86 26 
 86 25 
 85 24 
 85 23 
 85 22 
 85 21 
 85 20 
 84 19 
 84 18 
 83 17 
 83 16 
 82 15 
 82 14 
 83 13 
 84 12 
 85 11 
 85 10 
 86 9 
 87 8 
 88 7 
 89 6 
 89 5