 
 71 4 
 72 3 
 73 4 
 74 3 
 75 4 
 76 4 
 77 4 
 78 4 
 79 4 
 80 5 
 81 5 
 82 6 
 83 6 
 84 7 
 85 7 
 86 8 
 87 8 
 88 9 
 89 9 
 90 10 
 91 11 
 92 11 
 93 12 
 94 13 
 95 14 
 96 15 
 97 15 
 97 16 
 98 17 
 99 18 
 100 19 
 100 20 
 101 21 
 101 22 
 102 23 
 102 24 
 103 25 
 103 26 
 104 27 
 104 28 
 105 29 
 105 30 
 106 31 
 106 32 
 107 33 
 107 34 
 108 35 
 107 36 
 108 37 
 108 38 
 109 39 
 108 40 
 108 41 
 108 42 
 109 43 
 109 44 
 109 45 
 109 46 
 108 47 
 109 48 
 109 49 
 109 50 
 110 51 
 110 52 
 110 53 
 109 52 
 109 51 
 108 50 
 108 49 
 108 48 
 107 47 
 108 46 
 107 45 
 107 44 
 107 43 
 107 42 
 107 41 
 107 40 
 107 39 
 106 38 
 105 37 
 104 38 
 104 39 
 104 40 
 104 41 
 104 42 
 104 43 
 104 44 
 104 45 
 104 46 
 104 47 
 104 48 
 103 49 
 103 50 
 103 51 
 103 52 
 103 53 
 102 54 
 102 55 
 102 56 
 102 57 
 101 58 
 101 59 
 101 60 
 101 61 
 102 62 
 102 63 
 102 64 
 103 65 
 102 66 
 103 67 
 103 68 
 104 69 
 104 70 
 104 71 
 104 72 
 104 73 
 104 74 
 104 75 
 104 76 
 103 77 
 103 78 
 102 78 
 101 79 
 100 79 
 99 79 
 98 80 
 97 80 
 96 79 
 95 80 
 94 80 
 93 79 
 92 79 
 91 78 
 90 77 
 91 76 
 92 75 
 92 74 
 93 73 
 94 72 
 94 71 
 94 70 
 93 69 
 93 68 
 94 67 
 93 66 
 92 66 
 92 65 
 91 64 
 90 63 
 90 62 
 89 61 
 88 60 
 87 61 
 87 62 
 86 63 
 86 64 
 86 65 
 85 66 
 85 67 
 85 68 
 86 69 
 85 70 
 85 71 
 85 72 
 84 73 
 85 74 
 84 75 
 83 76 
 82 76 
 81 77 
 80 77 
 79 77 
 78 77 
 77 77 
 76 77 
 75 77 
 74 76 
 74 75 
 74 74 
 75 73 
 75 72 
 75 71 
 76 70 
 76 69 
 76 68 
 77 67 
 77 66 
 77 65 
 77 64 
 77 63 
 77 62 
 77 61 
 76 60 
 76 59 
 76 58 
 75 57 
 74 57 
 73 57 
 72 58 
 72 59 
 72 60 
 72 61 
 71 62 
 71 63 
 71 64 
 71 65 
 71 66 
 71 67 
 71 68 
 71 69 
 71 70 
 71 71 
 71 72 
 71 73 
 71 74 
 71 75 
 71 76 
 71 77 
 71 78 
 71 79 
 71 80 
 71 81 
 71 82 
 71 83 
 70 84 
 69 84 
 68 85 
 67 85 
 66 85 
 65 86 
 64 85 
 63 86 
 62 85 
 61 85 
 60 85 
 59 84 
 58 83 
 58 82 
 59 81 
 59 80 
 60 80 
 61 79 
 62 78 
 62 77 
 62 76 
 61 75 
 61 74 
 61 73 
 61 72 
 61 71 
 60 70 
 61 69 
 60 68 
 61 67 
 60 66 
 60 65 
 60 64 
 59 63 
 59 62 
 58 61 
 58 60 
 57 59 
 56 58 
 55 58 
 54 59 
 53 60 
 54 61 
 53 62 
 53 63 
 52 64 
 52 65 
 52 66 
 51 67 
 51 68 
 51 69 
 50 70 
 50 71 
 49 72 
 49 73 
 49 74 
 48 75 
 48 76 
 48 77 
 48 78 
 47 79 
 46 79 
 45 80 
 44 80 
 43 81 
 42 81 
 41 81 
 40 81 
 39 80 
 38 80 
 37 80 
 36 80 
 35 79 
 34 79 
 34 78 
 34 77 
 35 76 
 36 75 
 37 75 
 38 74 
 39 73 
 40 72 
 41 71 
 41 70 
 41 69 
 41 68 
 41 67 
 41 66 
 41 65 
 41 64 
 42 63 
 41 62 
 42 61 
 42 60 
 41 59 
 42 58 
 42 57 
 42 56 
 42 55 
 42 54 
 43 53 
 43 52 
 44 51 
 44 50 
 44 49 
 44 48 
 44 47 
 44 46 
 44 45 
 44 44 
 44 43 
 43 42 
 42 41 
 41 41 
 40 41 
 39 42 
 38 42 
 37 41 
 36 42 
 36 43 
 35 43 
 34 43 
 33 44 
 33 45 
 32 45 
 31 45 
 30 45 
 29 45 
 28 45 
 28 44 
 29 43 
 29 42 
 29 41 
 28 40 
 27 41 
 26 42 
 26 43 
 25 44 
 25 45 
 25 46 
 24 47 
 23 48 
 23 49 
 22 50 
 22 51 
 21 52 
 20 53 
 19 54 
 18 55 
 17 55 
 16 55 
 15 56 
 14 55 
 13 56 
 12 55 
 11 55 
 10 55 
 9 54 
 8 53 
 7 53 
 6 52 
 5 51 
 5 50 
 5 49 
 5 48 
 4 47 
 5 46 
 5 45 
 5 44 
 5 43 
 6 42 
 6 41 
 6 40 
 7 39 
 7 38 
 7 37 
 7 36 
 7 35 
 6 34 
 5 33 
 4 32 
 4 31 
 3 30 
 4 29 
 5 30 
 6 29 
 7 29 
 8 29 
 8 30 
 8 31 
 9 32 
 9 33 
 10 34 
 10 35 
 10 36 
 11 37 
 10 38 
 10 39 
 10 40 
 9 41 
 9 42 
 9 43 
 8 44 
 9 45 
 8 46 
 9 47 
 8 48 
 9 49 
 10 49 
 10 50 
 11 51 
 12 51 
 13 51 
 14 51 
 15 51 
 16 50 
 17 50 
 18 49 
 18 48 
 19 47 
 19 46 
 19 45 
 19 44 
 20 43 
 20 42 
 20 41 
 20 40 
 20 39 
 20 38 
 21 37 
 21 36 
 21 35 
 22 34 
 22 33 
 23 32 
 23 31 
 24 30 
 24 29 
 25 28 
 25 27 
 25 26 
 26 25 
 26 24 
 26 23 
 26 22 
 27 21 
 27 20 
 28 19 
 28 18 
 29 17 
 29 16 
 29 15 
 30 14 
 31 14 
 32 13 
 32 12 
 33 11 
 34 11 
 35 10 
 36 10 
 37 10 
 38 9 
 39 10 
 40 10 
 41 10 
 42 10 
 43 11 
 44 11 
 45 11 
 46 11 
 47 11 
 48 11 
 49 11 
 50 11 
 51 11 
 52 10 
 53 10 
 54 9 
 55 9 
 56 8 
 57 8 
 58 7 
 59 6 
 60 6 
 61 6 
 62 5 
 63 4 
 64 4 
 65 4 
 66 4 
 67 4 
 68 4 
 69 4 
 70 3