 
 52 5 
 53 5 
 54 5 
 55 5 
 56 5 
 57 6 
 58 7 
 58 8 
 58 9 
 58 10 
 58 11 
 58 12 
 57 13 
 57 14 
 58 15 
 58 16 
 58 17 
 58 18 
 58 19 
 59 20 
 60 20 
 61 20 
 62 20 
 63 21 
 64 21 
 65 21 
 66 21 
 67 21 
 68 21 
 69 21 
 70 21 
 70 22 
 69 23 
 68 23 
 67 23 
 66 24 
 65 24 
 64 25 
 63 26 
 62 26 
 61 26 
 60 26 
 59 27 
 60 28 
 59 29 
 59 30 
 59 31 
 59 32 
 59 33 
 59 34 
 59 35 
 59 36 
 59 37 
 58 38 
 58 39 
 59 40 
 60 41 
 61 41 
 62 41 
 63 41 
 64 41 
 65 41 
 66 42 
 67 42 
 68 43 
 69 42 
 69 41 
 70 42 
 71 43 
 72 43 
 73 42 
 74 43 
 75 43 
 76 43 
 77 43 
 78 44 
 79 44 
 80 45 
 81 45 
 82 45 
 83 46 
 84 46 
 84 47 
 85 48 
 86 49 
 87 50 
 86 51 
 87 52 
 88 53 
 89 54 
 90 53 
 91 54 
 92 54 
 92 55 
 93 56 
 94 57 
 95 57 
 95 58 
 96 59 
 97 60 
 98 61 
 99 62 
 100 62 
 101 63 
 102 64 
 103 65 
 104 66 
 104 67 
 104 68 
 104 69 
 104 70 
 103 71 
 102 72 
 101 73 
 100 74 
 99 74 
 98 74 
 97 75 
 96 75 
 95 76 
 94 77 
 93 77 
 92 78 
 91 79 
 90 80 
 89 79 
 88 80 
 87 81 
 86 81 
 85 82 
 84 82 
 83 83 
 82 83 
 81 83 
 80 83 
 79 84 
 78 84 
 77 83 
 76 84 
 76 85 
 75 85 
 74 85 
 73 84 
 72 84 
 71 85 
 70 85 
 69 85 
 68 85 
 67 85 
 66 85 
 65 85 
 64 85 
 63 85 
 62 85 
 61 85 
 60 85 
 59 85 
 58 85 
 57 85 
 56 85 
 55 85 
 54 85 
 53 85 
 52 85 
 51 85 
 50 85 
 49 85 
 48 85 
 47 85 
 46 85 
 45 85 
 44 85 
 43 85 
 42 85 
 41 85 
 40 85 
 39 85 
 38 85 
 37 84 
 36 84 
 35 85 
 34 84 
 33 84 
 32 83 
 31 83 
 30 83 
 29 83 
 28 82 
 27 81 
 26 81 
 25 80 
 24 79 
 23 80 
 22 80 
 21 79 
 20 79 
 19 78 
 18 77 
 17 76 
 16 75 
 15 75 
 14 76 
 13 75 
 12 75 
 11 74 
 10 73 
 9 73 
 9 72 
 8 71 
 7 70 
 7 69 
 7 68 
 7 67 
 6 66 
 5 65 
 5 64 
 5 63 
 6 62 
 7 61 
 8 60 
 9 60 
 10 60 
 11 59 
 10 58 
 11 57 
 12 56 
 13 55 
 14 55 
 15 55 
 16 54 
 17 54 
 18 53 
 19 52 
 20 52 
 21 52 
 22 52 
 23 51 
 24 50 
 24 49 
 25 49 
 26 48 
 27 47 
 28 47 
 29 46 
 30 45 
 31 46 
 32 45 
 33 45 
 34 44 
 35 44 
 36 43 
 37 42 
 38 42 
 39 43 
 40 42 
 41 42 
 42 41 
 43 42 
 44 41 
 45 41 
 46 41 
 47 41 
 48 42 
 49 41 
 48 40 
 48 39 
 49 38 
 50 37 
 50 36 
 49 35 
 50 34 
 50 33 
 50 32 
 50 31 
 50 30 
 50 29 
 50 28 
 49 27 
 48 27 
 47 26 
 46 27 
 45 26 
 44 26 
 44 25 
 43 24 
 42 24 
 42 23 
 41 22 
 40 22 
 41 21 
 42 21 
 43 20 
 44 20 
 45 21 
 46 20 
 47 21 
 48 21 
 49 21 
 50 21 
 51 20 
 51 19 
 51 18 
 51 17 
 51 16 
 51 15 
 51 14 
 51 13 
 51 12 
 51 11 
 51 10 
 51 9 
 51 8 
 51 7 
 51 6 
 51 5