 
 54 2 
 55 2 
 56 2 
 57 2 
 58 2 
 59 2 
 60 2 
 61 2 
 62 3 
 63 3 
 64 3 
 65 3 
 66 4 
 67 4 
 68 5 
 69 5 
 69 6 
 70 7 
 71 7 
 71 8 
 72 9 
 72 10 
 73 11 
 72 12 
 73 13 
 72 14 
 73 15 
 72 16 
 73 17 
 72 18 
 73 19 
 72 20 
 73 21 
 73 22 
 73 23 
 72 24 
 72 25 
 71 26 
 71 27 
 71 28 
 70 29 
 71 30 
 72 31 
 72 32 
 73 33 
 74 33 
 74 34 
 75 35 
 75 36 
 75 37 
 74 38 
 75 39 
 75 40 
 76 41 
 76 42 
 76 43 
 76 44 
 76 45 
 75 46 
 76 47 
 75 48 
 76 49 
 76 50 
 77 51 
 78 52 
 78 53 
 77 54 
 78 55 
 78 56 
 79 57 
 79 58 
 79 59 
 80 60 
 79 61 
 80 62 
 80 63 
 80 64 
 81 65 
 81 66 
 82 67 
 82 68 
 82 69 
 82 70 
 82 71 
 81 72 
 81 73 
 80 73 
 79 74 
 79 75 
 78 76 
 79 77 
 79 78 
 78 79 
 78 80 
 77 80 
 76 81 
 76 82 
 75 83 
 76 84 
 76 85 
 76 86 
 76 87 
 76 88 
 76 89 
 76 90 
 75 91 
 74 92 
 74 93 
 73 94 
 73 95 
 73 96 
 73 97 
 72 98 
 73 99 
 72 100 
 71 101 
 71 102 
 71 103 
 70 104 
 70 105 
 70 106 
 70 107 
 71 108 
 72 109 
 73 110 
 74 111 
 75 111 
 76 112 
 77 112 
 78 112 
 79 112 
 80 113 
 81 114 
 81 115 
 81 116 
 80 117 
 79 117 
 78 117 
 77 117 
 76 118 
 75 118 
 74 119 
 73 119 
 72 120 
 71 120 
 70 120 
 69 120 
 68 120 
 67 120 
 66 120 
 65 120 
 64 120 
 63 120 
 62 120 
 61 119 
 60 119 
 59 119 
 58 118 
 57 119 
 56 118 
 55 118 
 54 117 
 53 116 
 54 115 
 53 114 
 54 113 
 54 112 
 55 111 
 55 110 
 55 109 
 54 108 
 54 107 
 54 106 
 53 105 
 53 104 
 53 103 
 53 102 
 52 101 
 52 100 
 52 99 
 52 98 
 52 97 
 53 96 
 53 95 
 53 94 
 53 93 
 54 92 
 54 91 
 54 90 
 54 89 
 54 88 
 54 87 
 54 86 
 53 85 
 52 84 
 51 84 
 50 83 
 50 82 
 49 81 
 49 80 
 48 79 
 48 78 
 48 77 
 48 76 
 47 75 
 47 74 
 47 73 
 47 72 
 46 71 
 46 70 
 47 69 
 46 68 
 46 67 
 46 66 
 46 65 
 45 64 
 45 63 
 45 62 
 44 61 
 45 60 
 44 59 
 44 58 
 44 57 
 44 56 
 43 55 
 43 54 
 43 53 
 44 52 
 44 51 
 44 50 
 44 49 
 44 48 
 43 47 
 43 46 
 42 45 
 42 44 
 42 43 
 42 42 
 42 41 
 42 40 
 42 39 
 42 38 
 43 37 
 43 36 
 44 35 
 44 34 
 45 33 
 46 32 
 47 32 
 48 31 
 49 30 
 50 29 
 50 28 
 51 27 
 51 26 
 51 25 
 50 24 
 49 23 
 48 22 
 47 21 
 47 20 
 46 19 
 45 18 
 45 17 
 44 16 
 44 15 
 45 14 
 44 13 
 44 12 
 45 11 
 44 10 
 45 9 
 45 8 
 46 7 
 47 6 
 48 5 
 49 4 
 50 3 
 51 3 
 52 3 
 53 2