 
 55 5 
 56 5 
 57 6 
 56 7 
 57 8 
 57 9 
 57 10 
 57 11 
 57 12 
 58 13 
 58 14 
 58 15 
 59 16 
 60 17 
 61 17 
 62 16 
 63 16 
 64 17 
 65 17 
 66 17 
 67 17 
 68 18 
 69 19 
 68 20 
 67 21 
 66 20 
 65 21 
 64 21 
 63 20 
 62 21 
 61 22 
 60 21 
 59 22 
 58 23 
 58 24 
 59 25 
 59 26 
 58 27 
 59 28 
 59 29 
 58 30 
 58 31 
 58 32 
 58 33 
 58 34 
 58 35 
 58 36 
 58 37 
 59 38 
 60 38 
 59 39 
 60 40 
 61 40 
 62 40 
 63 40 
 64 40 
 65 40 
 66 40 
 67 40 
 68 41 
 69 41 
 70 42 
 71 41 
 72 41 
 73 42 
 74 41 
 75 41 
 76 41 
 77 41 
 78 42 
 79 41 
 80 41 
 81 42 
 82 41 
 83 42 
 84 42 
 85 43 
 85 44 
 85 45 
 85 46 
 84 47 
 84 48 
 85 49 
 85 50 
 86 51 
 87 51 
 88 52 
 89 53 
 90 53 
 91 53 
 92 54 
 93 54 
 94 54 
 95 54 
 96 54 
 97 54 
 98 55 
 99 55 
 100 55 
 101 55 
 101 56 
 101 57 
 102 58 
 103 59 
 104 59 
 104 60 
 104 61 
 104 62 
 104 63 
 103 63 
 102 64 
 103 65 
 102 66 
 102 67 
 101 68 
 100 69 
 99 70 
 98 71 
 97 71 
 96 72 
 95 72 
 94 72 
 93 73 
 92 73 
 91 74 
 90 75 
 89 75 
 88 75 
 87 75 
 86 76 
 85 77 
 84 77 
 83 77 
 82 78 
 82 79 
 81 78 
 80 78 
 79 79 
 78 79 
 77 79 
 76 79 
 75 79 
 74 79 
 73 79 
 72 79 
 71 79 
 70 79 
 69 79 
 68 79 
 67 79 
 66 79 
 65 79 
 64 78 
 63 78 
 62 79 
 61 79 
 60 79 
 59 79 
 58 79 
 57 79 
 56 79 
 55 79 
 54 79 
 53 79 
 52 79 
 51 79 
 50 79 
 49 79 
 49 78 
 48 77 
 47 78 
 46 78 
 45 78 
 44 78 
 43 78 
 42 77 
 41 77 
 40 77 
 39 78 
 38 77 
 37 78 
 36 77 
 35 77 
 34 77 
 33 77 
 32 76 
 31 76 
 30 76 
 29 76 
 28 76 
 27 75 
 26 75 
 25 75 
 24 75 
 23 75 
 22 75 
 21 75 
 20 75 
 20 74 
 19 73 
 18 73 
 17 73 
 16 73 
 15 74 
 14 73 
 13 73 
 12 72 
 11 72 
 10 71 
 9 70 
 9 69 
 8 68 
 7 67 
 7 66 
 6 65 
 5 64 
 5 63 
 6 62 
 6 61 
 6 60 
 7 59 
 8 58 
 9 57 
 10 56 
 11 56 
 12 55 
 13 54 
 14 53 
 15 53 
 16 53 
 17 52 
 18 51 
 19 51 
 20 50 
 21 49 
 22 48 
 23 49 
 24 48 
 24 47 
 24 46 
 25 45 
 26 44 
 27 43 
 28 43 
 29 42 
 30 42 
 31 42 
 32 42 
 33 41 
 34 42 
 35 41 
 35 40 
 36 41 
 37 40 
 38 40 
 39 40 
 40 40 
 41 40 
 42 39 
 43 39 
 44 39 
 45 38 
 46 38 
 47 38 
 48 37 
 49 36 
 50 35 
 50 34 
 50 33 
 50 32 
 50 31 
 50 30 
 50 29 
 50 28 
 50 27 
 50 26 
 50 25 
 50 24 
 50 23 
 49 22 
 48 22 
 47 22 
 46 22 
 45 22 
 44 22 
 43 22 
 42 22 
 41 21 
 40 21 
 40 20 
 41 19 
 41 18 
 42 17 
 43 17 
 44 18 
 45 17 
 46 17 
 47 16 
 48 17 
 49 17 
 50 16 
 51 16 
 52 15 
 52 14 
 52 13 
 52 12 
 52 11 
 52 10 
 52 9 
 52 8 
 53 7 
 54 6 
 54 5