 
 71 4 
 72 3 
 73 4 
 74 3 
 75 4 
 76 3 
 77 4 
 78 3 
 79 4 
 80 3 
 81 4 
 82 4 
 83 4 
 84 3 
 85 4 
 86 4 
 87 4 
 88 4 
 89 4 
 90 4 
 91 5 
 92 5 
 93 5 
 94 6 
 95 6 
 96 7 
 97 8 
 97 9 
 98 10 
 98 11 
 98 12 
 99 13 
 99 14 
 98 15 
 99 16 
 100 17 
 101 17 
 102 17 
 103 16 
 104 17 
 105 18 
 105 19 
 105 20 
 105 21 
 105 22 
 105 23 
 106 24 
 107 24 
 107 25 
 107 26 
 107 27 
 107 28 
 107 29 
 108 30 
 109 31 
 110 31 
 111 31 
 110 32 
 110 33 
 109 33 
 108 34 
 107 34 
 106 34 
 105 33 
 104 33 
 103 33 
 102 33 
 101 33 
 100 34 
 99 35 
 99 36 
 99 37 
 98 38 
 97 39 
 96 40 
 95 41 
 94 41 
 93 42 
 92 41 
 91 41 
 90 41 
 89 41 
 88 40 
 87 39 
 86 39 
 86 38 
 85 37 
 85 36 
 84 35 
 83 36 
 82 36 
 81 36 
 80 37 
 80 38 
 79 39 
 78 39 
 77 40 
 76 39 
 75 40 
 74 39 
 73 40 
 72 39 
 71 39 
 70 38 
 69 38 
 69 37 
 69 36 
 68 35 
 67 34 
 66 35 
 65 34 
 64 35 
 63 34 
 62 35 
 61 34 
 60 35 
 59 34 
 58 35 
 57 35 
 56 35 
 55 35 
 54 35 
 53 35 
 52 35 
 51 35 
 50 35 
 49 35 
 48 35 
 47 35 
 46 35 
 45 35 
 44 35 
 43 35 
 42 35 
 41 35 
 40 35 
 39 36 
 39 37 
 38 38 
 37 39 
 36 40 
 35 40 
 34 41 
 33 41 
 32 41 
 31 41 
 30 41 
 29 41 
 28 41 
 27 40 
 26 40 
 25 40 
 25 39 
 24 38 
 23 37 
 22 36 
 21 37 
 20 38 
 19 39 
 18 40 
 17 39 
 16 40 
 15 40 
 14 40 
 13 40 
 12 39 
 11 39 
 10 38 
 9 38 
 8 37 
 8 36 
 7 35 
 7 34 
 7 33 
 6 32 
 5 31 
 4 30 
 3 29 
 4 28 
 5 28 
 6 29 
 7 29 
 8 28 
 7 27 
 6 26 
 7 25 
 7 24 
 8 23 
 9 22 
 10 22 
 11 21 
 12 20 
 12 19 
 12 18 
 13 17 
 14 17 
 15 18 
 16 18 
 17 18 
 18 17 
 17 16 
 18 15 
 19 14 
 20 13 
 21 14 
 22 13 
 23 14 
 24 13 
 25 14 
 26 13 
 27 13 
 28 13 
 29 14 
 30 13 
 31 13 
 32 13 
 33 13 
 34 13 
 35 13 
 36 13 
 37 13 
 38 13 
 39 13 
 40 13 
 41 13 
 42 13 
 43 13 
 44 12 
 44 11 
 45 10 
 45 9 
 45 8 
 45 7 
 46 6 
 47 5 
 48 6 
 49 6 
 50 5 
 51 5 
 52 5 
 53 5 
 54 5 
 55 5 
 56 5 
 57 5 
 58 4 
 59 4 
 60 4 
 61 4 
 62 4 
 63 4 
 64 4 
 65 4 
 66 4 
 67 4 
 68 4 
 69 4 
 70 3