 
 53 6 
 54 6 
 55 5 
 56 5 
 57 6 
 58 7 
 58 8 
 58 9 
 57 10 
 57 11 
 58 12 
 57 13 
 58 14 
 57 15 
 58 16 
 57 17 
 58 18 
 59 18 
 60 18 
 61 19 
 62 18 
 63 19 
 64 19 
 65 19 
 66 19 
 67 19 
 68 20 
 69 20 
 70 21 
 71 21 
 71 22 
 71 23 
 70 24 
 69 24 
 68 25 
 67 24 
 66 25 
 65 26 
 64 26 
 63 25 
 62 25 
 61 26 
 60 27 
 60 28 
 59 29 
 59 30 
 59 31 
 59 32 
 59 33 
 59 34 
 60 35 
 59 36 
 59 37 
 59 38 
 59 39 
 59 40 
 59 41 
 60 42 
 61 43 
 62 44 
 63 44 
 64 44 
 65 44 
 66 44 
 67 44 
 68 44 
 69 44 
 70 44 
 71 44 
 72 44 
 73 44 
 74 44 
 75 44 
 76 44 
 77 44 
 78 45 
 79 46 
 80 46 
 81 47 
 82 48 
 83 48 
 83 49 
 84 50 
 85 51 
 85 52 
 86 53 
 85 54 
 86 55 
 87 55 
 88 55 
 89 55 
 90 55 
 91 55 
 92 55 
 93 56 
 94 56 
 95 57 
 96 56 
 97 57 
 98 58 
 99 59 
 99 60 
 100 61 
 101 62 
 102 63 
 102 64 
 102 65 
 103 66 
 103 67 
 103 68 
 103 69 
 103 70 
 103 71 
 103 72 
 103 73 
 103 74 
 103 75 
 102 76 
 101 77 
 100 78 
 99 78 
 98 79 
 97 78 
 96 78 
 95 79 
 95 80 
 94 80 
 93 80 
 92 80 
 91 80 
 90 80 
 89 81 
 88 81 
 87 81 
 86 82 
 85 82 
 84 82 
 83 82 
 82 82 
 81 82 
 80 83 
 79 82 
 78 82 
 77 82 
 76 82 
 75 82 
 74 82 
 73 82 
 72 82 
 71 82 
 70 82 
 69 82 
 68 82 
 67 82 
 66 82 
 65 82 
 64 82 
 63 83 
 62 83 
 61 83 
 60 83 
 59 82 
 58 83 
 58 84 
 57 84 
 56 84 
 55 83 
 54 83 
 53 84 
 52 84 
 51 84 
 50 84 
 49 84 
 48 84 
 47 84 
 46 84 
 45 84 
 44 84 
 43 84 
 42 84 
 41 84 
 40 84 
 39 84 
 38 84 
 37 84 
 36 84 
 35 84 
 34 84 
 33 84 
 32 84 
 31 84 
 30 84 
 29 84 
 29 83 
 28 82 
 27 82 
 26 83 
 25 82 
 24 81 
 23 80 
 22 80 
 21 79 
 20 78 
 19 79 
 18 78 
 17 77 
 16 77 
 15 76 
 14 76 
 13 75 
 12 76 
 11 76 
 11 75 
 10 74 
 9 74 
 8 74 
 8 73 
 7 72 
 6 72 
 6 71 
 5 70 
 5 69 
 5 68 
 5 67 
 5 66 
 5 65 
 5 64 
 6 63 
 7 62 
 8 61 
 8 60 
 9 61 
 10 60 
 11 59 
 12 58 
 13 58 
 14 57 
 15 56 
 16 56 
 17 57 
 18 56 
 19 55 
 20 54 
 21 54 
 22 53 
 22 52 
 23 51 
 22 50 
 23 49 
 24 48 
 25 49 
 26 48 
 27 47 
 28 47 
 29 46 
 30 45 
 31 44 
 32 44 
 33 43 
 34 44 
 35 44 
 36 43 
 37 43 
 38 43 
 39 43 
 40 43 
 41 43 
 42 43 
 43 43 
 44 43 
 45 43 
 46 43 
 47 43 
 48 42 
 49 41 
 49 40 
 49 39 
 49 38 
 49 37 
 50 37 
 51 36 
 51 35 
 51 34 
 52 33 
 52 32 
 52 31 
 51 30 
 51 29 
 50 28 
 51 27 
 50 26 
 49 26 
 48 25 
 47 25 
 46 25 
 45 25 
 44 25 
 43 25 
 42 24 
 41 23 
 41 22 
 42 21 
 43 21 
 44 21 
 45 21 
 46 21 
 47 21 
 48 20 
 49 20 
 50 20 
 51 19 
 51 18 
 52 17 
 52 16 
 52 15 
 52 14 
 52 13 
 52 12 
 51 11 
 52 10 
 52 9 
 52 8 
 52 7 
 51 6 
 52 5