 
 22 4 
 23 4 
 24 4 
 25 4 
 26 4 
 27 4 
 28 4 
 29 5 
 30 5 
 31 6 
 32 6 
 33 6 
 34 6 
 35 6 
 35 7 
 36 8 
 37 8 
 38 8 
 39 9 
 40 9 
 40 10 
 41 11 
 42 11 
 43 11 
 44 12 
 45 13 
 46 14 
 46 15 
 46 16 
 47 17 
 48 18 
 49 18 
 49 19 
 49 20 
 50 21 
 51 22 
 50 23 
 51 24 
 52 25 
 53 26 
 52 27 
 53 28 
 54 29 
 55 30 
 54 31 
 55 32 
 56 32 
 56 33 
 56 34 
 57 35 
 58 34 
 59 33 
 59 32 
 59 31 
 60 30 
 60 29 
 61 28 
 61 27 
 62 26 
 62 25 
 62 24 
 63 23 
 64 22 
 65 21 
 64 20 
 65 19 
 66 18 
 67 17 
 68 16 
 68 15 
 69 14 
 70 13 
 71 12 
 71 11 
 72 11 
 73 10 
 74 10 
 75 9 
 76 8 
 77 8 
 78 8 
 79 7 
 80 6 
 81 6 
 82 6 
 83 6 
 84 6 
 85 6 
 86 7 
 87 8 
 88 8 
 89 8 
 90 8 
 91 8 
 92 9 
 93 10 
 94 9 
 95 10 
 96 11 
 97 11 
 97 12 
 98 13 
 99 13 
 100 13 
 101 14 
 102 15 
 103 16 
 104 17 
 104 18 
 104 19 
 105 20 
 105 21 
 106 22 
 107 23 
 107 24 
 107 25 
 107 26 
 108 27 
 107 28 
 108 29 
 109 30 
 109 31 
 109 32 
 109 33 
 109 34 
 109 35 
 109 36 
 108 37 
 108 38 
 108 39 
 108 40 
 107 41 
 108 42 
 107 43 
 107 44 
 107 45 
 107 46 
 106 47 
 105 48 
 105 49 
 105 50 
 104 51 
 103 52 
 104 53 
 103 54 
 102 55 
 102 56 
 101 56 
 100 57 
 99 58 
 98 59 
 99 60 
 98 61 
 97 62 
 96 63 
 95 64 
 94 64 
 93 65 
 93 66 
 92 67 
 91 68 
 90 69 
 89 69 
 88 69 
 87 70 
 86 71 
 86 72 
 85 72 
 84 73 
 83 73 
 82 74 
 82 75 
 81 75 
 80 75 
 79 76 
 78 77 
 77 78 
 76 78 
 75 78 
 74 79 
 73 80 
 72 80 
 71 81 
 70 82 
 69 82 
 68 82 
 67 83 
 67 84 
 66 84 
 65 85 
 64 86 
 63 85 
 62 86 
 61 87 
 60 88 
 59 89 
 58 89 
 57 90 
 56 89 
 55 89 
 54 88 
 54 87 
 53 86 
 52 85 
 51 84 
 50 83 
 49 82 
 48 81 
 47 80 
 46 79 
 45 79 
 44 79 
 44 78 
 43 77 
 42 77 
 42 76 
 41 75 
 40 75 
 39 74 
 38 73 
 37 72 
 36 71 
 35 70 
 34 69 
 34 68 
 34 67 
 34 66 
 35 65 
 36 64 
 36 63 
 36 62 
 35 61 
 35 60 
 36 59 
 36 58 
 36 57 
 36 56 
 36 55 
 36 54 
 35 53 
 34 52 
 33 51 
 32 51 
 31 51 
 30 51 
 29 51 
 28 52 
 27 52 
 26 52 
 25 52 
 24 52 
 23 52 
 22 52 
 21 52 
 20 52 
 19 53 
 18 53 
 17 52 
 16 53 
 15 52 
 14 53 
 13 52 
 12 51 
 11 50 
 10 49 
 10 48 
 10 47 
 9 46 
 8 45 
 7 44 
 8 43 
 7 42 
 6 42 
 6 41 
 6 40 
 6 39 
 6 38 
 6 37 
 5 36 
 5 35 
 5 34 
 4 33 
 4 32 
 4 31 
 4 30 
 4 29 
 4 28 
 4 27 
 4 26 
 5 25 
 6 24 
 5 23 
 6 22 
 6 21 
 6 20 
 6 19 
 6 18 
 7 18 
 8 17 
 7 16 
 8 15 
 9 14 
 10 13 
 9 12 
 10 11 
 11 10 
 12 9 
 13 8 
 14 8 
 15 7 
 15 6 
 16 6 
 17 6 
 18 5 
 19 6 
 20 5 
 21 4