 
 62 4 
 63 3 
 64 4 
 65 4 
 66 4 
 67 4 
 68 5 
 69 5 
 70 5 
 71 5 
 72 5 
 73 5 
 74 5 
 75 5 
 76 5 
 77 5 
 78 6 
 79 5 
 80 6 
 81 6 
 82 6 
 83 6 
 84 6 
 85 6 
 86 6 
 87 6 
 88 7 
 89 8 
 90 8 
 91 9 
 92 9 
 92 10 
 93 11 
 94 11 
 95 12 
 96 12 
 97 13 
 98 13 
 99 13 
 100 14 
 101 14 
 102 15 
 103 16 
 104 17 
 105 18 
 106 18 
 107 17 
 108 18 
 109 18 
 109 19 
 109 20 
 109 21 
 108 22 
 108 23 
 108 24 
 107 24 
 106 25 
 106 26 
 105 27 
 104 28 
 105 29 
 105 30 
 104 31 
 103 32 
 103 33 
 102 34 
 103 35 
 104 35 
 105 34 
 106 35 
 107 35 
 108 35 
 108 36 
 109 37 
 110 38 
 110 39 
 111 40 
 110 41 
 110 42 
 111 43 
 110 44 
 110 45 
 109 46 
 108 47 
 108 48 
 108 49 
 107 49 
 106 48 
 105 49 
 105 50 
 105 51 
 104 51 
 103 52 
 102 51 
 101 51 
 100 52 
 99 51 
 99 50 
 98 49 
 98 48 
 98 47 
 98 46 
 99 45 
 98 44 
 97 43 
 96 42 
 95 42 
 94 42 
 93 42 
 92 42 
 91 43 
 90 43 
 89 44 
 88 45 
 87 45 
 86 46 
 85 46 
 84 47 
 83 48 
 82 49 
 81 49 
 80 50 
 79 50 
 78 51 
 77 52 
 76 52 
 75 53 
 74 54 
 73 54 
 72 55 
 71 55 
 70 55 
 69 56 
 68 56 
 67 56 
 66 57 
 65 57 
 64 58 
 63 58 
 62 58 
 61 59 
 60 59 
 59 60 
 58 60 
 57 60 
 56 60 
 55 60 
 54 60 
 53 61 
 52 61 
 51 61 
 50 61 
 49 61 
 48 62 
 49 63 
 49 64 
 50 65 
 50 66 
 50 67 
 50 68 
 50 69 
 49 70 
 48 71 
 47 72 
 46 72 
 45 73 
 44 74 
 45 75 
 44 76 
 43 76 
 42 77 
 41 76 
 40 77 
 39 76 
 39 75 
 38 74 
 38 73 
 37 72 
 38 71 
 37 70 
 38 69 
 38 68 
 39 67 
 40 66 
 39 65 
 38 64 
 38 63 
 37 62 
 37 61 
 37 60 
 36 59 
 35 58 
 34 58 
 33 57 
 32 57 
 31 57 
 30 57 
 29 56 
 28 55 
 27 55 
 26 54 
 25 54 
 24 53 
 23 53 
 22 53 
 21 53 
 20 54 
 19 54 
 18 54 
 17 54 
 16 54 
 15 54 
 14 54 
 13 55 
 12 54 
 11 55 
 10 55 
 9 55 
 8 55 
 7 55 
 6 55 
 5 55 
 4 55 
 4 54 
 3 53 
 4 52 
 4 51 
 3 50 
 4 49 
 3 48 
 4 47 
 4 46 
 3 45 
 4 44 
 4 43 
 4 42 
 5 41 
 5 40 
 6 39 
 7 39 
 8 39 
 9 39 
 10 39 
 11 39 
 12 39 
 13 39 
 14 38 
 15 37 
 15 36 
 15 35 
 15 34 
 16 33 
 17 32 
 18 31 
 19 31 
 20 30 
 21 29 
 22 30 
 23 29 
 23 28 
 24 27 
 25 26 
 25 25 
 26 24 
 26 23 
 27 22 
 27 21 
 28 20 
 28 19 
 29 18 
 29 17 
 30 17 
 31 16 
 32 16 
 33 15 
 33 14 
 34 13 
 35 13 
 36 12 
 37 11 
 38 11 
 39 10 
 40 10 
 41 9 
 42 9 
 43 9 
 44 8 
 45 8 
 46 8 
 47 7 
 48 7 
 49 7 
 50 7 
 51 6 
 52 6 
 53 6 
 54 5 
 55 5 
 56 5 
 57 4 
 58 4 
 59 4 
 60 4 
 61 3