 
 18 4 
 19 4 
 20 4 
 21 4 
 22 4 
 23 4 
 24 4 
 25 4 
 26 5 
 27 5 
 28 6 
 29 6 
 30 6 
 31 6 
 32 7 
 33 8 
 34 7 
 35 8 
 36 9 
 37 10 
 38 10 
 39 11 
 39 12 
 40 13 
 40 14 
 40 15 
 40 16 
 40 17 
 40 18 
 40 19 
 40 20 
 40 21 
 40 22 
 40 23 
 40 24 
 40 25 
 40 26 
 40 27 
 40 28 
 41 29 
 42 30 
 42 31 
 43 32 
 44 33 
 43 34 
 44 35 
 45 36 
 46 37 
 47 38 
 47 39 
 48 40 
 49 40 
 50 41 
 50 42 
 50 43 
 51 44 
 52 45 
 53 45 
 53 46 
 54 47 
 54 48 
 55 49 
 56 49 
 57 48 
 57 47 
 57 46 
 58 45 
 58 44 
 59 43 
 60 42 
 61 41 
 61 40 
 62 39 
 62 38 
 63 38 
 64 37 
 64 36 
 64 35 
 65 34 
 66 33 
 67 32 
 68 31 
 68 30 
 68 29 
 69 28 
 69 27 
 70 26 
 70 25 
 70 24 
 70 23 
 71 22 
 71 21 
 71 20 
 71 19 
 71 18 
 71 17 
 72 16 
 71 15 
 71 14 
 71 13 
 72 12 
 73 11 
 73 10 
 74 9 
 75 8 
 76 8 
 77 8 
 78 8 
 79 7 
 80 6 
 81 6 
 82 6 
 83 6 
 84 7 
 85 7 
 86 8 
 87 8 
 88 8 
 89 8 
 90 9 
 91 9 
 92 10 
 93 10 
 94 11 
 95 11 
 96 12 
 97 12 
 98 13 
 99 13 
 100 14 
 101 15 
 102 16 
 103 17 
 103 18 
 104 19 
 105 20 
 105 21 
 105 22 
 106 23 
 107 24 
 107 25 
 107 26 
 108 27 
 108 28 
 107 29 
 108 30 
 108 31 
 108 32 
 109 33 
 109 34 
 109 35 
 109 36 
 109 37 
 108 38 
 108 39 
 108 40 
 107 41 
 107 42 
 108 43 
 107 44 
 107 45 
 106 46 
 106 47 
 106 48 
 105 49 
 106 50 
 105 51 
 104 52 
 103 53 
 104 54 
 103 55 
 102 56 
 102 57 
 101 58 
 101 59 
 100 60 
 99 61 
 98 62 
 97 63 
 96 64 
 95 65 
 94 66 
 93 67 
 92 68 
 91 69 
 90 70 
 89 71 
 88 72 
 87 73 
 86 73 
 85 73 
 84 74 
 83 75 
 83 76 
 82 76 
 81 77 
 80 78 
 79 78 
 78 78 
 77 79 
 76 80 
 75 81 
 74 81 
 73 82 
 72 82 
 71 83 
 70 83 
 69 84 
 68 85 
 67 85 
 66 85 
 65 86 
 65 87 
 64 87 
 63 88 
 62 89 
 61 89 
 60 89 
 59 90 
 59 91 
 58 91 
 57 92 
 56 92 
 55 93 
 54 92 
 53 92 
 53 91 
 52 90 
 51 89 
 50 88 
 49 87 
 48 87 
 48 86 
 47 85 
 46 84 
 45 83 
 44 82 
 43 81 
 42 81 
 41 81 
 40 80 
 39 79 
 38 78 
 37 77 
 36 76 
 35 76 
 34 75 
 33 74 
 32 73 
 31 72 
 30 71 
 29 70 
 28 70 
 27 69 
 26 69 
 25 68 
 24 67 
 23 66 
 22 65 
 21 64 
 20 64 
 20 63 
 20 62 
 20 61 
 20 60 
 21 59 
 22 58 
 22 57 
 22 56 
 23 55 
 24 54 
 24 53 
 24 52 
 25 51 
 25 50 
 24 49 
 23 48 
 22 47 
 21 46 
 20 45 
 19 44 
 18 43 
 17 42 
 17 41 
 16 40 
 15 39 
 14 38 
 14 37 
 13 36 
 12 36 
 11 35 
 11 34 
 11 33 
 10 32 
 9 31 
 8 30 
 7 29 
 8 28 
 7 27 
 6 26 
 6 25 
 6 24 
 5 23 
 5 22 
 5 21 
 4 20 
 4 19 
 4 18 
 4 17 
 4 16 
 4 15 
 5 14 
 6 13 
 6 12 
 6 11 
 7 11 
 8 10 
 9 9 
 10 8 
 10 7 
 11 7 
 12 6 
 13 6 
 14 5 
 15 5 
 16 6 
 17 5 
 17 4