 
 7 4 
 8 4 
 9 5 
 10 5 
 11 6 
 12 5 
 13 6 
 14 6 
 15 6 
 16 6 
 17 7 
 18 7 
 19 7 
 20 7 
 21 7 
 22 7 
 23 7 
 24 8 
 25 7 
 26 8 
 27 8 
 28 8 
 29 8 
 30 7 
 31 8 
 32 8 
 33 8 
 34 8 
 35 9 
 36 9 
 37 9 
 38 9 
 39 10 
 40 10 
 41 10 
 42 10 
 43 10 
 44 11 
 44 12 
 45 13 
 44 14 
 44 15 
 44 16 
 43 17 
 43 18 
 43 19 
 42 20 
 43 21 
 42 22 
 42 23 
 41 24 
 41 25 
 41 26 
 42 27 
 43 26 
 44 27 
 45 27 
 46 27 
 47 27 
 48 28 
 49 28 
 50 28 
 51 29 
 52 28 
 53 29 
 54 29 
 55 30 
 56 30 
 57 30 
 58 30 
 59 31 
 60 31 
 61 31 
 62 32 
 63 32 
 64 32 
 65 32 
 66 33 
 67 33 
 68 33 
 69 33 
 70 34 
 71 34 
 72 33 
 73 34 
 74 34 
 75 34 
 76 34 
 77 34 
 78 34 
 79 34 
 80 34 
 81 34 
 82 34 
 83 34 
 84 34 
 85 34 
 86 34 
 87 34 
 88 35 
 89 34 
 90 34 
 91 34 
 92 34 
 93 34 
 94 34 
 95 35 
 96 35 
 97 35 
 98 36 
 99 35 
 100 36 
 101 36 
 102 36 
 103 37 
 104 37 
 105 37 
 106 38 
 107 39 
 108 39 
 109 40 
 110 41 
 111 42 
 110 43 
 109 44 
 109 45 
 108 46 
 107 46 
 106 46 
 105 47 
 104 47 
 103 47 
 102 47 
 101 47 
 100 47 
 99 47 
 98 46 
 97 46 
 96 46 
 95 46 
 94 46 
 93 46 
 92 46 
 91 46 
 90 46 
 89 46 
 88 45 
 87 45 
 86 45 
 85 44 
 84 44 
 83 44 
 82 43 
 81 43 
 80 42 
 79 42 
 78 42 
 77 42 
 76 41 
 75 41 
 74 41 
 73 40 
 72 41 
 71 40 
 70 40 
 69 40 
 68 39 
 67 39 
 66 38 
 65 39 
 64 38 
 63 38 
 62 38 
 61 37 
 60 37 
 59 37 
 58 37 
 57 36 
 56 36 
 55 36 
 54 36 
 53 35 
 52 35 
 51 35 
 50 35 
 49 35 
 48 35 
 47 35 
 46 35 
 45 35 
 44 34 
 43 34 
 42 33 
 41 33 
 40 33 
 39 33 
 38 34 
 38 35 
 38 36 
 38 37 
 38 38 
 38 39 
 38 40 
 37 41 
 38 42 
 37 43 
 37 44 
 37 45 
 37 46 
 36 47 
 36 48 
 35 47 
 34 48 
 33 47 
 32 47 
 31 47 
 30 47 
 29 47 
 28 47 
 27 47 
 26 47 
 25 47 
 24 47 
 23 46 
 22 46 
 21 46 
 20 46 
 19 46 
 18 46 
 17 46 
 16 46 
 15 46 
 14 46 
 13 47 
 12 47 
 11 47 
 10 47 
 9 47 
 8 47 
 7 47 
 6 47 
 5 47 
 4 46 
 3 45 
 4 44 
 5 43 
 6 43 
 7 43 
 8 43 
 9 44 
 10 43 
 11 43 
 12 43 
 13 43 
 14 43 
 15 43 
 16 42 
 17 43 
 18 43 
 19 43 
 20 42 
 21 43 
 22 43 
 23 42 
 24 43 
 25 44 
 26 43 
 27 43 
 28 43 
 29 44 
 30 43 
 31 43 
 32 43 
 33 44 
 34 43 
 34 42 
 34 41 
 34 40 
 34 39 
 34 38 
 33 37 
 32 37 
 31 37 
 30 37 
 29 37 
 28 37 
 27 37 
 26 36 
 25 36 
 24 36 
 23 36 
 22 36 
 21 36 
 20 35 
 19 35 
 18 35 
 17 35 
 16 34 
 15 34 
 14 34 
 13 33 
 12 33 
 11 33 
 10 33 
 9 32 
 8 32 
 7 32 
 6 32 
 5 31 
 5 30 
 6 29 
 7 28 
 8 29 
 9 29 
 10 29 
 11 29 
 12 30 
 13 30 
 14 30 
 15 31 
 16 31 
 17 31 
 18 32 
 19 32 
 20 32 
 21 32 
 22 33 
 23 33 
 24 33 
 25 33 
 26 33 
 27 34 
 28 33 
 29 34 
 30 34 
 31 34 
 32 34 
 33 34 
 34 34 
 35 34 
 36 33 
 36 32 
 36 31 
 36 30 
 37 29 
 37 28 
 36 27 
 35 26 
 34 26 
 33 25 
 32 25 
 31 25 
 30 25 
 29 24 
 28 24 
 27 24 
 26 24 
 25 23 
 24 24 
 23 23 
 22 23 
 21 22 
 20 22 
 19 22 
 18 22 
 17 22 
 16 22 
 15 22 
 14 21 
 13 21 
 12 21 
 11 21 
 10 21 
 9 21 
 8 22 
 7 21 
 6 21 
 6 20 
 6 19 
 7 18 
 8 18 
 9 17 
 10 18 
 11 18 
 12 18 
 13 18 
 14 18 
 15 18 
 16 18 
 17 19 
 18 18 
 19 19 
 20 19 
 21 19 
 22 19 
 23 19 
 24 20 
 25 20 
 26 21 
 27 21 
 28 21 
 29 21 
 30 22 
 31 21 
 32 22 
 33 22 
 34 22 
 35 22 
 36 23 
 37 23 
 38 23 
 39 22 
 39 21 
 39 20 
 39 19 
 40 18 
 39 17 
 40 16 
 40 15 
 40 14 
 39 13 
 38 13 
 37 12 
 36 12 
 35 11 
 34 12 
 33 11 
 32 12 
 31 11 
 30 11 
 29 11 
 28 10 
 27 11 
 26 10 
 25 11 
 24 11 
 23 10 
 22 10 
 21 10 
 20 10 
 19 10 
 18 10 
 17 10 
 16 9 
 15 10 
 14 9 
 13 9 
 12 9 
 11 9 
 10 9 
 9 8 
 8 8 
 7 8 
 6 7 
 5 7 
 4 6 
 4 5 
 4 4 
 5 4 
 6 3