 
 61 5 
 62 5 
 63 5 
 64 5 
 65 5 
 66 6 
 67 6 
 68 6 
 69 6 
 70 6 
 71 6 
 72 6 
 73 6 
 74 6 
 75 6 
 76 6 
 77 6 
 78 6 
 79 6 
 80 6 
 81 6 
 82 6 
 83 6 
 84 6 
 85 7 
 86 7 
 87 8 
 88 8 
 89 9 
 89 10 
 90 11 
 91 12 
 90 13 
 90 14 
 90 15 
 90 16 
 90 17 
 91 18 
 92 18 
 92 19 
 93 20 
 94 21 
 95 22 
 96 22 
 97 22 
 98 22 
 99 21 
 100 22 
 101 21 
 102 22 
 103 22 
 104 22 
 105 22 
 106 22 
 107 22 
 108 22 
 109 22 
 110 22 
 111 22 
 112 22 
 113 23 
 114 24 
 115 25 
 115 26 
 116 27 
 115 28 
 115 29 
 115 30 
 116 31 
 116 32 
 115 33 
 114 33 
 113 34 
 113 35 
 113 36 
 112 37 
 112 38 
 112 39 
 112 40 
 112 41 
 111 42 
 111 43 
 110 44 
 109 45 
 108 44 
 107 45 
 107 46 
 106 45 
 105 45 
 104 46 
 104 47 
 104 48 
 104 49 
 104 50 
 103 51 
 103 52 
 102 53 
 102 54 
 101 55 
 100 56 
 99 56 
 98 55 
 97 56 
 96 56 
 95 56 
 94 55 
 94 54 
 95 53 
 94 52 
 94 51 
 94 50 
 93 49 
 92 50 
 91 50 
 90 50 
 89 50 
 88 50 
 87 51 
 86 51 
 85 51 
 84 51 
 83 51 
 82 51 
 81 51 
 80 51 
 79 51 
 78 51 
 77 51 
 76 51 
 75 51 
 74 51 
 73 51 
 72 51 
 71 51 
 70 51 
 69 51 
 68 51 
 67 52 
 67 53 
 66 54 
 66 55 
 66 56 
 65 56 
 64 57 
 64 58 
 63 59 
 62 60 
 61 61 
 60 61 
 59 60 
 58 60 
 57 59 
 56 59 
 57 58 
 56 57 
 55 57 
 55 56 
 55 55 
 55 54 
 55 53 
 55 52 
 54 51 
 53 52 
 53 53 
 52 53 
 51 54 
 50 53 
 49 54 
 48 54 
 47 54 
 46 54 
 45 53 
 44 54 
 44 55 
 43 54 
 42 53 
 41 54 
 40 55 
 39 54 
 38 54 
 37 54 
 36 55 
 35 54 
 34 53 
 33 54 
 32 54 
 31 53 
 30 54 
 29 54 
 28 53 
 27 53 
 26 54 
 26 55 
 27 56 
 26 57 
 26 58 
 25 58 
 24 58 
 23 58 
 22 58 
 21 58 
 20 58 
 19 58 
 18 57 
 17 57 
 16 57 
 15 57 
 14 56 
 13 55 
 13 54 
 13 53 
 12 52 
 11 52 
 10 51 
 9 51 
 8 50 
 8 49 
 7 48 
 8 47 
 8 46 
 7 45 
 8 44 
 8 43 
 8 42 
 8 41 
 8 40 
 8 39 
 8 38 
 8 37 
 7 36 
 7 35 
 6 34 
 5 34 
 5 33 
 6 32 
 6 31 
 7 30 
 8 30 
 9 29 
 10 28 
 11 28 
 12 27 
 13 26 
 14 26 
 15 26 
 16 25 
 17 25 
 18 25 
 19 25 
 20 25 
 21 25 
 22 25 
 23 24 
 24 24 
 25 24 
 26 24 
 27 24 
 28 24 
 29 23 
 30 24 
 31 24 
 32 24 
 33 23 
 34 23 
 35 22 
 35 21 
 36 20 
 37 21 
 38 20 
 38 19 
 39 19 
 40 19 
 41 19 
 42 18 
 43 18 
 44 17 
 45 17 
 46 17 
 47 17 
 48 17 
 49 17 
 50 18 
 51 18 
 52 18 
 53 18 
 54 18 
 55 17 
 55 16 
 55 15 
 55 14 
 55 13 
 55 12 
 56 11 
 57 10 
 57 9 
 58 8 
 58 7 
 59 6 
 60 5