 
 55 2 
 56 2 
 57 2 
 58 2 
 59 2 
 60 2 
 61 2 
 62 2 
 63 2 
 64 3 
 65 3 
 66 3 
 67 4 
 68 4 
 69 5 
 70 5 
 71 6 
 72 7 
 73 8 
 73 9 
 74 10 
 74 11 
 74 12 
 74 13 
 74 14 
 74 15 
 74 16 
 74 17 
 73 18 
 74 19 
 74 20 
 74 21 
 74 22 
 74 23 
 73 24 
 73 25 
 73 26 
 72 27 
 72 28 
 72 29 
 72 30 
 73 31 
 73 32 
 74 33 
 75 34 
 75 35 
 76 36 
 76 37 
 76 38 
 76 39 
 76 40 
 77 41 
 77 42 
 77 43 
 77 44 
 77 45 
 76 46 
 77 47 
 76 48 
 77 49 
 77 50 
 78 51 
 79 52 
 79 53 
 79 54 
 79 55 
 80 56 
 80 57 
 80 58 
 80 59 
 81 60 
 81 61 
 81 62 
 82 63 
 82 64 
 82 65 
 83 66 
 83 67 
 84 68 
 84 69 
 84 70 
 84 71 
 83 72 
 82 73 
 81 74 
 80 75 
 79 76 
 80 77 
 80 78 
 80 79 
 79 80 
 78 80 
 77 81 
 76 82 
 76 83 
 76 84 
 77 85 
 76 86 
 77 87 
 77 88 
 77 89 
 76 90 
 76 91 
 75 92 
 75 93 
 74 94 
 74 95 
 74 96 
 74 97 
 74 98 
 74 99 
 73 100 
 73 101 
 73 102 
 73 103 
 72 104 
 72 105 
 71 106 
 72 107 
 71 108 
 72 109 
 73 110 
 74 110 
 75 111 
 76 112 
 77 112 
 78 113 
 79 113 
 80 113 
 81 113 
 81 114 
 82 115 
 82 116 
 82 117 
 81 117 
 80 118 
 79 118 
 78 118 
 77 118 
 76 119 
 75 119 
 74 119 
 73 120 
 72 120 
 71 120 
 70 120 
 69 120 
 68 120 
 67 120 
 66 120 
 65 120 
 64 120 
 63 120 
 62 119 
 61 119 
 60 119 
 59 118 
 58 119 
 57 118 
 56 118 
 55 117 
 54 116 
 55 115 
 54 114 
 54 113 
 55 112 
 55 111 
 56 110 
 56 109 
 55 108 
 55 107 
 55 106 
 54 105 
 54 104 
 54 103 
 54 102 
 53 101 
 53 100 
 53 99 
 52 98 
 53 97 
 53 96 
 54 95 
 54 94 
 54 93 
 55 92 
 55 91 
 55 90 
 55 89 
 55 88 
 55 87 
 55 86 
 54 85 
 53 84 
 52 84 
 51 83 
 51 82 
 50 81 
 50 80 
 50 79 
 49 78 
 49 77 
 49 76 
 48 75 
 48 74 
 48 73 
 48 72 
 47 71 
 47 70 
 47 69 
 47 68 
 47 67 
 47 66 
 47 65 
 46 64 
 46 63 
 46 62 
 46 61 
 45 60 
 45 59 
 45 58 
 44 57 
 45 56 
 44 55 
 45 54 
 45 53 
 44 52 
 45 51 
 45 50 
 44 49 
 44 48 
 44 47 
 43 46 
 43 45 
 43 44 
 43 43 
 43 42 
 43 41 
 42 40 
 42 39 
 43 38 
 43 37 
 44 36 
 44 35 
 45 34 
 46 33 
 47 32 
 48 32 
 49 31 
 49 30 
 50 30 
 51 29 
 51 28 
 52 27 
 52 26 
 52 25 
 51 24 
 50 23 
 50 22 
 49 21 
 48 21 
 47 20 
 47 19 
 46 18 
 46 17 
 46 16 
 45 15 
 45 14 
 45 13 
 45 12 
 45 11 
 46 10 
 46 9 
 47 8 
 47 7 
 48 6 
 49 5 
 50 4 
 51 4 
 52 3 
 53 3 
 54 2