 
 97 4 
 98 3 
 99 4 
 100 3 
 101 4 
 102 3 
 103 4 
 104 3 
 105 4 
 106 3 
 107 4 
 108 3 
 109 4 
 110 3 
 111 4 
 112 3 
 113 4 
 114 3 
 115 4 
 116 3 
 117 4 
 118 3 
 119 4 
 120 3 
 121 4 
 122 3 
 123 4 
 124 3 
 125 4 
 126 3 
 127 4 
 128 3 
 129 4 
 130 4 
 131 5 
 130 6 
 131 7 
 130 8 
 130 9 
 131 10 
 130 11 
 130 12 
 131 13 
 130 14 
 131 15 
 130 16 
 130 17 
 131 18 
 130 19 
 130 20 
 131 21 
 130 22 
 129 22 
 128 23 
 127 24 
 128 25 
 128 26 
 128 27 
 127 28 
 128 29 
 128 30 
 128 31 
 127 32 
 128 33 
 128 34 
 128 35 
 127 36 
 128 37 
 128 38 
 128 39 
 127 40 
 128 41 
 127 42 
 127 43 
 127 44 
 127 45 
 127 46 
 126 47 
 126 48 
 125 49 
 124 50 
 125 51 
 124 52 
 123 53 
 123 54 
 122 55 
 121 56 
 121 57 
 120 58 
 119 59 
 119 60 
 118 61 
 118 62 
 117 63 
 116 64 
 116 65 
 115 65 
 114 66 
 114 67 
 113 68 
 112 68 
 111 69 
 110 70 
 109 70 
 108 70 
 107 71 
 106 72 
 105 72 
 104 73 
 103 73 
 102 74 
 101 74 
 100 75 
 99 75 
 98 75 
 97 76 
 96 76 
 95 76 
 94 76 
 94 75 
 94 74 
 95 74 
 96 73 
 95 72 
 95 71 
 96 70 
 96 69 
 96 68 
 97 67 
 97 66 
 96 65 
 97 64 
 98 63 
 97 62 
 98 61 
 98 60 
 98 59 
 98 58 
 98 57 
 99 56 
 99 55 
 99 54 
 99 53 
 99 52 
 99 51 
 100 50 
 100 49 
 100 48 
 100 47 
 100 46 
 100 45 
 100 44 
 99 43 
 98 43 
 97 43 
 96 43 
 95 43 
 94 42 
 93 43 
 92 43 
 91 43 
 90 43 
 89 43 
 88 43 
 87 43 
 86 43 
 85 42 
 84 43 
 83 43 
 82 43 
 81 43 
 80 43 
 79 42 
 78 43 
 77 43 
 76 43 
 75 43 
 74 43 
 73 43 
 72 43 
 71 43 
 70 42 
 69 43 
 68 43 
 67 43 
 66 43 
 65 43 
 64 42 
 63 43 
 62 43 
 61 43 
 60 43 
 59 43 
 58 43 
 57 42 
 56 43 
 55 42 
 54 43 
 53 43 
 52 43 
 51 42 
 50 43 
 49 43 
 48 43 
 47 43 
 46 43 
 45 43 
 44 43 
 43 43 
 42 42 
 41 43 
 40 43 
 39 43 
 38 43 
 37 43 
 36 42 
 35 43 
 34 43 
 33 43 
 32 43 
 31 43 
 30 43 
 29 43 
 28 42 
 27 43 
 26 43 
 25 43 
 24 43 
 23 43 
 22 42 
 21 43 
 20 43 
 19 43 
 18 42 
 17 43 
 16 43 
 15 43 
 14 43 
 13 43 
 12 43 
 11 43 
 10 42 
 9 43 
 8 43 
 7 43 
 6 43 
 5 43 
 4 43 
 4 42 
 4 41 
 4 40 
 4 39 
 4 38 
 4 37 
 4 36 
 4 35 
 4 34 
 4 33 
 4 32 
 4 31 
 4 30 
 4 29 
 4 28 
 4 27 
 4 26 
 5 26 
 6 26 
 7 26 
 8 26 
 9 26 
 10 26 
 11 26 
 12 27 
 13 26 
 14 26 
 15 26 
 16 26 
 17 26 
 18 27 
 19 26 
 20 26 
 21 26 
 22 26 
 23 26 
 24 27 
 25 26 
 26 26 
 27 26 
 28 26 
 29 26 
 30 26 
 31 26 
 32 26 
 33 27 
 34 26 
 35 26 
 36 26 
 37 27 
 38 26 
 39 27 
 40 26 
 41 26 
 42 27 
 43 26 
 44 26 
 45 26 
 46 26 
 47 26 
 48 26 
 49 26 
 50 27 
 51 26 
 52 26 
 53 26 
 54 26 
 55 26 
 56 26 
 57 26 
 58 26 
 59 26 
 60 26 
 61 26 
 62 27 
 63 26 
 64 26 
 65 26 
 66 26 
 67 27 
 68 26 
 69 26 
 70 27 
 71 26 
 72 26 
 73 26 
 74 26 
 75 26 
 76 26 
 77 26 
 78 26 
 79 26 
 80 26 
 81 26 
 82 26 
 83 26 
 84 26 
 85 26 
 86 26 
 87 26 
 88 26 
 89 26 
 90 26 
 91 26 
 92 26 
 93 26 
 94 26 
 95 26 
 96 26 
 97 26 
 98 26 
 99 25 
 99 24 
 99 23 
 98 22 
 97 22 
 96 22 
 96 21 
 96 20 
 96 19 
 96 18 
 96 17 
 96 16 
 96 15 
 96 14 
 96 13 
 96 12 
 96 11 
 96 10 
 96 9 
 96 8 
 96 7 
 96 6 
 96 5 
 96 4 
 96 3