 
 49 5 
 50 5 
 51 5 
 52 5 
 53 5 
 54 5 
 55 6 
 56 6 
 57 7 
 58 7 
 59 7 
 60 7 
 61 8 
 62 8 
 63 9 
 64 10 
 65 10 
 65 11 
 66 12 
 67 12 
 68 11 
 69 10 
 70 10 
 71 9 
 72 10 
 73 10 
 74 10 
 75 9 
 76 10 
 77 10 
 78 11 
 79 11 
 80 12 
 81 13 
 82 14 
 83 15 
 83 16 
 84 17 
 84 18 
 85 19 
 86 19 
 86 20 
 86 21 
 86 22 
 87 23 
 86 24 
 87 25 
 87 26 
 87 27 
 87 28 
 87 29 
 86 30 
 87 31 
 87 32 
 87 33 
 87 34 
 86 35 
 87 36 
 86 37 
 87 38 
 86 39 
 87 40 
 87 41 
 86 42 
 87 43 
 87 44 
 87 45 
 87 46 
 87 47 
 87 48 
 87 49 
 87 50 
 87 51 
 87 52 
 88 53 
 89 54 
 90 54 
 91 55 
 91 56 
 91 57 
 90 58 
 90 59 
 90 60 
 90 61 
 90 62 
 90 63 
 90 64 
 90 65 
 90 66 
 90 67 
 90 68 
 90 69 
 89 70 
 89 71 
 89 72 
 89 73 
 89 74 
 88 75 
 88 76 
 87 77 
 86 77 
 85 77 
 84 77 
 83 78 
 83 79 
 83 80 
 83 81 
 83 82 
 83 83 
 83 84 
 83 85 
 83 86 
 82 87 
 82 88 
 81 89 
 80 90 
 80 91 
 80 92 
 80 93 
 79 94 
 79 95 
 80 96 
 79 97 
 79 98 
 79 99 
 79 100 
 79 101 
 79 102 
 79 103 
 79 104 
 78 105 
 78 106 
 77 107 
 77 108 
 76 109 
 75 110 
 75 111 
 74 112 
 73 113 
 73 114 
 72 115 
 71 116 
 70 117 
 69 118 
 68 119 
 67 119 
 66 120 
 65 120 
 64 121 
 63 121 
 62 122 
 61 122 
 60 123 
 59 123 
 58 124 
 57 124 
 56 124 
 55 124 
 54 123 
 53 122 
 52 122 
 52 121 
 51 120 
 50 120 
 49 119 
 48 118 
 47 118 
 46 117 
 45 116 
 44 115 
 43 114 
 42 113 
 41 112 
 40 112 
 39 111 
 38 110 
 38 109 
 37 108 
 37 107 
 36 106 
 36 105 
 36 104 
 36 103 
 36 102 
 36 101 
 36 100 
 37 99 
 37 98 
 37 97 
 36 96 
 35 96 
 35 95 
 34 94 
 34 93 
 33 92 
 32 92 
 32 91 
 31 90 
 31 89 
 31 88 
 31 87 
 31 86 
 31 85 
 31 84 
 31 83 
 31 82 
 30 81 
 29 80 
 28 80 
 27 79 
 26 78 
 26 77 
 25 76 
 25 75 
 24 74 
 23 73 
 23 72 
 23 71 
 22 70 
 21 69 
 21 68 
 20 67 
 19 66 
 18 65 
 18 64 
 18 63 
 18 62 
 18 61 
 18 60 
 19 59 
 20 58 
 21 58 
 22 58 
 23 58 
 24 58 
 25 57 
 25 56 
 24 55 
 25 54 
 24 53 
 23 52 
 23 51 
 23 50 
 23 49 
 23 48 
 23 47 
 23 46 
 23 45 
 23 44 
 23 43 
 23 42 
 23 41 
 23 40 
 23 39 
 24 38 
 25 37 
 25 36 
 25 35 
 26 34 
 26 33 
 26 32 
 26 31 
 26 30 
 26 29 
 26 28 
 27 27 
 27 26 
 27 25 
 27 24 
 28 23 
 29 22 
 30 21 
 30 20 
 31 19 
 32 18 
 33 17 
 33 16 
 34 16 
 35 15 
 35 14 
 36 13 
 37 13 
 38 12 
 38 11 
 38 10 
 39 11 
 40 10 
 40 9 
 41 9 
 42 8 
 43 7 
 44 6 
 45 6 
 46 6 
 47 6 
 48 5