 
 10 4 
 11 3 
 12 4 
 13 4 
 14 3 
 15 4 
 16 3 
 17 4 
 18 4 
 19 4 
 20 4 
 21 4 
 22 5 
 23 4 
 24 5 
 25 5 
 26 4 
 27 4 
 28 4 
 29 4 
 30 4 
 31 5 
 32 5 
 33 6 
 34 7 
 34 8 
 35 9 
 36 10 
 36 11 
 36 12 
 36 13 
 36 14 
 37 15 
 38 15 
 39 15 
 40 15 
 41 15 
 42 15 
 43 14 
 44 14 
 45 14 
 46 15 
 47 15 
 48 15 
 49 16 
 50 16 
 51 16 
 52 17 
 53 17 
 54 17 
 55 18 
 56 18 
 57 19 
 58 19 
 59 19 
 60 19 
 61 20 
 62 20 
 63 20 
 64 21 
 65 21 
 66 21 
 67 22 
 68 21 
 69 22 
 70 22 
 71 22 
 72 22 
 73 22 
 74 23 
 75 23 
 76 23 
 77 24 
 78 24 
 79 24 
 80 24 
 81 24 
 82 24 
 83 24 
 84 25 
 85 24 
 86 25 
 87 24 
 88 25 
 89 24 
 90 25 
 91 25 
 92 25 
 93 25 
 94 25 
 95 25 
 96 25 
 97 25 
 98 25 
 99 25 
 100 25 
 101 26 
 102 26 
 103 26 
 104 26 
 105 26 
 106 27 
 107 27 
 108 28 
 109 29 
 110 29 
 110 30 
 110 31 
 111 32 
 110 33 
 110 34 
 109 35 
 109 36 
 109 37 
 108 37 
 107 37 
 106 37 
 105 38 
 104 38 
 103 38 
 102 38 
 101 38 
 100 37 
 99 37 
 98 37 
 97 37 
 96 37 
 95 37 
 94 36 
 93 36 
 92 36 
 91 36 
 90 36 
 89 35 
 88 35 
 87 35 
 86 35 
 85 35 
 84 34 
 83 35 
 82 34 
 81 34 
 80 33 
 79 33 
 78 33 
 77 32 
 76 32 
 75 32 
 74 32 
 73 31 
 72 31 
 71 31 
 70 31 
 69 31 
 68 30 
 67 30 
 66 30 
 65 30 
 64 29 
 63 29 
 62 29 
 61 29 
 60 29 
 59 28 
 58 28 
 57 28 
 56 28 
 55 27 
 54 27 
 53 27 
 52 27 
 51 26 
 50 26 
 49 26 
 48 26 
 47 25 
 46 26 
 45 25 
 44 25 
 43 25 
 42 24 
 41 24 
 40 24 
 39 24 
 38 23 
 37 24 
 36 23 
 35 24 
 35 25 
 35 26 
 35 27 
 35 28 
 35 29 
 35 30 
 35 31 
 34 32 
 34 33 
 33 33 
 32 34 
 31 35 
 30 36 
 30 37 
 29 37 
 28 38 
 27 38 
 26 38 
 25 37 
 24 37 
 23 38 
 22 38 
 21 38 
 20 37 
 19 37 
 18 36 
 17 36 
 16 35 
 15 35 
 14 35 
 13 35 
 12 34 
 11 35 
 10 34 
 9 34 
 8 34 
 7 34 
 6 34 
 5 33 
 4 33 
 3 32 
 4 31 
 4 30 
 5 30 
 6 31 
 7 31 
 8 31 
 9 31 
 10 32 
 11 31 
 12 32 
 13 32 
 14 32 
 15 32 
 16 32 
 17 32 
 18 32 
 19 33 
 20 33 
 21 33 
 22 33 
 23 33 
 24 33 
 25 33 
 26 33 
 27 33 
 28 33 
 29 32 
 29 31 
 29 30 
 28 29 
 27 29 
 26 29 
 25 29 
 24 29 
 23 28 
 22 29 
 21 28 
 20 29 
 19 28 
 18 29 
 17 28 
 16 28 
 15 28 
 14 28 
 13 28 
 12 28 
 11 27 
 10 27 
 9 27 
 8 26 
 7 26 
 6 26 
 5 26 
 4 26 
 3 26 
 4 25 
 3 24 
 4 23 
 4 22 
 5 22 
 6 22 
 7 22 
 8 22 
 9 23 
 10 23 
 11 23 
 12 23 
 13 24 
 14 24 
 15 24 
 16 24 
 17 25 
 18 24 
 19 25 
 20 24 
 21 25 
 22 25 
 23 25 
 24 25 
 25 25 
 26 26 
 27 25 
 28 26 
 29 26 
 30 25 
 31 24 
 31 23 
 30 22 
 29 21 
 28 21 
 27 21 
 26 21 
 25 21 
 24 21 
 23 20 
 22 21 
 21 20 
 20 21 
 19 20 
 18 20 
 17 20 
 16 20 
 15 20 
 14 19 
 13 19 
 12 19 
 11 19 
 10 19 
 9 18 
 8 18 
 7 18 
 6 18 
 5 18 
 5 17 
 5 16 
 5 15 
 6 14 
 7 13 
 8 14 
 9 14 
 10 14 
 11 14 
 12 15 
 13 14 
 14 15 
 15 15 
 16 15 
 17 15 
 18 15 
 19 16 
 20 16 
 21 16 
 22 16 
 23 17 
 24 16 
 25 17 
 26 17 
 27 16 
 28 17 
 29 17 
 30 17 
 31 16 
 31 15 
 31 14 
 30 13 
 29 13 
 28 12 
 27 13 
 26 12 
 25 12 
 24 12 
 23 12 
 22 12 
 21 11 
 20 11 
 19 11 
 18 11 
 17 11 
 16 10 
 15 11 
 14 10 
 13 10 
 12 10 
 11 10 
 10 10 
 9 10 
 8 9 
 7 9 
 6 9 
 6 8 
 7 7 
 7 6 
 8 5 
 8 4 
 9 3