 
 8 4 
 9 3 
 10 4 
 11 3 
 12 4 
 13 3 
 14 4 
 15 4 
 16 5 
 17 5 
 18 5 
 19 5 
 20 6 
 21 6 
 22 6 
 23 7 
 24 7 
 25 8 
 26 8 
 27 9 
 28 9 
 29 10 
 30 10 
 31 10 
 32 11 
 33 11 
 33 12 
 34 13 
 35 13 
 36 14 
 37 14 
 38 15 
 38 16 
 39 17 
 40 17 
 40 18 
 41 19 
 40 20 
 41 21 
 42 22 
 43 22 
 44 21 
 45 22 
 46 22 
 47 22 
 48 22 
 49 22 
 50 23 
 51 23 
 52 23 
 53 23 
 54 24 
 55 23 
 56 23 
 57 24 
 58 24 
 59 24 
 60 24 
 61 25 
 62 24 
 63 25 
 64 26 
 65 26 
 66 26 
 67 26 
 68 26 
 69 27 
 70 27 
 71 27 
 72 27 
 73 27 
 74 27 
 75 27 
 76 27 
 77 27 
 78 27 
 79 27 
 80 27 
 81 27 
 82 27 
 83 26 
 84 27 
 85 26 
 86 26 
 87 27 
 88 27 
 89 27 
 90 27 
 91 27 
 92 27 
 93 27 
 94 27 
 95 27 
 96 27 
 97 28 
 98 27 
 99 28 
 100 27 
 101 28 
 102 28 
 103 28 
 104 28 
 105 28 
 106 28 
 107 29 
 108 29 
 109 29 
 110 30 
 111 31 
 110 32 
 109 33 
 108 33 
 107 34 
 106 34 
 105 34 
 104 34 
 103 34 
 102 34 
 101 34 
 100 34 
 99 34 
 98 34 
 97 34 
 96 34 
 95 34 
 94 34 
 93 34 
 92 34 
 91 34 
 90 34 
 89 34 
 88 34 
 87 34 
 86 34 
 85 34 
 84 34 
 83 34 
 82 34 
 81 34 
 80 34 
 79 34 
 78 34 
 77 34 
 76 34 
 75 33 
 74 33 
 73 33 
 72 32 
 71 32 
 70 32 
 69 32 
 68 31 
 67 32 
 66 31 
 65 31 
 64 31 
 63 31 
 62 30 
 61 30 
 60 30 
 59 30 
 58 30 
 57 30 
 56 30 
 55 30 
 54 30 
 53 30 
 52 30 
 51 30 
 50 30 
 49 30 
 48 30 
 47 30 
 46 30 
 45 30 
 44 30 
 43 30 
 42 30 
 41 31 
 40 32 
 40 33 
 39 34 
 38 35 
 38 36 
 37 37 
 36 37 
 35 38 
 34 39 
 34 40 
 34 41 
 34 42 
 33 42 
 32 42 
 31 43 
 30 43 
 29 43 
 28 43 
 27 43 
 26 44 
 25 43 
 24 44 
 23 43 
 22 44 
 21 43 
 20 44 
 19 43 
 18 44 
 17 43 
 16 43 
 15 43 
 14 43 
 13 43 
 12 43 
 11 42 
 10 42 
 9 42 
 8 42 
 7 42 
 6 42 
 5 42 
 4 42 
 3 41 
 4 40 
 5 39 
 6 40 
 7 39 
 8 39 
 9 40 
 10 39 
 11 39 
 12 39 
 13 39 
 14 39 
 15 40 
 16 39 
 17 39 
 18 39 
 19 40 
 20 40 
 21 40 
 22 40 
 23 40 
 24 39 
 25 39 
 26 40 
 27 39 
 28 39 
 29 39 
 30 38 
 31 37 
 32 37 
 33 36 
 34 36 
 35 35 
 36 34 
 37 33 
 38 32 
 38 31 
 37 30 
 36 31 
 35 31 
 34 32 
 33 32 
 32 33 
 31 33 
 30 33 
 29 33 
 28 33 
 27 34 
 26 33 
 25 33 
 24 34 
 23 34 
 22 34 
 21 34 
 20 34 
 19 34 
 18 34 
 17 34 
 16 34 
 15 34 
 14 34 
 13 35 
 12 34 
 11 34 
 10 35 
 9 34 
 8 34 
 7 35 
 6 35 
 5 34 
 4 33 
 3 33 
 4 32 
 4 31 
 5 30 
 6 31 
 7 30 
 8 30 
 9 31 
 10 31 
 11 31 
 12 31 
 13 31 
 14 30 
 15 31 
 16 31 
 17 31 
 18 31 
 19 31 
 20 31 
 21 31 
 22 31 
 23 31 
 24 31 
 25 31 
 26 31 
 27 31 
 28 30 
 29 30 
 30 30 
 31 30 
 32 30 
 33 29 
 34 29 
 35 29 
 36 28 
 36 27 
 35 26 
 34 26 
 33 25 
 32 25 
 31 24 
 30 24 
 29 23 
 28 24 
 27 24 
 26 23 
 25 23 
 24 23 
 23 23 
 22 23 
 21 23 
 20 22 
 19 22 
 18 22 
 17 22 
 16 22 
 15 22 
 14 22 
 13 21 
 12 21 
 11 21 
 10 21 
 9 21 
 8 21 
 7 20 
 6 20 
 5 20 
 5 19 
 5 18 
 6 17 
 7 17 
 8 17 
 9 18 
 10 17 
 11 17 
 12 17 
 13 17 
 14 17 
 15 17 
 16 17 
 17 17 
 18 17 
 19 17 
 20 17 
 21 17 
 22 18 
 23 17 
 24 18 
 25 18 
 26 18 
 27 19 
 28 19 
 29 20 
 30 20 
 31 21 
 32 21 
 33 21 
 34 21 
 35 22 
 36 22 
 37 22 
 38 21 
 38 20 
 37 19 
 36 18 
 35 17 
 34 16 
 33 16 
 33 15 
 32 14 
 31 13 
 30 13 
 29 12 
 28 12 
 27 11 
 26 11 
 25 11 
 24 10 
 23 9 
 22 10 
 21 9 
 20 9 
 19 9 
 18 8 
 17 8 
 16 8 
 15 8 
 14 7 
 13 7 
 12 6 
 11 6 
 10 6 
 9 6 
 8 6 
 7 7 
 6 6 
 5 6 
 5 5 
 6 4 
 7 3