 
 42 24 
 43 23 
 44 23 
 45 23 
 44 24 
 43 25 
 42 25 
 41 26 
 41 27 
 40 28 
 39 28 
 38 29 
 37 30 
 37 31 
 36 32 
 37 33 
 36 34 
 35 35 
 35 36 
 35 37 
 34 38 
 34 39 
 34 40 
 34 41 
 34 42 
 34 43 
 35 44 
 35 45 
 35 46 
 36 47 
 36 48 
 36 49 
 36 50 
 37 51 
 38 51 
 39 51 
 40 51 
 41 52 
 42 53 
 43 52 
 44 53 
 45 53 
 46 54 
 47 54 
 48 54 
 49 55 
 50 55 
 51 56 
 52 56 
 53 56 
 54 57 
 55 57 
 56 57 
 57 58 
 58 58 
 59 59 
 60 59 
 61 59 
 62 59 
 63 60 
 64 60 
 65 61 
 66 61 
 67 61 
 68 62 
 69 62 
 70 63 
 71 63 
 72 63 
 73 64 
 74 64 
 75 64 
 76 65 
 77 65 
 78 65 
 79 66 
 80 66 
 81 66 
 82 67 
 83 67 
 84 67 
 85 68 
 86 68 
 87 69 
 88 69 
 89 69 
 90 70 
 91 70 
 92 71 
 93 71 
 94 71 
 95 72 
 96 72 
 97 72 
 98 73 
 99 73 
 100 73 
 101 73 
 102 74 
 103 75 
 104 75 
 105 75 
 106 75 
 107 76 
 108 76 
 109 77 
 110 77 
 111 78 
 112 78 
 113 78 
 114 79 
 115 79 
 116 79 
 116 80 
 115 81 
 115 82 
 115 83 
 114 84 
 114 85 
 114 86 
 113 87 
 113 88 
 113 89 
 112 89 
 111 89 
 110 88 
 109 88 
 108 87 
 107 87 
 106 86 
 105 86 
 104 86 
 103 86 
 102 85 
 101 85 
 100 84 
 99 84 
 98 84 
 97 84 
 96 83 
 95 83 
 94 82 
 93 82 
 92 82 
 91 81 
 90 81 
 89 80 
 88 80 
 87 80 
 86 79 
 85 79 
 84 79 
 83 78 
 82 78 
 81 78 
 80 77 
 79 77 
 78 77 
 77 76 
 76 76 
 75 75 
 74 75 
 73 75 
 72 74 
 71 74 
 70 74 
 69 73 
 68 73 
 67 72 
 66 72 
 65 72 
 64 72 
 63 71 
 62 71 
 61 70 
 60 70 
 59 70 
 58 70 
 57 69 
 56 69 
 55 68 
 54 68 
 53 67 
 52 67 
 51 67 
 50 66 
 49 66 
 48 66 
 47 65 
 46 65 
 45 64 
 44 64 
 43 64 
 42 64 
 41 63 
 40 63 
 39 63 
 38 62 
 37 62 
 36 61 
 35 61 
 34 61 
 33 60 
 32 60 
 31 61 
 30 62 
 29 63 
 30 64 
 31 64 
 32 65 
 31 66 
 31 67 
 30 68 
 31 69 
 30 70 
 29 71 
 29 72 
 29 73 
 28 74 
 28 75 
 28 76 
 27 77 
 27 78 
 27 79 
 26 79 
 25 79 
 24 78 
 23 78 
 22 78 
 21 77 
 20 77 
 19 77 
 18 76 
 17 76 
 16 75 
 15 75 
 14 75 
 13 74 
 12 74 
 11 74 
 10 73 
 9 73 
 8 72 
 7 72 
 6 72 
 6 71 
 6 70 
 6 69 
 7 68 
 7 67 
 7 66 
 8 65 
 8 64 
 9 63 
 9 62 
 9 61 
 10 60 
 10 59 
 10 58 
 11 57 
 12 58 
 13 58 
 14 57 
 14 56 
 13 55 
 14 54 
 14 53 
 13 52 
 14 51 
 14 50 
 14 49 
 15 48 
 15 47 
 15 46 
 16 45 
 16 44 
 16 43 
 17 43 
 18 42 
 18 41 
 18 40 
 19 39 
 19 38 
 19 37 
 20 37 
 21 36 
 22 35 
 22 34 
 23 33 
 24 32 
 25 31 
 26 30 
 27 29 
 28 28 
 29 27 
 30 26 
 31 26 
 32 25 
 33 25 
 34 25 
 35 25 
 36 24 
 37 24 
 38 24 
 39 24 
 40 24 
 41 23