 
 8 4 
 9 3 
 10 4 
 11 3 
 12 4 
 13 3 
 14 4 
 15 3 
 16 4 
 17 4 
 18 4 
 19 4 
 20 5 
 21 5 
 22 5 
 23 5 
 24 6 
 25 6 
 26 7 
 27 7 
 28 7 
 29 8 
 30 9 
 31 9 
 32 10 
 33 11 
 34 11 
 35 12 
 36 13 
 37 14 
 38 15 
 39 16 
 40 17 
 41 17 
 42 18 
 43 18 
 44 19 
 45 20 
 46 20 
 47 21 
 48 21 
 49 21 
 50 22 
 51 22 
 52 22 
 53 23 
 54 22 
 55 23 
 56 22 
 57 23 
 58 23 
 59 23 
 60 24 
 61 24 
 62 24 
 63 24 
 64 25 
 65 25 
 66 25 
 67 25 
 68 25 
 69 25 
 70 26 
 71 25 
 72 26 
 73 25 
 74 26 
 75 26 
 76 26 
 77 26 
 78 26 
 79 26 
 80 26 
 81 26 
 82 26 
 83 26 
 84 26 
 85 26 
 86 26 
 87 26 
 88 26 
 89 27 
 90 27 
 91 27 
 92 27 
 93 27 
 94 27 
 95 27 
 96 27 
 97 27 
 98 27 
 99 27 
 100 27 
 101 28 
 102 27 
 103 28 
 104 27 
 105 28 
 106 27 
 107 28 
 108 28 
 109 29 
 110 29 
 111 30 
 110 31 
 109 32 
 108 32 
 107 32 
 106 32 
 105 32 
 104 32 
 103 32 
 102 32 
 101 32 
 100 32 
 99 32 
 98 32 
 97 32 
 96 32 
 95 32 
 94 32 
 93 32 
 92 32 
 91 32 
 90 32 
 89 32 
 88 32 
 87 32 
 86 32 
 85 32 
 84 32 
 83 32 
 82 32 
 81 32 
 80 32 
 79 32 
 78 32 
 77 32 
 76 32 
 75 32 
 74 32 
 73 32 
 72 32 
 71 32 
 70 31 
 69 32 
 68 31 
 67 31 
 66 31 
 65 31 
 64 31 
 63 31 
 62 31 
 61 31 
 60 31 
 59 31 
 58 31 
 57 31 
 56 31 
 55 31 
 54 31 
 53 31 
 52 31 
 51 31 
 50 31 
 49 30 
 48 30 
 47 31 
 46 31 
 45 31 
 44 31 
 43 32 
 42 31 
 41 32 
 40 32 
 39 32 
 38 33 
 37 33 
 36 33 
 35 34 
 34 35 
 33 36 
 32 37 
 31 37 
 30 38 
 29 38 
 28 38 
 27 39 
 26 38 
 25 39 
 24 38 
 23 39 
 22 38 
 21 39 
 20 38 
 19 39 
 18 38 
 17 38 
 16 39 
 15 38 
 14 38 
 13 38 
 12 38 
 11 38 
 10 38 
 9 38 
 8 38 
 7 38 
 6 38 
 6 37 
 6 36 
 5 35 
 6 34 
 7 34 
 8 33 
 9 33 
 10 33 
 11 34 
 12 33 
 13 33 
 14 33 
 15 33 
 16 33 
 17 33 
 18 33 
 19 34 
 20 34 
 21 33 
 22 34 
 23 33 
 24 34 
 25 33 
 26 34 
 27 33 
 28 34 
 29 33 
 29 32 
 28 31 
 27 31 
 26 31 
 25 31 
 24 31 
 23 31 
 22 31 
 21 30 
 20 30 
 19 30 
 18 30 
 17 29 
 16 29 
 15 29 
 14 29 
 13 29 
 12 29 
 11 29 
 10 28 
 9 29 
 8 28 
 7 29 
 6 28 
 5 29 
 4 28 
 4 27 
 5 26 
 6 26 
 7 26 
 8 26 
 9 26 
 10 26 
 11 26 
 12 27 
 13 26 
 14 27 
 15 27 
 16 27 
 17 27 
 18 27 
 19 27 
 20 27 
 21 28 
 22 27 
 23 28 
 24 28 
 25 28 
 26 28 
 27 28 
 28 28 
 29 29 
 30 29 
 31 28 
 32 29 
 33 29 
 34 28 
 34 27 
 35 26 
 35 25 
 34 24 
 33 24 
 32 24 
 31 23 
 30 24 
 29 24 
 28 24 
 27 24 
 26 23 
 25 23 
 24 23 
 23 22 
 22 22 
 21 22 
 20 22 
 19 22 
 18 21 
 17 22 
 16 21 
 15 22 
 14 21 
 13 21 
 12 21 
 11 20 
 10 20 
 9 20 
 8 20 
 7 19 
 6 20 
 5 20 
 4 19 
 3 18 
 4 17 
 5 17 
 6 17 
 7 17 
 8 17 
 9 17 
 10 17 
 11 18 
 12 18 
 13 18 
 14 19 
 15 18 
 16 19 
 17 19 
 18 19 
 19 19 
 20 19 
 21 19 
 22 20 
 23 20 
 24 20 
 25 20 
 26 21 
 27 20 
 28 21 
 29 21 
 30 21 
 31 21 
 32 21 
 33 21 
 34 21 
 35 20 
 34 19 
 33 18 
 32 18 
 31 17 
 30 17 
 30 16 
 29 15 
 28 14 
 27 14 
 26 14 
 25 13 
 24 13 
 23 13 
 22 12 
 21 13 
 20 12 
 19 12 
 18 12 
 17 12 
 16 12 
 15 12 
 14 12 
 13 12 
 12 12 
 11 12 
 10 12 
 9 12 
 8 12 
 7 12 
 6 12 
 6 11 
 5 10 
 4 9 
 4 8 
 4 7 
 4 6 
 5 5 
 6 4 
 7 3