 
 56 2 
 57 2 
 58 2 
 59 3 
 60 3 
 61 3 
 62 3 
 63 4 
 64 3 
 65 4 
 66 4 
 67 5 
 68 6 
 69 6 
 70 7 
 71 8 
 72 9 
 73 10 
 73 11 
 73 12 
 74 13 
 73 14 
 73 15 
 74 16 
 73 17 
 73 18 
 73 19 
 72 20 
 73 21 
 74 22 
 73 23 
 73 24 
 72 25 
 72 26 
 72 27 
 71 28 
 72 29 
 71 30 
 71 31 
 72 32 
 73 33 
 73 34 
 74 35 
 74 36 
 74 37 
 75 38 
 75 39 
 75 40 
 76 41 
 75 42 
 76 43 
 76 44 
 76 45 
 76 46 
 75 47 
 76 48 
 75 49 
 76 50 
 77 51 
 77 52 
 78 53 
 78 54 
 78 55 
 79 56 
 78 57 
 79 58 
 79 59 
 80 60 
 80 61 
 81 62 
 80 63 
 81 64 
 81 65 
 82 66 
 82 67 
 82 68 
 83 69 
 83 70 
 83 71 
 83 72 
 82 73 
 81 74 
 80 75 
 79 76 
 78 77 
 79 78 
 79 79 
 78 80 
 78 81 
 77 81 
 76 82 
 75 83 
 74 84 
 74 85 
 75 86 
 75 87 
 75 88 
 75 89 
 75 90 
 74 91 
 74 92 
 73 93 
 73 94 
 73 95 
 73 96 
 72 97 
 72 98 
 72 99 
 72 100 
 72 101 
 71 102 
 72 103 
 71 104 
 71 105 
 70 106 
 70 107 
 70 108 
 70 109 
 71 110 
 72 111 
 73 112 
 74 112 
 75 113 
 76 114 
 77 114 
 78 115 
 79 115 
 80 115 
 80 116 
 81 117 
 80 118 
 79 119 
 78 119 
 77 119 
 76 119 
 75 120 
 74 120 
 73 120 
 72 121 
 71 121 
 70 121 
 69 121 
 68 121 
 67 121 
 66 121 
 65 121 
 64 121 
 63 121 
 62 121 
 61 120 
 60 120 
 59 120 
 58 119 
 57 120 
 56 119 
 55 119 
 54 118 
 53 118 
 53 117 
 53 116 
 53 115 
 53 114 
 53 113 
 54 112 
 54 111 
 54 110 
 54 109 
 54 108 
 53 107 
 53 106 
 53 105 
 52 104 
 52 103 
 51 102 
 52 101 
 51 100 
 52 99 
 52 98 
 52 97 
 52 96 
 52 95 
 53 94 
 54 93 
 54 92 
 54 91 
 54 90 
 54 89 
 54 88 
 54 87 
 53 86 
 52 85 
 51 84 
 50 84 
 50 83 
 49 82 
 49 81 
 48 80 
 49 79 
 49 78 
 48 77 
 47 76 
 47 75 
 47 74 
 47 73 
 47 72 
 46 71 
 47 70 
 46 69 
 46 68 
 47 67 
 46 66 
 47 65 
 46 64 
 46 63 
 46 62 
 45 61 
 45 60 
 45 59 
 44 58 
 45 57 
 44 56 
 44 55 
 44 54 
 44 53 
 44 52 
 44 51 
 44 50 
 44 49 
 43 48 
 43 47 
 42 46 
 42 45 
 42 44 
 42 43 
 42 42 
 42 41 
 42 40 
 42 39 
 43 38 
 43 37 
 44 36 
 44 35 
 45 34 
 46 33 
 47 32 
 48 32 
 49 31 
 49 30 
 50 29 
 51 28 
 51 27 
 51 26 
 50 25 
 50 24 
 49 23 
 48 23 
 47 22 
 46 21 
 46 20 
 46 19 
 45 18 
 44 17 
 45 16 
 44 15 
 45 14 
 44 13 
 45 12 
 44 11 
 45 10 
 45 9 
 46 8 
 47 7 
 47 6 
 48 6 
 49 5 
 50 4 
 51 4 
 52 3 
 53 3 
 54 3 
 55 2