 
 58 5 
 59 5 
 60 5 
 61 6 
 62 6 
 63 6 
 64 6 
 65 7 
 66 7 
 66 8 
 66 9 
 67 10 
 68 10 
 69 9 
 69 8 
 70 8 
 71 8 
 72 8 
 73 8 
 74 8 
 75 8 
 76 8 
 77 8 
 78 8 
 79 8 
 79 9 
 80 10 
 81 10 
 82 11 
 83 12 
 84 13 
 85 13 
 86 13 
 87 14 
 88 14 
 89 14 
 90 14 
 91 14 
 92 14 
 93 14 
 94 14 
 95 14 
 96 15 
 97 15 
 98 15 
 99 16 
 100 16 
 101 16 
 101 17 
 102 18 
 103 18 
 104 19 
 105 19 
 106 20 
 107 20 
 108 20 
 109 20 
 110 21 
 111 22 
 112 23 
 113 24 
 113 25 
 114 26 
 115 27 
 115 28 
 116 29 
 117 29 
 117 30 
 118 31 
 119 31 
 119 32 
 119 33 
 120 34 
 121 35 
 122 36 
 122 37 
 123 38 
 123 39 
 123 40 
 123 41 
 123 42 
 124 43 
 125 43 
 125 44 
 125 45 
 126 46 
 127 47 
 127 48 
 127 49 
 127 50 
 127 51 
 128 52 
 127 53 
 128 54 
 127 55 
 127 56 
 127 57 
 127 58 
 126 59 
 126 60 
 125 60 
 125 59 
 125 58 
 125 57 
 126 56 
 126 55 
 126 54 
 126 53 
 126 52 
 126 51 
 126 50 
 126 49 
 126 48 
 125 47 
 124 47 
 123 48 
 123 49 
 123 50 
 123 51 
 123 52 
 123 53 
 122 54 
 121 55 
 121 56 
 121 57 
 121 58 
 120 59 
 119 60 
 119 61 
 118 62 
 119 63 
 118 64 
 119 65 
 119 66 
 119 67 
 118 68 
 119 69 
 118 70 
 119 71 
 119 72 
 119 73 
 119 74 
 120 75 
 120 76 
 121 77 
 121 78 
 122 79 
 121 80 
 120 81 
 120 82 
 119 82 
 118 82 
 117 82 
 116 82 
 115 82 
 114 82 
 113 82 
 113 81 
 112 80 
 112 79 
 112 78 
 112 77 
 112 76 
 112 75 
 111 74 
 111 73 
 111 72 
 110 71 
 109 72 
 109 73 
 109 74 
 109 75 
 109 76 
 110 77 
 110 78 
 110 79 
 110 80 
 110 81 
 110 82 
 111 83 
 111 84 
 111 85 
 111 86 
 110 86 
 109 87 
 109 88 
 108 88 
 107 88 
 106 89 
 106 90 
 105 90 
 104 90 
 103 90 
 103 89 
 102 88 
 101 88 
 100 88 
 100 87 
 100 86 
 100 85 
 101 85 
 102 84 
 102 83 
 102 82 
 102 81 
 102 80 
 102 79 
 102 78 
 101 77 
 100 77 
 100 76 
 100 75 
 100 74 
 100 73 
 99 72 
 99 71 
 99 70 
 98 69 
 99 68 
 98 67 
 97 67 
 96 67 
 95 68 
 94 67 
 93 67 
 92 67 
 91 66 
 90 67 
 90 68 
 90 69 
 89 70 
 88 71 
 89 72 
 88 73 
 88 74 
 89 75 
 88 76 
 89 77 
 88 78 
 89 79 
 89 80 
 89 81 
 89 82 
 89 83 
 90 84 
 90 85 
 91 86 
 91 87 
 91 88 
 91 89 
 91 90 
 91 91 
 90 92 
 89 92 
 88 93 
 87 93 
 86 93 
 85 93 
 84 94 
 83 93 
 82 94 
 81 93 
 80 94 
 79 93 
 78 94 
 77 94 
 76 93 
 75 93 
 76 92 
 75 91 
 76 90 
 76 89 
 76 88 
 77 87 
 78 87 
 79 86 
 79 85 
 79 84 
 79 83 
 79 82 
 79 81 
 79 80 
 79 79 
 79 78 
 79 77 
 79 76 
 79 75 
 78 74 
 77 74 
 77 73 
 77 72 
 76 71 
 76 70 
 75 69 
 75 68 
 74 67 
 73 66 
 72 65 
 71 65 
 70 66 
 69 66 
 68 66 
 67 66 
 66 66 
 65 65 
 64 66 
 63 67 
 63 68 
 62 68 
 61 69 
 60 70 
 60 71 
 59 72 
 59 73 
 59 74 
 58 74 
 57 75 
 57 76 
 57 77 
 57 78 
 56 79 
 56 80 
 55 81 
 55 82 
 55 83 
 54 83 
 53 84 
 53 85 
 53 86 
 53 87 
 53 88 
 52 88 
 51 89 
 51 90 
 50 90 
 49 90 
 48 90 
 47 90 
 46 90 
 45 90 
 44 90 
 43 90 
 42 91 
 41 90 
 40 90 
 39 90 
 38 90 
 38 89 
 37 88 
 38 87 
 38 86 
 39 86 
 40 86 
 41 85 
 42 84 
 42 83 
 43 82 
 43 81 
 44 80 
 44 79 
 45 78 
 45 77 
 45 76 
 46 75 
 46 74 
 46 73 
 46 72 
 47 72 
 48 71 
 48 70 
 48 69 
 48 68 
 48 67 
 48 66 
 48 65 
 48 64 
 48 63 
 49 62 
 49 61 
 50 60 
 50 59 
 50 58 
 50 57 
 49 56 
 49 55 
 48 54 
 48 53 
 49 52 
 49 51 
 48 50 
 48 49 
 48 48 
 47 47 
 48 46 
 48 45 
 48 44 
 49 43 
 48 42 
 49 41 
 49 40 
 49 39 
 49 38 
 49 37 
 48 36 
 47 35 
 46 35 
 46 34 
 46 33 
 46 32 
 45 31 
 45 30 
 45 29 
 44 28 
 43 28 
 42 27 
 41 27 
 41 26 
 41 25 
 41 24 
 40 23 
 39 24 
 38 24 
 37 23 
 36 24 
 35 23 
 34 24 
 33 23 
 32 24 
 31 24 
 30 23 
 29 23 
 28 23 
 27 23 
 26 23 
 25 23 
 24 23 
 23 23 
 22 23 
 21 23 
 20 22 
 19 22 
 18 22 
 17 21 
 16 21 
 15 21 
 14 20 
 13 20 
 12 19 
 11 18 
 10 19 
 10 20 
 9 21 
 9 22 
 9 23 
 10 24 
 10 25 
 10 26 
 11 27 
 11 28 
 12 29 
 13 29 
 14 30 
 15 30 
 16 30 
 17 30 
 18 31 
 19 31 
 20 31 
 21 32 
 22 32 
 22 33 
 23 34 
 24 34 
 24 35 
 25 36 
 25 37 
 24 37 
 23 37 
 22 36 
 21 36 
 20 35 
 19 34 
 18 33 
 17 34 
 16 33 
 15 33 
 14 33 
 13 33 
 13 32 
 12 31 
 11 31 
 10 30 
 9 30 
 8 29 
 7 29 
 6 28 
 6 27 
 5 26 
 5 25 
 5 24 
 4 23 
 5 22 
 4 21 
 5 20 
 5 19 
 5 18 
 6 17 
 6 16 
 7 15 
 7 14 
 8 14 
 9 14 
 10 13 
 10 12 
 11 12 
 12 12 
 13 12 
 14 11 
 15 11 
 16 11 
 17 11 
 18 10 
 19 9 
 19 8 
 19 7 
 20 8 
 20 9 
 21 10 
 22 10 
 23 10 
 24 10 
 25 10 
 26 10 
 27 10 
 28 11 
 29 11 
 30 11 
 31 11 
 32 11 
 33 11 
 34 11 
 35 11 
 36 11 
 37 11 
 38 11 
 39 11 
 40 10 
 41 10 
 42 9 
 42 8 
 43 8 
 44 7 
 45 7 
 46 7 
 47 7 
 48 6 
 49 6 
 50 6 
 51 7 
 52 6 
 53 7 
 54 6 
 55 6 
 56 6 
 57 5