 
 28 4 
 28 5 
 27 6 
 27 7 
 26 8 
 26 9 
 26 10 
 26 11 
 26 12 
 25 13 
 25 14 
 25 15 
 25 16 
 25 17 
 24 18 
 25 19 
 25 20 
 24 21 
 24 22 
 24 23 
 24 24 
 24 25 
 25 26 
 26 26 
 27 26 
 28 26 
 29 26 
 30 26 
 31 26 
 32 26 
 33 26 
 34 26 
 35 26 
 36 26 
 37 26 
 38 26 
 39 26 
 40 26 
 41 26 
 42 26 
 43 26 
 44 26 
 45 26 
 46 26 
 47 26 
 48 26 
 49 26 
 50 26 
 51 26 
 52 26 
 53 26 
 54 26 
 55 26 
 56 26 
 57 26 
 58 26 
 59 26 
 60 26 
 61 26 
 62 26 
 63 26 
 64 26 
 65 26 
 66 26 
 67 26 
 68 26 
 69 26 
 70 26 
 71 26 
 72 26 
 73 26 
 74 26 
 75 26 
 76 26 
 77 26 
 78 26 
 79 26 
 80 26 
 81 26 
 82 26 
 83 26 
 84 26 
 85 26 
 86 26 
 87 26 
 88 26 
 89 26 
 90 26 
 91 26 
 92 26 
 93 26 
 94 26 
 95 26 
 96 26 
 97 26 
 98 26 
 99 26 
 100 26 
 101 26 
 102 26 
 103 26 
 104 26 
 105 26 
 106 26 
 107 26 
 108 26 
 109 26 
 110 26 
 111 27 
 110 28 
 110 29 
 111 30 
 110 31 
 110 32 
 111 33 
 110 34 
 111 35 
 110 36 
 110 37 
 109 37 
 108 37 
 107 37 
 106 37 
 105 37 
 104 37 
 103 37 
 102 37 
 101 37 
 100 37 
 99 37 
 98 37 
 97 37 
 96 37 
 95 37 
 94 37 
 93 37 
 92 37 
 91 37 
 90 37 
 89 37 
 88 37 
 87 37 
 86 37 
 85 37 
 84 37 
 83 37 
 82 37 
 81 37 
 80 37 
 79 37 
 78 37 
 77 37 
 76 37 
 75 37 
 74 37 
 73 37 
 72 37 
 71 37 
 70 37 
 69 37 
 68 37 
 67 37 
 66 37 
 65 37 
 64 37 
 63 37 
 62 37 
 61 37 
 60 37 
 59 37 
 58 37 
 57 37 
 56 37 
 55 37 
 54 37 
 53 37 
 52 37 
 51 37 
 50 37 
 49 37 
 48 37 
 47 37 
 46 37 
 45 37 
 44 37 
 43 37 
 42 37 
 41 37 
 40 37 
 39 37 
 38 37 
 37 37 
 36 37 
 35 37 
 34 37 
 33 37 
 32 37 
 31 37 
 30 37 
 29 37 
 28 37 
 27 37 
 26 37 
 25 38 
 24 39 
 25 40 
 26 41 
 27 42 
 26 43 
 26 44 
 26 45 
 27 46 
 26 47 
 26 48 
 27 49 
 26 50 
 26 51 
 27 52 
 27 53 
 26 52 
 25 53 
 24 52 
 23 53 
 22 52 
 21 53 
 20 52 
 19 53 
 18 52 
 17 53 
 16 52 
 15 53 
 14 52 
 13 53 
 12 52 
 11 53 
 10 52 
 9 53 
 8 52 
 7 53 
 6 52 
 5 53 
 4 52 
 3 52 
 4 51 
 3 50 
 4 49 
 4 48 
 3 47 
 4 46 
 4 45 
 3 44 
 4 43 
 3 42 
 4 41 
 4 40 
 5 41 
 6 40 
 6 39 
 5 38 
 6 37 
 6 36 
 6 35 
 5 34 
 6 33 
 6 32 
 6 31 
 5 30 
 6 29 
 6 28 
 6 27 
 6 26 
 6 25 
 6 24 
 7 23 
 7 22 
 7 21 
 8 20 
 9 19 
 9 18 
 10 17 
 11 16 
 11 15 
 11 14 
 12 14 
 13 13 
 13 12 
 14 11 
 15 10 
 16 9 
 17 9 
 18 8 
 19 7 
 20 7 
 21 6 
 22 5 
 23 6 
 24 5 
 25 4 
 26 4 
 27 4 
 28 3