 
 54 2 
 55 2 
 56 2 
 57 2 
 58 2 
 59 2 
 60 2 
 61 3 
 62 3 
 63 3 
 64 3 
 65 4 
 66 4 
 67 4 
 68 5 
 69 5 
 70 6 
 71 7 
 71 8 
 72 9 
 72 10 
 73 11 
 73 12 
 73 13 
 72 14 
 73 15 
 73 16 
 73 17 
 72 18 
 73 19 
 73 20 
 73 21 
 72 22 
 73 23 
 72 24 
 72 25 
 72 26 
 71 27 
 71 28 
 71 29 
 71 30 
 72 31 
 73 32 
 74 33 
 74 34 
 75 35 
 75 36 
 75 37 
 75 38 
 75 39 
 76 40 
 76 41 
 76 42 
 76 43 
 76 44 
 76 45 
 76 46 
 75 47 
 76 48 
 76 49 
 77 50 
 77 51 
 78 52 
 78 53 
 78 54 
 79 55 
 78 56 
 79 57 
 79 58 
 80 59 
 80 60 
 80 61 
 81 62 
 80 63 
 81 64 
 81 65 
 82 66 
 82 67 
 82 68 
 83 69 
 83 70 
 82 71 
 82 72 
 81 73 
 80 73 
 79 74 
 79 75 
 78 76 
 79 77 
 79 78 
 79 79 
 78 80 
 77 81 
 76 82 
 75 83 
 76 84 
 76 85 
 76 86 
 76 87 
 76 88 
 77 89 
 76 90 
 75 91 
 75 92 
 74 93 
 74 94 
 73 95 
 73 96 
 74 97 
 73 98 
 73 99 
 72 100 
 72 101 
 72 102 
 72 103 
 71 104 
 71 105 
 70 106 
 70 107 
 71 108 
 72 109 
 73 110 
 74 111 
 75 111 
 76 112 
 77 112 
 78 112 
 79 112 
 80 113 
 81 114 
 81 115 
 81 116 
 80 117 
 79 117 
 78 117 
 77 117 
 76 118 
 75 118 
 74 119 
 73 120 
 72 120 
 71 120 
 70 120 
 69 120 
 68 120 
 67 120 
 66 120 
 65 120 
 64 120 
 63 120 
 62 120 
 61 119 
 60 119 
 59 119 
 58 118 
 57 119 
 56 118 
 55 118 
 54 117 
 54 116 
 53 115 
 54 114 
 54 113 
 54 112 
 54 111 
 55 110 
 55 109 
 55 108 
 54 107 
 54 106 
 54 105 
 54 104 
 53 103 
 53 102 
 53 101 
 52 100 
 53 99 
 52 98 
 52 97 
 53 96 
 53 95 
 54 94 
 54 93 
 54 92 
 55 91 
 55 90 
 55 89 
 55 88 
 55 87 
 54 86 
 54 85 
 53 84 
 52 84 
 51 83 
 51 82 
 50 81 
 49 80 
 49 79 
 49 78 
 49 77 
 48 76 
 48 75 
 48 74 
 47 73 
 47 72 
 47 71 
 47 70 
 47 69 
 47 68 
 46 67 
 46 66 
 47 65 
 46 64 
 46 63 
 46 62 
 45 61 
 45 60 
 45 59 
 45 58 
 44 57 
 44 56 
 44 55 
 44 54 
 44 53 
 44 52 
 44 51 
 44 50 
 44 49 
 44 48 
 43 47 
 43 46 
 42 45 
 42 44 
 42 43 
 42 42 
 42 41 
 42 40 
 42 39 
 43 38 
 43 37 
 44 36 
 44 35 
 45 34 
 46 33 
 46 32 
 47 32 
 48 31 
 49 30 
 50 29 
 51 28 
 51 27 
 51 26 
 51 25 
 50 24 
 49 23 
 48 22 
 47 21 
 46 20 
 46 19 
 46 18 
 45 17 
 45 16 
 44 15 
 45 14 
 44 13 
 45 12 
 44 11 
 45 10 
 45 9 
 45 8 
 46 7 
 47 6 
 48 5 
 49 4 
 50 4 
 51 3 
 52 3 
 53 2