 
 65 5 
 66 5 
 67 5 
 68 5 
 69 5 
 70 5 
 71 5 
 72 5 
 73 5 
 74 5 
 75 6 
 76 6 
 77 6 
 78 6 
 79 6 
 80 6 
 81 6 
 82 7 
 83 7 
 84 7 
 85 7 
 86 7 
 87 8 
 88 7 
 89 8 
 90 9 
 90 10 
 90 11 
 90 12 
 91 13 
 91 14 
 91 15 
 91 16 
 92 17 
 93 18 
 94 18 
 95 19 
 96 20 
 96 21 
 97 22 
 98 22 
 99 22 
 100 23 
 101 22 
 102 23 
 103 23 
 104 23 
 105 23 
 106 23 
 107 23 
 108 23 
 109 23 
 110 23 
 111 23 
 112 23 
 113 23 
 114 24 
 115 24 
 116 24 
 116 25 
 116 26 
 116 27 
 116 28 
 116 29 
 117 30 
 116 31 
 116 32 
 115 33 
 115 34 
 114 35 
 114 36 
 114 37 
 114 38 
 113 39 
 112 40 
 112 41 
 111 42 
 110 43 
 109 42 
 108 43 
 108 44 
 107 45 
 107 46 
 106 47 
 106 48 
 105 49 
 105 50 
 104 50 
 103 51 
 102 52 
 101 52 
 100 53 
 99 53 
 98 53 
 97 52 
 96 51 
 95 50 
 94 49 
 93 48 
 92 48 
 91 48 
 90 48 
 89 48 
 88 48 
 87 48 
 86 48 
 85 48 
 84 48 
 83 48 
 82 48 
 81 48 
 80 48 
 79 48 
 78 48 
 77 48 
 76 48 
 75 48 
 74 48 
 73 49 
 72 49 
 71 49 
 70 50 
 70 51 
 70 52 
 69 53 
 68 54 
 68 55 
 67 56 
 66 57 
 65 57 
 64 57 
 63 57 
 62 57 
 61 57 
 60 57 
 59 57 
 58 57 
 57 57 
 56 57 
 55 56 
 55 55 
 55 54 
 55 53 
 55 52 
 55 51 
 55 50 
 54 49 
 53 49 
 52 50 
 52 51 
 51 51 
 50 52 
 49 53 
 48 53 
 47 53 
 46 53 
 45 53 
 44 53 
 43 53 
 42 53 
 41 53 
 40 53 
 39 53 
 38 53 
 37 53 
 36 53 
 35 53 
 34 53 
 33 53 
 32 53 
 31 53 
 30 53 
 29 53 
 28 53 
 27 52 
 26 53 
 25 53 
 24 53 
 23 53 
 22 53 
 21 54 
 20 55 
 20 56 
 19 56 
 18 56 
 17 56 
 16 57 
 15 56 
 14 56 
 13 56 
 12 55 
 11 55 
 10 55 
 11 54 
 10 53 
 9 52 
 9 51 
 9 50 
 9 49 
 9 48 
 9 47 
 8 46 
 8 45 
 8 44 
 8 43 
 8 42 
 8 41 
 8 40 
 8 39 
 8 38 
 7 37 
 6 36 
 6 35 
 6 34 
 5 33 
 5 32 
 5 31 
 5 30 
 6 29 
 7 29 
 8 28 
 9 28 
 10 27 
 10 26 
 11 26 
 12 26 
 13 25 
 14 25 
 15 25 
 16 25 
 17 25 
 18 25 
 19 25 
 20 25 
 21 24 
 22 24 
 23 24 
 24 24 
 25 24 
 26 24 
 27 24 
 28 24 
 29 23 
 30 23 
 31 23 
 32 22 
 33 22 
 34 21 
 34 20 
 34 19 
 35 18 
 36 18 
 37 18 
 38 19 
 39 18 
 40 17 
 41 16 
 42 15 
 42 14 
 43 14 
 44 13 
 45 13 
 46 13 
 47 13 
 48 14 
 49 14 
 50 15 
 50 16 
 51 17 
 51 18 
 52 19 
 53 19 
 54 18 
 54 17 
 55 16 
 55 15 
 55 14 
 56 13 
 57 12 
 57 11 
 57 10 
 58 9 
 58 8 
 59 7 
 60 6 
 61 6 
 62 6 
 63 6 
 64 5