 
 10 4 
 11 4 
 12 4 
 13 4 
 14 4 
 15 4 
 16 4 
 17 4 
 18 4 
 19 4 
 20 4 
 21 4 
 22 5 
 23 4 
 24 4 
 25 4 
 26 4 
 27 4 
 28 4 
 29 4 
 30 4 
 31 4 
 32 4 
 33 4 
 34 4 
 35 4 
 36 4 
 37 4 
 38 4 
 39 4 
 40 4 
 41 4 
 42 4 
 43 4 
 44 4 
 45 4 
 46 4 
 47 4 
 48 4 
 49 4 
 50 4 
 51 4 
 52 4 
 53 4 
 54 4 
 55 4 
 56 4 
 57 4 
 58 4 
 59 4 
 60 4 
 61 4 
 62 4 
 63 4 
 64 4 
 65 4 
 66 4 
 67 4 
 68 4 
 69 4 
 70 4 
 71 4 
 72 4 
 73 4 
 74 4 
 75 4 
 76 4 
 77 4 
 78 4 
 79 4 
 80 4 
 81 4 
 82 4 
 83 4 
 84 4 
 85 4 
 85 5 
 85 6 
 85 7 
 85 8 
 86 9 
 86 10 
 86 11 
 86 12 
 86 13 
 86 14 
 86 15 
 86 16 
 86 17 
 86 18 
 86 19 
 86 20 
 85 21 
 85 22 
 84 23 
 84 24 
 84 25 
 83 26 
 82 27 
 81 28 
 80 29 
 79 29 
 78 30 
 78 31 
 77 32 
 76 32 
 75 33 
 74 33 
 73 34 
 72 35 
 71 35 
 70 35 
 69 36 
 68 36 
 67 36 
 66 37 
 65 38 
 64 38 
 63 39 
 62 40 
 61 40 
 60 41 
 61 42 
 61 43 
 61 44 
 61 45 
 62 46 
 62 47 
 62 48 
 63 49 
 63 50 
 63 51 
 64 52 
 64 53 
 64 54 
 65 55 
 66 55 
 65 56 
 66 57 
 66 58 
 65 59 
 65 60 
 65 61 
 66 62 
 65 63 
 64 64 
 64 65 
 64 66 
 63 67 
 63 68 
 63 69 
 63 70 
 62 71 
 62 72 
 62 73 
 62 74 
 61 75 
 61 76 
 61 77 
 61 78 
 60 79 
 59 80 
 59 81 
 59 82 
 60 83 
 61 84 
 62 84 
 63 84 
 64 85 
 65 85 
 66 86 
 67 86 
 68 87 
 69 88 
 70 87 
 71 88 
 72 88 
 73 89 
 74 89 
 75 89 
 76 90 
 77 91 
 78 91 
 79 91 
 80 92 
 81 92 
 82 93 
 83 92 
 84 93 
 85 94 
 86 94 
 87 95 
 88 95 
 89 95 
 89 96 
 88 96 
 87 96 
 86 96 
 85 96 
 84 96 
 83 96 
 82 96 
 81 96 
 80 96 
 79 96 
 78 96 
 77 96 
 76 96 
 75 96 
 74 96 
 73 96 
 72 96 
 71 96 
 70 96 
 69 96 
 68 96 
 67 96 
 66 96 
 65 96 
 64 96 
 63 96 
 62 96 
 61 96 
 60 96 
 59 96 
 58 96 
 57 96 
 56 96 
 55 96 
 54 96 
 53 96 
 52 96 
 51 96 
 50 96 
 49 96 
 48 96 
 47 96 
 46 96 
 45 96 
 44 96 
 43 96 
 42 96 
 41 96 
 40 96 
 39 96 
 38 96 
 37 96 
 36 96 
 35 96 
 34 96 
 33 96 
 32 96 
 31 96 
 30 96 
 29 96 
 28 96 
 27 96 
 26 96 
 25 96 
 24 96 
 23 96 
 22 96 
 21 96 
 20 96 
 19 96 
 18 96 
 17 96 
 16 96 
 15 96 
 14 96 
 13 96 
 12 96 
 11 96 
 11 95 
 12 95 
 13 95 
 14 95 
 15 94 
 16 94 
 17 94 
 18 94 
 19 93 
 20 92 
 21 92 
 22 92 
 23 91 
 24 92 
 25 91 
 25 90 
 26 90 
 27 90 
 28 89 
 29 89 
 30 89 
 31 89 
 32 88 
 33 88 
 34 87 
 35 87 
 36 87 
 37 86 
 38 86 
 39 86 
 40 85 
 41 85 
 42 84 
 43 84 
 44 84 
 45 84 
 46 84 
 47 83 
 47 82 
 47 81 
 47 80 
 48 79 
 49 78 
 48 77 
 49 76 
 50 75 
 50 74 
 50 73 
 51 72 
 51 71 
 52 70 
 52 69 
 53 68 
 53 67 
 54 66 
 54 65 
 55 64 
 55 63 
 55 62 
 56 61 
 56 60 
 56 59 
 56 58 
 55 57 
 54 56 
 54 55 
 53 54 
 52 53 
 52 52 
 51 51 
 50 50 
 49 49 
 49 48 
 48 47 
 47 46 
 46 45 
 45 44 
 45 43 
 44 42 
 43 41 
 42 41 
 41 41 
 40 40 
 39 40 
 38 40 
 37 40 
 36 39 
 35 39 
 34 38 
 33 38 
 32 38 
 31 38 
 30 38 
 30 37 
 29 36 
 28 37 
 27 37 
 26 36 
 25 36 
 24 36 
 23 35 
 22 35 
 21 34 
 20 33 
 19 32 
 18 32 
 17 32 
 16 31 
 15 30 
 14 30 
 14 29 
 13 28 
 12 28 
 12 27 
 11 26 
 10 26 
 9 25 
 9 24 
 10 23 
 9 22 
 10 21 
 9 20 
 9 19 
 9 18 
 10 17 
 9 16 
 9 15 
 9 14 
 10 13 
 9 12 
 9 11 
 9 10 
 9 9 
 9 8 
 9 7 
 9 6 
 8 5 
 9 4