 
 35 4 
 36 4 
 37 4 
 38 4 
 39 3 
 40 4 
 41 3 
 42 4 
 43 5 
 44 6 
 45 7 
 45 8 
 46 9 
 47 9 
 48 10 
 49 10 
 50 10 
 51 10 
 52 10 
 53 10 
 54 10 
 55 11 
 56 10 
 57 10 
 58 11 
 59 11 
 60 11 
 61 11 
 62 12 
 63 12 
 64 12 
 65 13 
 66 14 
 67 14 
 67 15 
 67 16 
 68 17 
 69 18 
 70 18 
 71 19 
 72 18 
 73 19 
 74 18 
 75 19 
 76 18 
 77 19 
 78 19 
 79 18 
 80 19 
 81 19 
 82 19 
 83 20 
 84 21 
 85 21 
 86 21 
 87 22 
 88 23 
 89 24 
 90 25 
 91 25 
 91 26 
 92 27 
 93 28 
 94 29 
 95 30 
 96 31 
 97 32 
 98 33 
 99 34 
 99 35 
 100 36 
 101 37 
 101 38 
 102 39 
 102 40 
 103 41 
 102 42 
 103 43 
 102 44 
 103 45 
 103 46 
 103 47 
 102 48 
 102 49 
 102 50 
 101 51 
 101 52 
 100 53 
 100 54 
 99 55 
 98 55 
 97 55 
 96 56 
 97 57 
 98 58 
 99 59 
 100 60 
 101 61 
 101 62 
 102 63 
 103 64 
 103 65 
 104 66 
 105 67 
 105 68 
 106 69 
 107 69 
 107 70 
 108 71 
 108 72 
 108 73 
 108 74 
 109 75 
 108 76 
 109 77 
 109 78 
 109 79 
 110 80 
 110 81 
 110 82 
 111 83 
 110 84 
 110 85 
 109 86 
 108 86 
 107 86 
 106 87 
 105 87 
 104 87 
 103 87 
 102 88 
 101 87 
 100 87 
 99 88 
 98 87 
 97 87 
 96 87 
 95 87 
 94 86 
 93 86 
 93 85 
 93 84 
 93 83 
 93 82 
 94 81 
 94 80 
 95 79 
 96 78 
 96 77 
 97 76 
 96 75 
 95 74 
 94 73 
 93 73 
 92 73 
 91 72 
 90 72 
 89 71 
 88 70 
 87 70 
 86 70 
 86 69 
 85 68 
 84 68 
 83 68 
 82 69 
 81 70 
 81 71 
 81 72 
 81 73 
 80 74 
 80 75 
 80 76 
 80 77 
 80 78 
 79 79 
 79 80 
 79 81 
 79 82 
 79 83 
 79 84 
 79 85 
 78 86 
 77 86 
 76 86 
 75 86 
 74 86 
 73 86 
 72 86 
 71 87 
 70 87 
 69 87 
 68 86 
 67 86 
 66 86 
 65 86 
 65 85 
 64 84 
 65 83 
 66 82 
 65 81 
 66 80 
 66 79 
 67 78 
 67 77 
 67 76 
 67 75 
 67 74 
 67 73 
 68 72 
 68 71 
 68 70 
 68 69 
 69 68 
 69 67 
 69 66 
 69 65 
 70 64 
 70 63 
 70 62 
 69 61 
 68 61 
 67 62 
 66 61 
 65 61 
 64 61 
 63 61 
 62 60 
 61 60 
 60 60 
 59 59 
 58 59 
 57 60 
 57 61 
 57 62 
 58 63 
 58 64 
 58 65 
 58 66 
 59 67 
 59 68 
 59 69 
 59 70 
 60 71 
 59 72 
 60 73 
 61 74 
 60 75 
 61 76 
 61 77 
 61 78 
 61 79 
 61 80 
 62 81 
 61 82 
 62 83 
 62 84 
 62 85 
 62 86 
 62 87 
 63 88 
 62 89 
 62 90 
 62 91 
 62 92 
 61 92 
 60 92 
 59 93 
 58 93 
 57 93 
 56 94 
 55 93 
 54 94 
 53 93 
 52 94 
 51 93 
 50 94 
 49 93 
 48 93 
 47 92 
 46 92 
 45 91 
 45 90 
 45 89 
 45 88 
 46 87 
 46 86 
 47 85 
 48 84 
 48 83 
 49 82 
 49 81 
 48 80 
 48 79 
 47 78 
 47 77 
 47 76 
 46 75 
 46 74 
 46 73 
 46 72 
 46 71 
 45 70 
 46 69 
 45 68 
 44 68 
 43 69 
 43 70 
 43 71 
 42 72 
 42 73 
 42 74 
 41 75 
 40 76 
 40 77 
 40 78 
 39 79 
 39 80 
 39 81 
 39 82 
 40 83 
 40 84 
 41 85 
 40 86 
 40 87 
 39 88 
 38 88 
 37 89 
 36 89 
 35 89 
 34 89 
 33 90 
 32 90 
 31 90 
 30 89 
 29 90 
 28 90 
 27 90 
 26 90 
 25 89 
 24 88 
 23 88 
 23 87 
 23 86 
 23 85 
 23 84 
 24 83 
 25 82 
 26 81 
 27 80 
 27 79 
 27 78 
 27 77 
 28 76 
 27 75 
 28 74 
 28 73 
 28 72 
 29 71 
 29 70 
 29 69 
 30 68 
 30 67 
 30 66 
 30 65 
 31 64 
 31 63 
 32 62 
 32 61 
 32 60 
 33 59 
 33 58 
 33 57 
 33 56 
 34 55 
 34 54 
 35 53 
 34 52 
 34 51 
 34 50 
 35 49 
 34 48 
 34 47 
 34 46 
 34 45 
 34 44 
 35 43 
 34 42 
 34 41 
 34 40 
 35 39 
 35 38 
 35 37 
 34 36 
 33 35 
 32 35 
 31 35 
 30 35 
 29 35 
 28 35 
 27 35 
 26 35 
 25 35 
 24 36 
 23 37 
 22 38 
 21 39 
 20 40 
 19 41 
 19 42 
 18 43 
 18 44 
 17 45 
 17 46 
 17 47 
 16 48 
 17 49 
 16 50 
 15 51 
 14 52 
 14 53 
 14 54 
 13 55 
 13 56 
 13 57 
 12 58 
 11 59 
 11 60 
 10 61 
 10 62 
 9 63 
 8 64 
 8 65 
 7 65 
 6 66 
 5 67 
 4 66 
 4 65 
 3 64 
 4 63 
 4 62 
 5 61 
 6 60 
 6 59 
 7 58 
 7 57 
 8 56 
 9 55 
 10 54 
 9 53 
 10 52 
 10 51 
 11 50 
 11 49 
 11 48 
 12 47 
 12 46 
 13 45 
 13 44 
 13 43 
 14 42 
 14 41 
 14 40 
 15 39 
 14 38 
 15 37 
 15 36 
 15 35 
 16 34 
 15 33 
 14 33 
 13 32 
 12 32 
 11 31 
 10 31 
 9 30 
 8 29 
 9 28 
 8 27 
 7 26 
 6 26 
 6 25 
 7 25 
 8 25 
 9 26 
 10 27 
 11 28 
 12 29 
 13 29 
 14 30 
 15 30 
 16 30 
 17 29 
 17 28 
 17 27 
 16 26 
 17 25 
 17 24 
 17 23 
 16 22 
 17 21 
 17 20 
 17 19 
 16 18 
 17 17 
 17 16 
 17 15 
 18 14 
 18 13 
 19 12 
 20 11 
 21 10 
 22 9 
 23 8 
 24 7 
 25 6 
 26 6 
 27 5 
 27 4 
 28 4 
 29 4 
 30 4 
 31 4 
 32 4 
 33 4 
 34 3