 
 25 4 
 26 4 
 27 4 
 28 4 
 29 4 
 30 4 
 31 4 
 32 4 
 33 4 
 34 4 
 35 4 
 36 4 
 37 5 
 38 6 
 39 7 
 40 8 
 41 9 
 41 10 
 42 11 
 41 12 
 42 13 
 42 14 
 43 15 
 43 16 
 43 17 
 44 18 
 44 19 
 44 20 
 45 21 
 46 22 
 47 22 
 48 22 
 49 22 
 50 22 
 51 22 
 52 22 
 53 22 
 54 22 
 55 22 
 56 22 
 57 22 
 58 22 
 59 22 
 60 22 
 61 22 
 62 22 
 63 22 
 64 22 
 65 22 
 66 22 
 67 22 
 68 22 
 69 22 
 70 22 
 71 22 
 72 22 
 73 22 
 74 22 
 75 22 
 76 22 
 77 22 
 78 22 
 79 22 
 80 22 
 81 22 
 82 22 
 83 22 
 84 22 
 85 22 
 86 22 
 87 22 
 88 22 
 89 22 
 90 22 
 91 22 
 92 22 
 93 22 
 94 22 
 95 22 
 96 22 
 97 22 
 98 22 
 99 22 
 100 22 
 101 22 
 102 22 
 103 23 
 104 23 
 105 23 
 106 23 
 106 24 
 107 25 
 108 25 
 109 26 
 109 27 
 108 28 
 109 29 
 108 30 
 107 31 
 106 32 
 105 33 
 104 34 
 103 34 
 102 34 
 101 34 
 100 34 
 99 34 
 98 34 
 97 34 
 96 34 
 95 34 
 94 34 
 93 34 
 92 34 
 91 34 
 90 34 
 89 35 
 88 36 
 87 37 
 86 37 
 85 37 
 84 37 
 83 36 
 82 36 
 81 35 
 80 34 
 79 34 
 78 34 
 77 34 
 76 34 
 75 35 
 74 34 
 73 35 
 73 36 
 73 37 
 72 37 
 71 37 
 70 37 
 69 37 
 68 37 
 67 37 
 66 37 
 65 36 
 64 36 
 63 36 
 62 35 
 61 35 
 60 36 
 59 37 
 58 37 
 57 37 
 56 37 
 55 37 
 54 38 
 53 38 
 52 39 
 51 40 
 50 40 
 49 40 
 48 40 
 47 41 
 46 42 
 45 43 
 44 44 
 44 45 
 44 46 
 43 47 
 42 48 
 42 49 
 41 50 
 40 51 
 39 52 
 38 53 
 37 53 
 36 54 
 35 55 
 34 54 
 33 55 
 32 55 
 31 55 
 30 55 
 29 55 
 28 55 
 27 54 
 26 54 
 25 54 
 24 53 
 23 54 
 22 53 
 21 53 
 20 53 
 19 52 
 18 52 
 17 52 
 16 51 
 15 51 
 14 50 
 13 49 
 12 49 
 11 48 
 10 47 
 9 47 
 8 47 
 8 46 
 8 45 
 7 44 
 7 43 
 7 42 
 7 41 
 6 40 
 5 40 
 5 39 
 5 38 
 5 37 
 5 36 
 5 35 
 5 34 
 5 33 
 5 32 
 5 31 
 5 30 
 5 29 
 5 28 
 5 27 
 5 26 
 5 25 
 5 24 
 5 23 
 5 22 
 5 21 
 5 20 
 5 19 
 5 18 
 5 17 
 5 16 
 5 15 
 6 15 
 7 14 
 7 13 
 7 12 
 8 11 
 9 11 
 10 10 
 11 9 
 12 8 
 13 8 
 14 8 
 15 8 
 16 7 
 17 7 
 18 6 
 19 6 
 20 6 
 21 6 
 22 6 
 23 5 
 24 4