 
 26 4 
 27 4 
 28 4 
 29 4 
 30 5 
 31 6 
 32 7 
 33 8 
 34 7 
 35 8 
 36 8 
 37 9 
 38 9 
 39 10 
 40 10 
 41 10 
 42 10 
 43 10 
 44 10 
 45 11 
 46 11 
 47 11 
 48 11 
 49 11 
 50 11 
 51 11 
 52 11 
 53 11 
 54 11 
 55 11 
 56 11 
 57 11 
 58 11 
 59 11 
 60 11 
 61 11 
 62 11 
 63 11 
 64 11 
 65 11 
 66 11 
 67 11 
 68 11 
 69 10 
 70 10 
 71 10 
 72 10 
 73 10 
 74 10 
 75 10 
 76 9 
 77 9 
 78 9 
 79 9 
 80 9 
 81 9 
 82 9 
 83 9 
 84 10 
 85 11 
 86 11 
 86 12 
 87 13 
 88 12 
 89 12 
 90 13 
 91 14 
 92 13 
 93 14 
 94 13 
 95 14 
 96 13 
 97 14 
 98 13 
 99 13 
 100 13 
 101 13 
 102 13 
 103 12 
 104 12 
 105 13 
 105 14 
 105 15 
 106 16 
 107 17 
 108 18 
 107 19 
 107 20 
 107 21 
 108 22 
 109 23 
 108 24 
 107 25 
 106 26 
 105 27 
 104 28 
 103 29 
 102 30 
 101 31 
 100 32 
 99 33 
 99 34 
 100 35 
 101 36 
 101 37 
 101 38 
 101 39 
 101 40 
 101 41 
 101 42 
 100 43 
 99 44 
 98 44 
 97 44 
 96 45 
 95 45 
 94 45 
 93 45 
 92 45 
 91 45 
 90 45 
 89 45 
 88 45 
 87 45 
 86 45 
 85 45 
 84 45 
 83 45 
 82 44 
 81 44 
 80 43 
 79 42 
 78 41 
 77 41 
 77 40 
 76 39 
 75 39 
 74 38 
 73 38 
 73 37 
 72 36 
 71 36 
 70 37 
 69 37 
 68 36 
 67 36 
 66 37 
 65 36 
 64 36 
 63 36 
 62 36 
 61 36 
 60 36 
 59 36 
 58 36 
 57 36 
 56 37 
 55 37 
 54 36 
 53 37 
 52 37 
 51 37 
 50 37 
 49 38 
 48 37 
 47 38 
 46 38 
 45 38 
 44 38 
 43 38 
 42 38 
 41 38 
 40 38 
 39 38 
 38 38 
 37 38 
 36 38 
 35 38 
 34 38 
 33 38 
 32 37 
 31 37 
 30 37 
 30 36 
 29 35 
 28 34 
 27 33 
 26 32 
 25 31 
 24 31 
 23 31 
 22 31 
 21 31 
 20 31 
 19 31 
 18 31 
 17 31 
 16 31 
 15 31 
 14 31 
 13 31 
 12 31 
 11 31 
 10 31 
 9 31 
 8 31 
 7 31 
 6 31 
 5 31 
 4 30 
 4 29 
 4 28 
 4 27 
 4 26 
 4 25 
 4 24 
 5 24 
 6 23 
 7 22 
 8 21 
 8 20 
 9 20 
 10 19 
 11 19 
 12 18 
 13 17 
 13 16 
 13 15 
 13 14 
 13 13 
 13 12 
 13 11 
 13 10 
 13 9 
 13 8 
 14 7 
 15 6 
 16 5 
 17 5 
 18 5 
 19 5 
 20 6 
 21 5 
 22 6 
 23 5 
 24 5 
 25 4