 
 10 5 
 11 5 
 12 5 
 13 6 
 14 7 
 15 7 
 16 8 
 17 9 
 18 10 
 19 11 
 20 11 
 21 12 
 22 13 
 23 13 
 23 14 
 24 15 
 25 15 
 26 16 
 27 16 
 28 17 
 29 18 
 30 18 
 31 19 
 32 20 
 33 20 
 34 21 
 35 21 
 36 21 
 37 21 
 38 20 
 39 21 
 40 21 
 41 21 
 42 21 
 43 21 
 44 21 
 45 21 
 46 21 
 47 21 
 48 21 
 49 21 
 50 21 
 51 21 
 52 21 
 53 21 
 54 21 
 55 21 
 56 21 
 57 21 
 58 21 
 59 21 
 60 21 
 61 21 
 62 21 
 63 20 
 64 21 
 65 20 
 66 19 
 67 18 
 68 17 
 69 16 
 69 15 
 70 14 
 70 13 
 71 12 
 72 11 
 73 10 
 74 9 
 75 8 
 75 7 
 76 7 
 77 6 
 78 5 
 79 5 
 80 4 
 81 4 
 82 4 
 83 4 
 84 4 
 85 4 
 85 5 
 85 6 
 85 7 
 85 8 
 86 9 
 86 10 
 86 11 
 86 12 
 86 13 
 86 14 
 86 15 
 86 16 
 86 17 
 86 18 
 86 19 
 86 20 
 85 21 
 85 22 
 84 23 
 84 24 
 84 25 
 83 26 
 82 27 
 81 28 
 80 29 
 79 29 
 78 30 
 78 31 
 77 32 
 76 32 
 75 33 
 74 33 
 73 34 
 72 35 
 71 35 
 70 35 
 69 36 
 68 36 
 67 36 
 66 37 
 65 38 
 64 38 
 63 39 
 62 40 
 61 39 
 60 40 
 60 41 
 60 42 
 60 43 
 60 44 
 60 45 
 60 46 
 59 47 
 60 48 
 60 49 
 60 50 
 60 51 
 59 52 
 59 53 
 60 54 
 60 55 
 60 56 
 60 57 
 60 58 
 60 59 
 60 60 
 59 61 
 60 62 
 60 63 
 60 64 
 60 65 
 60 66 
 60 67 
 60 68 
 60 69 
 60 70 
 60 71 
 60 72 
 59 73 
 59 74 
 59 75 
 59 76 
 59 77 
 59 78 
 59 79 
 59 80 
 59 81 
 59 82 
 59 83 
 60 84 
 61 84 
 62 84 
 63 84 
 64 85 
 65 85 
 66 86 
 67 86 
 68 87 
 69 88 
 70 87 
 71 88 
 72 88 
 73 89 
 74 89 
 75 89 
 76 90 
 77 91 
 78 91 
 79 91 
 80 92 
 81 92 
 82 93 
 83 92 
 84 93 
 85 94 
 86 94 
 87 95 
 88 95 
 88 96 
 87 96 
 86 96 
 85 96 
 84 96 
 83 96 
 82 96 
 81 96 
 80 96 
 79 96 
 78 96 
 77 96 
 76 96 
 75 96 
 74 96 
 73 96 
 72 96 
 71 96 
 70 96 
 69 96 
 68 96 
 67 96 
 66 96 
 65 96 
 64 96 
 63 96 
 62 96 
 61 96 
 60 96 
 59 96 
 58 96 
 57 96 
 56 96 
 55 96 
 54 96 
 53 96 
 52 96 
 51 96 
 50 96 
 49 96 
 48 96 
 47 96 
 46 96 
 45 96 
 44 96 
 43 96 
 42 96 
 41 96 
 40 96 
 39 96 
 38 96 
 37 96 
 36 96 
 35 96 
 34 96 
 33 96 
 32 96 
 31 96 
 30 96 
 29 96 
 28 96 
 27 96 
 26 96 
 25 96 
 24 96 
 23 96 
 22 96 
 21 96 
 20 96 
 19 96 
 18 96 
 17 96 
 16 96 
 15 96 
 14 96 
 13 96 
 12 96 
 11 96 
 11 95 
 12 95 
 13 95 
 14 95 
 15 94 
 16 94 
 17 94 
 18 94 
 19 93 
 20 92 
 21 92 
 22 92 
 23 91 
 24 92 
 25 91 
 25 90 
 26 90 
 27 90 
 28 89 
 29 89 
 30 89 
 31 89 
 32 88 
 33 87 
 34 87 
 35 88 
 36 87 
 37 86 
 38 86 
 39 86 
 40 85 
 41 85 
 42 84 
 43 84 
 44 85 
 45 84 
 46 84 
 47 83 
 46 82 
 46 81 
 46 80 
 46 79 
 46 78 
 46 77 
 46 76 
 46 75 
 46 74 
 46 73 
 45 72 
 45 71 
 46 70 
 45 69 
 45 68 
 45 67 
 45 66 
 45 65 
 45 64 
 45 63 
 44 62 
 45 61 
 45 60 
 45 59 
 45 58 
 45 57 
 45 56 
 45 55 
 44 54 
 45 53 
 44 52 
 45 51 
 45 50 
 44 49 
 44 48 
 44 47 
 44 46 
 44 45 
 45 44 
 45 43 
 44 42 
 43 41 
 42 41 
 41 41 
 40 40 
 39 40 
 38 40 
 37 40 
 36 39 
 35 39 
 34 38 
 33 38 
 32 38 
 31 38 
 30 38 
 30 37 
 29 36 
 28 37 
 27 37 
 26 36 
 25 36 
 24 36 
 23 35 
 22 35 
 21 34 
 20 33 
 19 32 
 18 32 
 17 32 
 16 31 
 15 30 
 14 30 
 14 29 
 13 28 
 12 28 
 12 27 
 11 26 
 10 26 
 9 25 
 9 24 
 10 23 
 10 22 
 10 21 
 10 20 
 9 19 
 9 18 
 10 17 
 9 16 
 9 15 
 9 14 
 9 13 
 9 12 
 9 11 
 9 10 
 9 9 
 9 8 
 9 7 
 9 6 
 8 5 
 9 4