 
 53 5 
 54 5 
 55 5 
 56 5 
 57 6 
 56 7 
 57 8 
 57 9 
 57 10 
 57 11 
 57 12 
 57 13 
 57 14 
 57 15 
 58 16 
 59 17 
 60 16 
 61 16 
 62 17 
 63 16 
 64 17 
 65 17 
 66 17 
 67 17 
 68 17 
 69 17 
 69 18 
 70 19 
 70 20 
 69 21 
 68 21 
 67 21 
 66 21 
 65 22 
 64 21 
 63 22 
 62 23 
 61 22 
 60 22 
 59 23 
 59 24 
 59 25 
 59 26 
 59 27 
 59 28 
 59 29 
 59 30 
 59 31 
 59 32 
 59 33 
 59 34 
 59 35 
 59 36 
 59 37 
 59 38 
 59 39 
 60 40 
 61 40 
 62 41 
 63 41 
 64 41 
 64 42 
 65 43 
 66 42 
 67 43 
 68 43 
 69 43 
 70 43 
 71 43 
 72 43 
 73 43 
 74 43 
 75 44 
 76 43 
 77 44 
 78 44 
 79 45 
 80 46 
 81 46 
 82 47 
 83 46 
 84 47 
 84 48 
 83 49 
 84 50 
 85 51 
 86 50 
 86 49 
 87 50 
 88 50 
 89 49 
 90 50 
 91 51 
 92 51 
 93 52 
 94 53 
 95 54 
 96 55 
 97 56 
 98 56 
 99 57 
 99 58 
 100 59 
 101 60 
 102 61 
 102 62 
 102 63 
 102 64 
 103 65 
 104 65 
 104 66 
 103 67 
 103 68 
 102 69 
 102 70 
 102 71 
 101 72 
 100 73 
 99 73 
 98 74 
 97 74 
 96 74 
 95 75 
 94 75 
 93 76 
 92 76 
 91 77 
 90 77 
 89 77 
 88 77 
 87 78 
 86 78 
 85 79 
 84 79 
 83 79 
 82 80 
 81 80 
 80 81 
 79 81 
 78 81 
 77 80 
 76 81 
 76 82 
 75 81 
 74 82 
 73 81 
 72 82 
 72 83 
 71 83 
 70 83 
 69 83 
 68 83 
 67 83 
 66 83 
 65 83 
 64 83 
 63 83 
 62 83 
 61 82 
 60 82 
 59 83 
 58 83 
 57 83 
 56 83 
 55 83 
 54 83 
 53 83 
 52 83 
 51 83 
 50 83 
 49 83 
 48 83 
 47 83 
 46 83 
 45 83 
 44 83 
 43 83 
 42 83 
 41 83 
 40 83 
 39 83 
 38 82 
 37 82 
 36 81 
 35 82 
 34 82 
 33 82 
 32 81 
 31 82 
 30 81 
 29 81 
 28 81 
 27 80 
 26 80 
 25 80 
 24 80 
 23 79 
 22 79 
 21 78 
 20 78 
 19 77 
 18 77 
 17 76 
 16 77 
 15 77 
 14 77 
 13 76 
 12 75 
 11 75 
 10 74 
 9 73 
 8 72 
 8 71 
 7 70 
 6 69 
 5 68 
 5 67 
 5 66 
 6 65 
 5 64 
 6 63 
 6 62 
 5 61 
 5 60 
 6 60 
 7 59 
 7 58 
 8 57 
 9 56 
 10 55 
 11 55 
 12 55 
 13 54 
 14 54 
 15 53 
 16 52 
 17 51 
 18 51 
 19 50 
 20 51 
 21 50 
 22 49 
 23 48 
 23 47 
 23 46 
 24 45 
 25 45 
 26 45 
 27 44 
 28 43 
 29 44 
 30 43 
 30 42 
 31 43 
 32 42 
 33 42 
 34 41 
 35 41 
 36 40 
 37 40 
 38 40 
 39 39 
 40 39 
 41 39 
 42 39 
 43 39 
 44 40 
 45 39 
 45 38 
 46 39 
 47 39 
 48 39 
 49 39 
 50 38 
 50 37 
 50 36 
 49 35 
 50 34 
 50 33 
 49 32 
 50 31 
 50 30 
 51 29 
 51 28 
 51 27 
 51 26 
 51 25 
 50 24 
 49 23 
 48 23 
 47 23 
 46 23 
 45 23 
 45 22 
 44 21 
 43 20 
 44 19 
 44 18 
 45 18 
 46 18 
 47 19 
 48 18 
 48 17 
 49 17 
 49 18 
 50 19 
 51 18 
 51 17 
 52 16 
 52 15 
 53 14 
 52 13 
 51 13 
 51 12 
 51 11 
 52 10 
 52 9 
 52 8 
 52 7 
 52 6 
 52 5