 
 55 2 
 56 2 
 57 2 
 58 2 
 59 3 
 60 3 
 61 3 
 62 3 
 63 3 
 64 4 
 65 3 
 66 4 
 67 4 
 68 5 
 69 6 
 70 6 
 71 7 
 72 8 
 73 9 
 73 10 
 74 11 
 73 12 
 74 13 
 73 14 
 74 15 
 73 16 
 74 17 
 73 18 
 73 19 
 73 20 
 73 21 
 74 22 
 73 23 
 73 24 
 73 25 
 72 26 
 72 27 
 72 28 
 72 29 
 71 30 
 72 31 
 72 32 
 73 33 
 74 34 
 74 35 
 75 36 
 75 37 
 75 38 
 75 39 
 76 40 
 76 41 
 76 42 
 77 43 
 76 44 
 77 45 
 76 46 
 76 47 
 76 48 
 76 49 
 76 50 
 77 51 
 77 52 
 78 53 
 78 54 
 79 55 
 79 56 
 79 57 
 79 58 
 80 59 
 80 60 
 81 61 
 81 62 
 81 63 
 82 64 
 82 65 
 82 66 
 83 67 
 83 68 
 84 69 
 84 70 
 84 71 
 83 72 
 83 73 
 82 73 
 81 74 
 80 75 
 79 76 
 79 77 
 79 78 
 80 79 
 79 80 
 78 81 
 77 81 
 76 82 
 75 83 
 74 84 
 74 85 
 75 86 
 75 87 
 75 88 
 75 89 
 74 90 
 74 91 
 74 92 
 73 93 
 73 94 
 72 95 
 72 96 
 72 97 
 72 98 
 73 99 
 72 100 
 72 101 
 71 102 
 72 103 
 71 104 
 71 105 
 70 106 
 70 107 
 70 108 
 70 109 
 71 110 
 72 111 
 73 112 
 74 112 
 75 113 
 76 113 
 77 114 
 78 114 
 79 114 
 80 115 
 81 116 
 81 117 
 80 118 
 79 119 
 78 119 
 77 119 
 76 119 
 75 120 
 74 120 
 73 120 
 72 121 
 71 121 
 70 121 
 69 121 
 68 121 
 67 121 
 66 121 
 65 121 
 64 121 
 63 121 
 62 121 
 61 120 
 60 120 
 59 120 
 58 119 
 57 120 
 56 119 
 55 119 
 54 118 
 53 117 
 53 116 
 53 115 
 53 114 
 54 113 
 54 112 
 55 111 
 54 110 
 54 109 
 54 108 
 54 107 
 53 106 
 53 105 
 52 104 
 52 103 
 52 102 
 52 101 
 52 100 
 52 99 
 52 98 
 52 97 
 53 96 
 52 95 
 53 94 
 54 93 
 54 92 
 55 91 
 54 90 
 54 89 
 55 88 
 54 87 
 53 86 
 52 85 
 51 84 
 50 83 
 50 82 
 49 81 
 49 80 
 49 79 
 49 78 
 48 77 
 48 76 
 47 75 
 47 74 
 47 73 
 47 72 
 46 71 
 47 70 
 46 69 
 47 68 
 46 67 
 47 66 
 47 65 
 47 64 
 47 63 
 46 62 
 46 61 
 46 60 
 46 59 
 45 58 
 45 57 
 44 56 
 45 55 
 45 54 
 44 53 
 45 52 
 45 51 
 44 50 
 44 49 
 44 48 
 43 47 
 43 46 
 43 45 
 43 44 
 43 43 
 42 42 
 42 41 
 42 40 
 42 39 
 43 38 
 44 37 
 44 36 
 45 35 
 45 34 
 46 33 
 47 32 
 48 32 
 49 31 
 49 30 
 50 30 
 51 29 
 51 28 
 51 27 
 51 26 
 50 25 
 50 24 
 49 23 
 48 22 
 47 21 
 46 20 
 46 19 
 46 18 
 45 17 
 45 16 
 45 15 
 44 14 
 45 13 
 45 12 
 45 11 
 45 10 
 46 9 
 46 8 
 47 7 
 48 6 
 49 5 
 50 4 
 51 4 
 52 4 
 53 3 
 54 2