 
 54 5 
 55 5 
 55 6 
 55 7 
 55 8 
 55 9 
 55 10 
 55 11 
 55 12 
 55 13 
 55 14 
 56 15 
 57 16 
 57 17 
 58 18 
 59 17 
 60 18 
 61 17 
 62 17 
 63 17 
 64 17 
 65 17 
 66 16 
 67 16 
 68 17 
 68 18 
 69 19 
 68 20 
 67 21 
 66 22 
 65 22 
 64 22 
 63 22 
 62 23 
 61 23 
 60 23 
 59 23 
 58 24 
 57 25 
 57 26 
 57 27 
 57 28 
 57 29 
 57 30 
 56 31 
 57 32 
 57 33 
 57 34 
 57 35 
 57 36 
 56 37 
 57 38 
 58 39 
 59 39 
 60 39 
 61 39 
 62 39 
 63 39 
 64 39 
 65 38 
 66 39 
 67 39 
 68 38 
 69 38 
 70 39 
 71 39 
 72 38 
 73 39 
 74 39 
 75 39 
 76 39 
 77 39 
 78 39 
 79 39 
 80 39 
 81 40 
 81 41 
 81 42 
 81 43 
 81 44 
 81 45 
 81 46 
 81 47 
 82 48 
 83 49 
 84 50 
 85 50 
 86 51 
 87 51 
 88 51 
 89 52 
 90 52 
 91 53 
 92 54 
 93 54 
 94 53 
 95 54 
 96 54 
 97 55 
 98 55 
 99 56 
 100 56 
 101 56 
 102 56 
 103 56 
 103 57 
 104 58 
 104 59 
 103 60 
 103 61 
 102 62 
 102 63 
 103 64 
 102 65 
 102 66 
 101 67 
 100 68 
 100 69 
 99 69 
 98 70 
 99 71 
 98 72 
 97 72 
 96 72 
 95 73 
 94 74 
 93 74 
 92 75 
 91 75 
 90 76 
 89 77 
 88 77 
 87 76 
 86 77 
 85 77 
 84 77 
 83 78 
 82 77 
 81 78 
 80 79 
 79 78 
 78 79 
 78 80 
 77 80 
 76 80 
 75 81 
 74 80 
 73 81 
 72 81 
 71 81 
 70 81 
 69 81 
 68 81 
 67 81 
 66 81 
 65 81 
 64 81 
 63 81 
 62 81 
 61 81 
 60 81 
 59 81 
 58 81 
 57 81 
 56 81 
 55 81 
 54 81 
 53 81 
 52 81 
 51 81 
 50 81 
 49 80 
 48 81 
 47 81 
 46 81 
 45 81 
 45 80 
 44 79 
 43 80 
 42 79 
 41 79 
 40 79 
 39 79 
 38 79 
 37 79 
 36 79 
 35 79 
 34 79 
 33 79 
 32 80 
 31 79 
 30 79 
 29 79 
 28 78 
 27 77 
 26 77 
 25 76 
 24 77 
 23 76 
 22 75 
 21 76 
 20 75 
 19 74 
 18 74 
 17 74 
 16 74 
 15 74 
 14 73 
 13 73 
 12 73 
 11 72 
 10 71 
 9 71 
 8 70 
 7 70 
 6 70 
 6 69 
 5 68 
 5 67 
 5 66 
 5 65 
 5 64 
 5 63 
 5 62 
 5 61 
 6 60 
 6 59 
 7 58 
 8 57 
 8 56 
 9 55 
 10 54 
 11 53 
 12 52 
 13 51 
 14 51 
 15 51 
 16 50 
 17 50 
 18 49 
 19 49 
 20 48 
 21 48 
 22 48 
 23 47 
 22 46 
 23 45 
 24 44 
 24 43 
 25 42 
 26 42 
 27 41 
 28 40 
 29 40 
 30 40 
 31 39 
 32 39 
 33 39 
 34 39 
 35 39 
 36 39 
 37 39 
 38 39 
 39 39 
 40 39 
 41 39 
 42 39 
 43 39 
 44 39 
 45 39 
 46 39 
 47 39 
 48 38 
 49 37 
 49 36 
 50 35 
 50 34 
 50 33 
 50 32 
 50 31 
 50 30 
 50 29 
 50 28 
 50 27 
 50 26 
 50 25 
 50 24 
 49 23 
 48 23 
 47 23 
 46 23 
 45 22 
 44 22 
 43 22 
 42 22 
 41 22 
 40 21 
 39 20 
 39 19 
 39 18 
 39 17 
 40 18 
 41 17 
 42 16 
 43 16 
 44 16 
 45 16 
 46 16 
 47 16 
 48 16 
 49 16 
 50 16 
 51 15 
 52 14 
 53 13 
 52 12 
 52 11 
 52 10 
 52 9 
 52 8 
 52 7 
 53 6 
 53 5