 
 51 5 
 52 5 
 53 5 
 54 5 
 55 6 
 56 6 
 57 6 
 58 6 
 59 6 
 60 7 
 61 7 
 62 8 
 63 9 
 64 10 
 65 10 
 66 10 
 67 10 
 68 11 
 69 10 
 70 11 
 71 10 
 72 10 
 73 11 
 73 12 
 74 13 
 75 12 
 76 13 
 77 13 
 77 14 
 78 15 
 79 16 
 80 17 
 80 18 
 81 19 
 82 20 
 82 21 
 82 22 
 82 23 
 83 24 
 83 25 
 84 26 
 84 27 
 84 28 
 84 29 
 84 30 
 84 31 
 84 32 
 84 33 
 84 34 
 84 35 
 84 36 
 84 37 
 84 38 
 84 39 
 84 40 
 84 41 
 84 42 
 85 43 
 86 43 
 85 44 
 84 45 
 85 46 
 86 46 
 86 47 
 85 47 
 84 48 
 85 49 
 86 50 
 86 51 
 87 52 
 88 53 
 89 53 
 90 53 
 91 54 
 91 55 
 91 56 
 91 57 
 91 58 
 91 59 
 91 60 
 91 61 
 91 62 
 91 63 
 91 64 
 91 65 
 90 66 
 89 67 
 89 68 
 88 69 
 88 70 
 87 71 
 87 72 
 87 73 
 87 74 
 87 75 
 87 76 
 86 77 
 86 78 
 85 79 
 84 80 
 83 80 
 82 81 
 82 82 
 81 83 
 81 84 
 81 85 
 80 86 
 80 87 
 79 88 
 79 89 
 78 90 
 77 91 
 78 92 
 78 93 
 78 94 
 78 95 
 78 96 
 78 97 
 78 98 
 78 99 
 78 100 
 78 101 
 78 102 
 77 102 
 76 103 
 76 104 
 75 105 
 75 106 
 74 107 
 75 108 
 74 109 
 73 110 
 72 111 
 71 112 
 70 113 
 70 114 
 69 115 
 68 115 
 67 116 
 66 117 
 66 118 
 65 118 
 64 119 
 63 119 
 62 120 
 61 121 
 60 121 
 59 122 
 58 122 
 57 122 
 56 122 
 55 123 
 54 123 
 53 122 
 52 121 
 51 121 
 50 120 
 49 120 
 48 119 
 47 119 
 46 118 
 46 117 
 45 116 
 44 117 
 43 116 
 42 115 
 41 114 
 40 113 
 39 112 
 38 111 
 37 110 
 36 109 
 35 108 
 35 107 
 35 106 
 35 105 
 35 104 
 35 103 
 35 102 
 35 101 
 34 100 
 35 99 
 35 98 
 35 97 
 35 96 
 34 95 
 34 94 
 33 93 
 32 93 
 31 93 
 32 92 
 31 91 
 31 90 
 30 89 
 29 88 
 29 87 
 29 86 
 29 85 
 29 84 
 28 83 
 27 82 
 26 82 
 25 81 
 26 80 
 25 79 
 24 79 
 23 78 
 23 77 
 22 76 
 22 75 
 21 74 
 21 73 
 21 72 
 20 71 
 20 70 
 20 69 
 20 68 
 19 67 
 20 66 
 19 65 
 19 64 
 18 63 
 18 62 
 18 61 
 18 60 
 18 59 
 18 58 
 18 57 
 18 56 
 19 57 
 20 56 
 20 55 
 21 55 
 22 56 
 23 55 
 22 54 
 22 53 
 22 52 
 22 51 
 22 50 
 22 49 
 22 48 
 22 47 
 23 46 
 22 45 
 22 44 
 22 43 
 22 42 
 22 41 
 22 40 
 22 39 
 22 38 
 23 37 
 22 36 
 22 35 
 23 34 
 23 33 
 23 32 
 24 32 
 25 31 
 25 30 
 25 29 
 26 28 
 26 27 
 26 26 
 27 25 
 28 24 
 28 23 
 29 22 
 30 21 
 31 21 
 32 20 
 33 19 
 33 18 
 34 17 
 35 16 
 36 15 
 36 14 
 37 13 
 38 13 
 39 12 
 40 11 
 41 10 
 41 9 
 42 9 
 43 8 
 44 8 
 45 7 
 46 7 
 47 7 
 48 6 
 49 6 
 50 5