 
 49 3 
 50 3 
 51 3 
 52 3 
 53 3 
 54 3 
 55 3 
 56 3 
 57 3 
 58 3 
 59 4 
 60 3 
 61 4 
 62 4 
 63 4 
 64 4 
 65 4 
 66 5 
 67 5 
 68 5 
 69 6 
 70 6 
 71 7 
 72 7 
 73 8 
 74 9 
 75 9 
 76 10 
 77 11 
 78 11 
 78 12 
 79 13 
 80 14 
 81 14 
 82 15 
 82 16 
 83 17 
 84 17 
 85 18 
 86 18 
 87 19 
 88 20 
 89 21 
 90 21 
 91 21 
 92 21 
 93 21 
 94 21 
 95 21 
 96 20 
 97 20 
 98 20 
 99 19 
 100 19 
 101 19 
 102 19 
 103 19 
 104 19 
 105 19 
 106 20 
 106 21 
 106 22 
 106 23 
 105 24 
 105 25 
 105 26 
 104 27 
 104 28 
 103 29 
 103 30 
 103 31 
 102 32 
 101 33 
 102 34 
 103 35 
 104 35 
 105 36 
 106 37 
 107 38 
 107 39 
 108 40 
 108 41 
 108 42 
 108 43 
 107 44 
 107 45 
 106 46 
 106 47 
 105 48 
 104 48 
 103 49 
 102 50 
 101 51 
 100 51 
 99 52 
 98 53 
 97 53 
 96 53 
 95 54 
 95 55 
 95 56 
 96 57 
 96 58 
 97 59 
 97 60 
 98 61 
 98 62 
 99 63 
 100 64 
 101 65 
 102 66 
 103 67 
 104 68 
 105 69 
 105 70 
 106 71 
 106 72 
 107 73 
 107 74 
 108 75 
 108 76 
 108 77 
 108 78 
 108 79 
 108 80 
 108 81 
 107 82 
 108 83 
 107 84 
 106 85 
 105 86 
 104 87 
 103 87 
 102 87 
 101 87 
 100 86 
 99 86 
 98 86 
 97 86 
 96 85 
 95 85 
 94 84 
 93 85 
 92 84 
 91 83 
 90 83 
 89 83 
 88 82 
 87 83 
 86 82 
 85 82 
 84 82 
 83 82 
 82 82 
 81 82 
 80 82 
 79 83 
 78 83 
 77 84 
 76 84 
 75 85 
 75 86 
 74 87 
 73 88 
 72 89 
 72 90 
 72 91 
 71 92 
 71 93 
 72 94 
 73 94 
 74 94 
 75 94 
 76 95 
 77 95 
 78 95 
 79 96 
 80 96 
 81 96 
 82 97 
 83 96 
 84 97 
 85 97 
 86 98 
 87 98 
 88 98 
 89 98 
 90 99 
 91 99 
 92 100 
 93 100 
 94 100 
 95 101 
 96 101 
 97 102 
 98 102 
 99 103 
 100 103 
 100 104 
 101 105 
 102 105 
 102 106 
 101 107 
 100 108 
 99 108 
 98 109 
 97 110 
 96 110 
 95 111 
 94 111 
 93 111 
 92 112 
 91 112 
 90 113 
 89 113 
 88 114 
 87 114 
 86 115 
 85 115 
 84 115 
 83 116 
 82 116 
 81 117 
 80 117 
 79 117 
 78 117 
 77 117 
 76 117 
 75 118 
 74 118 
 73 118 
 72 118 
 71 118 
 70 118 
 69 118 
 68 117 
 67 118 
 66 117 
 65 117 
 64 117 
 63 116 
 62 116 
 61 116 
 60 115 
 59 115 
 58 114 
 57 114 
 56 114 
 55 113 
 54 112 
 53 112 
 52 112 
 51 111 
 50 111 
 49 110 
 48 110 
 47 110 
 46 110 
 45 110 
 44 109 
 43 109 
 42 109 
 41 109 
 40 108 
 39 107 
 38 107 
 37 106 
 36 105 
 36 104 
 35 103 
 35 102 
 34 101 
 33 100 
 33 99 
 32 98 
 32 97 
 31 96 
 30 95 
 29 94 
 28 93 
 27 93 
 26 92 
 25 93 
 24 93 
 23 94 
 22 93 
 21 92 
 20 91 
 20 90 
 19 89 
 19 88 
 19 87 
 18 86 
 18 85 
 18 84 
 18 83 
 18 82 
 19 81 
 19 80 
 19 79 
 19 78 
 20 77 
 21 76 
 21 75 
 22 74 
 22 73 
 23 72 
 23 71 
 24 70 
 24 69 
 25 68 
 25 67 
 26 66 
 26 65 
 27 64 
 27 63 
 28 62 
 28 61 
 28 60 
 28 59 
 29 58 
 29 57 
 29 56 
 29 55 
 29 54 
 29 53 
 29 52 
 30 52 
 31 52 
 32 53 
 33 52 
 34 52 
 35 52 
 36 52 
 37 52 
 38 52 
 39 52 
 40 52 
 41 51 
 42 51 
 43 51 
 44 51 
 45 50 
 46 50 
 47 49 
 48 49 
 49 48 
 49 47 
 50 46 
 50 45 
 49 44 
 48 43 
 47 42 
 46 41 
 45 41 
 44 40 
 43 40 
 42 40 
 41 39 
 40 39 
 39 39 
 38 38 
 37 38 
 36 38 
 35 38 
 34 38 
 33 38 
 32 37 
 31 37 
 30 38 
 29 37 
 28 37 
 27 38 
 26 37 
 25 38 
 24 38 
 23 38 
 22 37 
 21 38 
 20 37 
 19 37 
 18 37 
 17 36 
 16 36 
 15 35 
 14 34 
 14 33 
 13 32 
 13 31 
 13 30 
 13 29 
 13 28 
 14 27 
 14 26 
 15 25 
 16 24 
 17 23 
 18 22 
 19 22 
 20 21 
 21 20 
 22 20 
 23 19 
 23 18 
 24 18 
 25 17 
 25 16 
 26 16 
 27 15 
 28 14 
 29 13 
 30 13 
 31 12 
 32 11 
 33 10 
 34 10 
 35 9 
 36 9 
 37 8 
 38 7 
 39 7 
 40 6 
 41 6 
 42 5 
 43 5 
 44 5 
 45 4 
 46 4 
 47 4 
 48 3