 
 24 5 
 25 5 
 26 5 
 27 5 
 28 5 
 29 5 
 30 5 
 31 5 
 32 5 
 33 5 
 34 6 
 35 7 
 36 7 
 37 7 
 38 7 
 39 8 
 40 9 
 41 10 
 41 11 
 42 12 
 43 12 
 44 13 
 44 14 
 45 15 
 46 15 
 47 16 
 47 17 
 47 18 
 48 19 
 49 20 
 50 21 
 51 20 
 52 20 
 53 20 
 54 20 
 55 20 
 56 20 
 57 20 
 58 20 
 59 20 
 60 20 
 61 20 
 62 20 
 63 20 
 64 20 
 65 21 
 66 21 
 67 21 
 68 21 
 69 21 
 70 21 
 71 21 
 72 21 
 73 21 
 74 21 
 75 21 
 76 21 
 77 21 
 78 21 
 79 22 
 80 22 
 81 22 
 82 22 
 83 22 
 84 22 
 85 22 
 86 22 
 87 22 
 88 21 
 89 22 
 90 22 
 91 22 
 92 22 
 93 21 
 94 21 
 95 21 
 96 21 
 97 22 
 98 22 
 99 22 
 100 22 
 101 22 
 102 22 
 103 22 
 104 22 
 105 23 
 106 23 
 107 23 
 108 24 
 109 24 
 108 25 
 109 26 
 110 26 
 111 27 
 111 28 
 110 29 
 110 30 
 110 31 
 109 31 
 108 32 
 107 33 
 106 34 
 105 35 
 104 36 
 103 36 
 102 36 
 101 36 
 100 36 
 99 36 
 98 36 
 97 36 
 96 36 
 95 35 
 94 34 
 93 34 
 92 34 
 91 34 
 90 35 
 89 36 
 88 36 
 87 36 
 86 35 
 85 36 
 84 36 
 83 36 
 83 35 
 82 34 
 81 33 
 80 33 
 79 33 
 78 33 
 77 33 
 76 33 
 75 33 
 74 34 
 73 35 
 72 36 
 71 36 
 70 36 
 69 35 
 68 36 
 67 36 
 66 36 
 65 36 
 64 36 
 63 36 
 62 36 
 61 36 
 60 37 
 59 38 
 58 39 
 57 40 
 56 41 
 55 40 
 54 39 
 53 38 
 52 38 
 51 38 
 50 38 
 49 38 
 48 38 
 47 39 
 46 39 
 45 40 
 44 41 
 43 42 
 42 43 
 42 44 
 41 44 
 40 45 
 39 46 
 39 47 
 38 46 
 37 47 
 37 48 
 36 48 
 35 49 
 34 50 
 33 51 
 32 51 
 31 51 
 30 50 
 29 51 
 28 51 
 27 51 
 26 51 
 25 51 
 24 51 
 23 51 
 22 51 
 21 51 
 21 50 
 20 49 
 19 50 
 18 49 
 17 48 
 16 47 
 15 46 
 14 47 
 13 47 
 13 46 
 12 45 
 11 46 
 10 45 
 10 44 
 10 43 
 9 42 
 8 41 
 8 40 
 8 39 
 8 38 
 7 37 
 6 37 
 6 36 
 6 35 
 6 34 
 5 33 
 5 32 
 6 31 
 5 30 
 6 29 
 6 28 
 6 27 
 6 26 
 5 25 
 6 24 
 5 23 
 6 22 
 7 21 
 7 20 
 7 19 
 8 18 
 8 17 
 8 16 
 8 15 
 9 14 
 9 13 
 10 13 
 11 12 
 10 11 
 11 10 
 12 11 
 13 10 
 13 9 
 14 10 
 15 9 
 16 8 
 17 8 
 18 7 
 19 6 
 20 7 
 21 6 
 22 6 
 23 5