 
 28 5 
 29 5 
 30 6 
 31 7 
 32 8 
 33 9 
 33 10 
 33 11 
 34 12 
 35 12 
 36 13 
 37 14 
 38 15 
 39 15 
 40 14 
 41 15 
 42 15 
 43 14 
 44 15 
 44 16 
 45 17 
 46 18 
 47 18 
 48 17 
 49 17 
 50 18 
 51 19 
 52 20 
 53 20 
 53 21 
 54 22 
 55 21 
 56 22 
 57 21 
 58 22 
 59 21 
 60 21 
 61 20 
 62 20 
 63 20 
 64 20 
 65 20 
 66 20 
 67 20 
 68 20 
 69 20 
 70 20 
 71 20 
 72 20 
 73 20 
 74 20 
 75 20 
 76 20 
 77 20 
 78 19 
 79 19 
 80 20 
 81 19 
 82 19 
 83 20 
 84 19 
 85 20 
 86 19 
 87 19 
 88 19 
 89 19 
 90 19 
 91 19 
 92 19 
 93 19 
 94 19 
 95 19 
 96 19 
 97 18 
 98 19 
 99 19 
 100 18 
 101 19 
 102 19 
 103 18 
 104 19 
 105 18 
 106 18 
 107 19 
 108 19 
 109 20 
 110 21 
 111 22 
 111 23 
 111 24 
 111 25 
 111 26 
 111 27 
 111 28 
 110 29 
 109 30 
 108 31 
 107 32 
 106 33 
 105 32 
 104 32 
 103 32 
 102 32 
 101 32 
 100 32 
 99 31 
 98 31 
 97 31 
 96 32 
 95 31 
 94 31 
 93 31 
 92 31 
 91 31 
 90 31 
 89 31 
 88 32 
 87 33 
 86 34 
 85 34 
 84 34 
 83 34 
 82 34 
 81 35 
 80 35 
 79 35 
 78 35 
 77 35 
 76 35 
 75 35 
 74 35 
 73 35 
 72 35 
 71 35 
 70 35 
 69 35 
 68 35 
 67 35 
 66 36 
 65 35 
 64 35 
 63 36 
 62 36 
 61 37 
 60 38 
 59 39 
 58 40 
 57 40 
 56 41 
 56 42 
 55 42 
 54 42 
 53 42 
 52 42 
 51 43 
 50 44 
 49 44 
 48 45 
 47 44 
 46 45 
 46 46 
 45 46 
 44 45 
 43 45 
 42 46 
 41 47 
 40 48 
 39 49 
 38 50 
 37 51 
 36 52 
 35 53 
 34 53 
 33 54 
 32 54 
 31 54 
 30 54 
 29 54 
 28 54 
 27 54 
 26 53 
 25 52 
 24 52 
 23 51 
 22 51 
 22 50 
 22 49 
 22 48 
 21 47 
 20 46 
 19 46 
 19 45 
 19 44 
 19 43 
 18 42 
 17 41 
 16 41 
 15 40 
 14 40 
 13 40 
 12 39 
 11 39 
 10 38 
 9 38 
 8 38 
 8 37 
 7 36 
 6 35 
 6 34 
 5 33 
 5 32 
 5 31 
 5 30 
 5 29 
 5 28 
 6 27 
 6 26 
 6 25 
 7 24 
 8 23 
 9 23 
 10 22 
 11 21 
 12 21 
 13 20 
 14 19 
 15 19 
 16 19 
 17 18 
 17 17 
 17 16 
 17 15 
 18 14 
 19 13 
 20 12 
 20 11 
 20 10 
 20 9 
 21 9 
 22 9 
 23 8 
 24 7 
 25 7 
 26 6 
 27 5