 
 98 4 
 99 3 
 100 4 
 101 3 
 102 4 
 103 3 
 104 4 
 105 3 
 106 4 
 107 3 
 108 4 
 109 5 
 110 6 
 111 7 
 110 8 
 111 9 
 110 10 
 111 11 
 110 12 
 110 13 
 110 14 
 109 14 
 108 15 
 108 16 
 109 17 
 108 18 
 108 19 
 108 20 
 109 21 
 108 22 
 108 23 
 108 24 
 108 25 
 108 26 
 107 27 
 107 28 
 107 29 
 106 30 
 105 31 
 104 32 
 103 33 
 102 34 
 101 35 
 100 36 
 99 37 
 98 37 
 97 38 
 96 38 
 95 38 
 94 38 
 93 38 
 92 39 
 91 38 
 91 37 
 92 36 
 93 35 
 93 34 
 94 33 
 95 32 
 95 31 
 95 30 
 96 29 
 96 28 
 96 27 
 97 26 
 96 25 
 95 24 
 94 25 
 93 24 
 92 25 
 91 25 
 90 24 
 89 25 
 88 25 
 87 24 
 86 25 
 85 25 
 84 24 
 83 25 
 82 25 
 81 25 
 80 24 
 79 25 
 78 25 
 77 24 
 76 25 
 75 25 
 74 24 
 73 25 
 72 24 
 71 25 
 70 25 
 69 24 
 68 25 
 67 25 
 66 25 
 65 25 
 64 24 
 63 25 
 62 24 
 61 25 
 60 25 
 59 24 
 58 25 
 57 24 
 56 25 
 55 25 
 54 24 
 53 25 
 52 25 
 51 24 
 50 25 
 49 25 
 48 24 
 47 25 
 46 25 
 45 25 
 44 24 
 43 25 
 42 25 
 41 24 
 40 25 
 39 25 
 38 24 
 37 25 
 36 24 
 35 25 
 34 25 
 33 24 
 32 25 
 31 25 
 30 25 
 29 25 
 28 24 
 27 25 
 26 24 
 25 25 
 24 25 
 23 24 
 22 25 
 21 24 
 20 25 
 19 25 
 18 24 
 17 25 
 16 25 
 15 24 
 14 25 
 13 25 
 12 24 
 11 25 
 10 25 
 9 25 
 8 24 
 7 25 
 6 25 
 5 24 
 4 24 
 3 23 
 4 22 
 4 21 
 3 20 
 4 19 
 4 18 
 5 18 
 6 18 
 7 18 
 8 18 
 9 18 
 10 18 
 11 18 
 12 18 
 13 18 
 14 18 
 15 18 
 16 18 
 17 18 
 18 18 
 19 18 
 20 18 
 21 18 
 22 18 
 23 18 
 24 18 
 25 18 
 26 18 
 27 18 
 28 18 
 29 18 
 30 18 
 31 18 
 32 18 
 33 18 
 34 18 
 35 18 
 36 18 
 37 18 
 38 18 
 39 18 
 40 18 
 41 18 
 42 18 
 43 18 
 44 18 
 45 18 
 46 18 
 47 18 
 48 18 
 49 18 
 50 18 
 51 18 
 52 18 
 53 18 
 54 18 
 55 18 
 56 18 
 57 18 
 58 18 
 59 18 
 60 18 
 61 18 
 62 18 
 63 18 
 64 18 
 65 18 
 66 18 
 67 18 
 68 18 
 69 18 
 70 18 
 71 18 
 72 18 
 73 18 
 74 18 
 75 18 
 76 18 
 77 18 
 78 18 
 79 18 
 80 18 
 81 18 
 82 18 
 83 18 
 84 18 
 85 18 
 86 18 
 87 18 
 88 18 
 89 18 
 90 18 
 91 18 
 92 18 
 93 18 
 94 18 
 95 18 
 96 18 
 97 17 
 96 16 
 96 15 
 95 14 
 94 13 
 94 12 
 93 11 
 93 10 
 94 9 
 93 8 
 94 7 
 94 6 
 95 5 
 96 4 
 97 3