 
 37 4 
 38 3 
 39 4 
 40 4 
 41 4 
 42 3 
 43 4 
 44 3 
 45 4 
 46 4 
 47 4 
 48 4 
 49 3 
 50 4 
 51 4 
 52 4 
 53 4 
 54 4 
 55 4 
 56 4 
 57 5 
 58 5 
 58 6 
 59 7 
 59 8 
 60 9 
 61 10 
 62 9 
 63 10 
 64 9 
 65 10 
 66 10 
 67 9 
 68 9 
 69 8 
 70 8 
 71 8 
 72 8 
 73 8 
 74 7 
 75 8 
 76 8 
 77 8 
 78 8 
 79 8 
 80 9 
 81 9 
 82 9 
 83 9 
 84 9 
 85 9 
 86 9 
 87 10 
 88 10 
 89 11 
 90 11 
 91 11 
 92 12 
 93 13 
 94 13 
 95 13 
 96 14 
 97 14 
 98 15 
 99 16 
 100 17 
 101 17 
 101 18 
 102 19 
 103 20 
 104 21 
 105 22 
 106 23 
 107 24 
 108 25 
 107 26 
 108 27 
 108 28 
 108 29 
 107 30 
 108 31 
 108 32 
 108 33 
 107 34 
 108 35 
 108 36 
 107 37 
 108 38 
 108 39 
 108 40 
 108 41 
 108 42 
 108 43 
 108 44 
 109 45 
 108 46 
 108 47 
 107 48 
 108 49 
 107 50 
 107 51 
 107 52 
 107 53 
 107 54 
 107 55 
 107 56 
 107 57 
 108 58 
 107 59 
 108 60 
 108 61 
 109 62 
 109 63 
 110 64 
 110 65 
 110 66 
 110 67 
 109 67 
 108 66 
 108 65 
 107 64 
 107 63 
 106 62 
 106 61 
 106 60 
 106 59 
 105 58 
 105 57 
 105 56 
 105 55 
 105 54 
 106 53 
 105 52 
 105 51 
 104 50 
 103 51 
 103 52 
 102 53 
 102 54 
 102 55 
 102 56 
 102 57 
 102 58 
 102 59 
 102 60 
 103 61 
 103 62 
 103 63 
 104 64 
 104 65 
 105 66 
 105 67 
 106 68 
 106 69 
 107 70 
 107 71 
 107 72 
 107 73 
 108 74 
 108 75 
 108 76 
 108 77 
 107 78 
 107 79 
 106 80 
 105 80 
 104 80 
 103 80 
 102 81 
 101 81 
 100 81 
 99 81 
 98 81 
 97 81 
 96 81 
 96 80 
 96 79 
 96 78 
 96 77 
 97 76 
 98 75 
 97 74 
 97 73 
 97 72 
 96 71 
 96 70 
 95 69 
 94 68 
 94 67 
 93 66 
 92 65 
 91 64 
 90 63 
 89 64 
 89 65 
 89 66 
 89 67 
 88 68 
 88 69 
 88 70 
 87 71 
 87 72 
 86 73 
 86 74 
 86 75 
 86 76 
 85 77 
 85 78 
 85 79 
 84 79 
 83 80 
 82 79 
 81 79 
 80 79 
 79 78 
 78 78 
 77 78 
 76 77 
 75 78 
 74 77 
 73 76 
 72 75 
 72 74 
 72 73 
 73 72 
 74 72 
 75 72 
 76 71 
 76 70 
 76 69 
 76 68 
 77 67 
 77 66 
 77 65 
 78 64 
 78 63 
 79 62 
 79 61 
 78 60 
 78 59 
 78 58 
 77 57 
 76 57 
 75 57 
 74 57 
 73 57 
 72 57 
 71 57 
 70 57 
 69 57 
 68 57 
 67 57 
 66 58 
 65 58 
 64 57 
 63 58 
 62 58 
 61 59 
 60 60 
 59 61 
 58 62 
 58 63 
 57 64 
 57 65 
 57 66 
 57 67 
 56 68 
 56 69 
 55 70 
 55 71 
 54 72 
 54 73 
 55 74 
 54 75 
 54 76 
 54 77 
 54 78 
 54 79 
 54 80 
 54 81 
 54 82 
 53 82 
 52 82 
 51 83 
 50 83 
 49 83 
 48 83 
 47 83 
 46 83 
 45 82 
 44 82 
 43 81 
 43 80 
 43 79 
 43 78 
 44 77 
 44 76 
 44 75 
 44 74 
 44 73 
 44 72 
 44 71 
 44 70 
 43 69 
 42 70 
 41 71 
 41 72 
 41 73 
 40 74 
 40 75 
 40 76 
 40 77 
 40 78 
 40 79 
 40 80 
 39 81 
 38 81 
 37 82 
 36 81 
 35 82 
 34 82 
 33 81 
 32 81 
 31 81 
 30 80 
 29 79 
 29 78 
 29 77 
 29 76 
 30 76 
 31 75 
 31 74 
 32 73 
 32 72 
 32 71 
 33 70 
 32 69 
 33 68 
 33 67 
 33 66 
 34 65 
 34 64 
 34 63 
 34 62 
 34 61 
 35 60 
 35 59 
 35 58 
 36 57 
 35 56 
 36 55 
 36 54 
 37 53 
 37 52 
 37 51 
 38 50 
 37 49 
 38 48 
 37 47 
 38 46 
 37 45 
 38 44 
 37 43 
 38 42 
 37 41 
 38 40 
 38 39 
 37 38 
 36 38 
 35 38 
 34 39 
 35 40 
 34 41 
 34 42 
 34 43 
 34 44 
 34 45 
 34 46 
 34 47 
 33 48 
 32 49 
 32 50 
 31 51 
 30 51 
 29 52 
 29 53 
 28 54 
 28 55 
 28 56 
 28 57 
 27 58 
 27 59 
 28 60 
 27 61 
 27 62 
 28 63 
 27 64 
 27 65 
 27 66 
 27 67 
 27 68 
 27 69 
 26 70 
 27 71 
 27 72 
 27 73 
 26 74 
 26 75 
 26 76 
 26 77 
 25 78 
 26 79 
 25 80 
 24 81 
 24 82 
 24 83 
 24 84 
 23 85 
 23 86 
 22 87 
 21 87 
 20 88 
 19 87 
 18 87 
 17 87 
 16 87 
 15 86 
 15 85 
 16 84 
 15 83 
 16 82 
 17 82 
 18 82 
 19 81 
 18 80 
 19 79 
 20 78 
 20 77 
 20 76 
 21 75 
 20 74 
 21 73 
 20 72 
 20 71 
 20 70 
 20 69 
 20 68 
 19 67 
 19 66 
 19 65 
 19 64 
 19 63 
 19 62 
 19 61 
 19 60 
 19 59 
 19 58 
 19 57 
 19 56 
 19 55 
 18 54 
 17 54 
 16 55 
 15 54 
 15 53 
 16 53 
 17 53 
 18 52 
 19 51 
 18 50 
 18 49 
 19 48 
 18 47 
 17 47 
 16 48 
 15 49 
 15 50 
 14 50 
 13 51 
 12 52 
 11 53 
 10 54 
 9 55 
 8 55 
 7 56 
 7 57 
 6 57 
 5 58 
 4 58 
 3 57 
 4 56 
 5 56 
 6 55 
 6 54 
 7 54 
 8 53 
 8 52 
 9 51 
 10 50 
 11 49 
 11 48 
 12 47 
 12 46 
 13 45 
 14 44 
 14 43 
 14 42 
 15 41 
 14 40 
 15 39 
 15 38 
 15 37 
 15 36 
 16 35 
 16 34 
 16 33 
 16 32 
 16 31 
 16 30 
 17 29 
 17 28 
 18 27 
 18 26 
 19 25 
 19 24 
 19 23 
 18 22 
 19 21 
 19 20 
 18 19 
 19 18 
 19 17 
 19 16 
 20 15 
 21 14 
 22 13 
 22 12 
 23 11 
 22 10 
 23 9 
 24 8 
 25 7 
 26 6 
 27 6 
 28 5 
 29 5 
 30 5 
 31 4 
 32 4 
 33 4 
 34 4 
 35 4 
 36 3