 
 64 5 
 65 5 
 66 5 
 67 5 
 68 5 
 69 5 
 70 5 
 71 5 
 72 5 
 73 5 
 74 5 
 75 5 
 76 5 
 77 5 
 78 5 
 79 5 
 80 6 
 81 6 
 82 5 
 83 6 
 84 6 
 85 6 
 86 6 
 87 6 
 88 6 
 89 7 
 90 8 
 91 9 
 92 10 
 92 11 
 92 12 
 92 13 
 92 14 
 92 15 
 92 16 
 93 17 
 94 18 
 94 19 
 95 20 
 96 20 
 97 21 
 98 21 
 99 21 
 100 22 
 101 21 
 102 21 
 103 21 
 104 22 
 105 21 
 106 22 
 107 22 
 108 22 
 109 22 
 110 23 
 111 23 
 112 23 
 113 23 
 114 24 
 115 25 
 115 26 
 115 27 
 115 28 
 115 29 
 116 30 
 117 31 
 116 32 
 115 33 
 114 34 
 114 35 
 113 36 
 113 37 
 114 38 
 113 39 
 113 40 
 113 41 
 112 42 
 111 43 
 110 44 
 109 45 
 108 46 
 107 46 
 106 47 
 105 48 
 105 49 
 105 50 
 104 51 
 104 52 
 103 52 
 102 53 
 102 54 
 101 55 
 100 56 
 99 55 
 98 55 
 97 54 
 96 53 
 97 52 
 97 51 
 97 50 
 97 49 
 96 48 
 95 48 
 94 49 
 93 48 
 92 49 
 91 49 
 90 49 
 89 49 
 88 49 
 87 49 
 86 49 
 85 49 
 84 49 
 83 49 
 82 49 
 81 49 
 80 49 
 79 50 
 78 50 
 77 50 
 76 50 
 75 50 
 74 50 
 73 50 
 72 50 
 71 50 
 70 50 
 69 51 
 68 51 
 67 52 
 67 53 
 68 54 
 67 55 
 67 56 
 66 57 
 65 58 
 64 59 
 63 60 
 62 60 
 61 60 
 60 60 
 59 59 
 58 58 
 57 57 
 56 56 
 56 55 
 56 54 
 56 53 
 56 52 
 56 51 
 56 50 
 55 49 
 54 48 
 53 48 
 52 49 
 51 50 
 50 51 
 49 52 
 49 53 
 49 54 
 48 53 
 47 53 
 46 54 
 46 55 
 45 54 
 44 54 
 43 54 
 42 53 
 41 54 
 40 53 
 39 54 
 38 53 
 37 54 
 36 54 
 35 54 
 34 54 
 33 53 
 32 54 
 31 53 
 30 54 
 29 53 
 28 54 
 27 54 
 26 53 
 25 54 
 24 53 
 23 54 
 23 55 
 22 54 
 21 55 
 21 56 
 20 56 
 19 56 
 18 57 
 17 57 
 16 58 
 15 58 
 14 58 
 13 58 
 12 58 
 11 58 
 10 58 
 9 58 
 9 57 
 9 56 
 9 55 
 9 54 
 9 53 
 8 52 
 8 51 
 8 50 
 8 49 
 8 48 
 9 47 
 9 46 
 9 45 
 9 44 
 8 43 
 8 42 
 8 41 
 8 40 
 7 39 
 7 38 
 6 37 
 6 36 
 6 35 
 6 34 
 5 33 
 5 32 
 6 31 
 7 31 
 8 30 
 9 30 
 10 29 
 11 28 
 12 28 
 13 27 
 14 27 
 15 26 
 16 25 
 17 25 
 18 25 
 19 25 
 20 24 
 21 25 
 22 25 
 23 24 
 24 25 
 25 24 
 26 24 
 27 24 
 28 24 
 29 24 
 30 24 
 31 24 
 32 24 
 33 24 
 34 23 
 34 22 
 34 21 
 35 20 
 35 19 
 36 18 
 37 19 
 38 18 
 39 18 
 40 18 
 41 18 
 42 18 
 43 18 
 44 17 
 45 17 
 46 16 
 47 15 
 48 16 
 49 16 
 49 17 
 50 18 
 51 18 
 52 19 
 53 19 
 54 18 
 54 17 
 55 16 
 55 15 
 55 14 
 55 13 
 55 12 
 56 11 
 56 10 
 57 9 
 57 8 
 58 7 
 59 7 
 60 6 
 61 6 
 62 6 
 63 5