 
 67 4 
 68 4 
 69 5 
 70 6 
 71 7 
 72 7 
 72 8 
 73 9 
 74 10 
 75 11 
 76 12 
 77 13 
 78 14 
 79 15 
 80 16 
 81 16 
 82 17 
 83 18 
 84 19 
 85 19 
 86 20 
 87 20 
 88 21 
 89 22 
 90 22 
 91 22 
 92 23 
 93 23 
 94 24 
 95 24 
 96 25 
 97 25 
 98 26 
 99 26 
 100 27 
 101 27 
 102 27 
 103 28 
 104 28 
 105 29 
 106 29 
 107 30 
 108 30 
 109 31 
 110 31 
 111 32 
 112 32 
 112 33 
 113 34 
 114 35 
 114 36 
 115 37 
 115 38 
 116 39 
 117 39 
 116 40 
 117 41 
 117 42 
 118 43 
 118 44 
 119 45 
 119 46 
 119 47 
 118 48 
 118 49 
 118 50 
 117 51 
 116 52 
 115 53 
 115 54 
 114 55 
 114 56 
 113 57 
 112 58 
 111 59 
 111 60 
 110 61 
 110 62 
 109 63 
 108 64 
 108 65 
 107 66 
 107 67 
 106 68 
 105 69 
 105 70 
 104 71 
 103 72 
 103 73 
 102 73 
 101 74 
 101 75 
 100 76 
 100 77 
 99 78 
 98 79 
 97 80 
 97 81 
 96 81 
 95 82 
 94 83 
 93 84 
 92 84 
 91 85 
 90 85 
 89 86 
 89 87 
 88 87 
 87 88 
 86 88 
 85 89 
 84 88 
 83 89 
 83 90 
 84 91 
 84 92 
 84 93 
 84 94 
 85 95 
 84 96 
 84 97 
 83 98 
 82 98 
 81 99 
 80 99 
 79 100 
 78 99 
 77 100 
 76 100 
 75 99 
 74 100 
 73 99 
 72 100 
 72 101 
 71 102 
 72 103 
 72 104 
 73 105 
 73 106 
 73 107 
 74 108 
 75 109 
 75 110 
 76 111 
 76 112 
 77 113 
 78 114 
 79 115 
 80 116 
 80 117 
 81 118 
 82 118 
 83 118 
 84 119 
 85 120 
 86 120 
 87 121 
 88 121 
 89 122 
 90 121 
 91 121 
 92 122 
 93 122 
 94 122 
 95 122 
 96 121 
 97 122 
 98 121 
 99 121 
 100 121 
 101 120 
 102 120 
 103 119 
 104 118 
 105 117 
 106 116 
 107 115 
 108 114 
 108 113 
 108 112 
 109 111 
 109 110 
 110 109 
 109 108 
 110 107 
 109 106 
 109 105 
 109 104 
 110 103 
 109 102 
 109 101 
 109 100 
 108 99 
 107 98 
 108 97 
 108 96 
 108 95 
 109 95 
 109 96 
 110 97 
 110 98 
 111 99 
 112 100 
 112 101 
 112 102 
 113 103 
 112 104 
 113 105 
 113 106 
 113 107 
 114 108 
 114 109 
 113 110 
 113 111 
 113 112 
 112 113 
 113 114 
 112 115 
 112 116 
 111 117 
 110 118 
 110 119 
 109 120 
 108 121 
 107 122 
 106 122 
 105 123 
 104 124 
 103 124 
 102 125 
 101 125 
 100 126 
 99 126 
 98 126 
 97 126 
 96 126 
 95 127 
 94 126 
 93 126 
 92 127 
 91 127 
 90 127 
 89 127 
 88 127 
 87 127 
 86 127 
 85 127 
 84 126 
 83 126 
 82 126 
 81 126 
 80 125 
 79 125 
 78 125 
 77 124 
 76 124 
 75 123 
 74 123 
 73 122 
 72 122 
 72 121 
 71 120 
 70 120 
 69 119 
 68 118 
 67 117 
 66 116 
 66 115 
 65 114 
 64 113 
 64 112 
 63 111 
 62 110 
 62 109 
 62 108 
 61 107 
 61 106 
 61 105 
 60 104 
 60 103 
 59 102 
 60 101 
 59 100 
 58 100 
 57 101 
 56 100 
 55 99 
 54 100 
 53 99 
 52 100 
 51 99 
 50 100 
 49 99 
 48 99 
 47 99 
 46 98 
 45 98 
 45 97 
 44 96 
 45 95 
 45 94 
 45 93 
 46 92 
 47 91 
 47 90 
 46 89 
 45 89 
 44 89 
 43 88 
 42 88 
 41 87 
 40 86 
 39 86 
 39 85 
 38 84 
 37 84 
 37 83 
 36 82 
 35 82 
 35 81 
 34 80 
 33 79 
 32 79 
 32 78 
 31 77 
 30 76 
 30 75 
 29 74 
 28 73 
 28 72 
 27 71 
 26 70 
 26 69 
 25 68 
 25 67 
 24 66 
 24 65 
 23 64 
 22 63 
 22 62 
 21 61 
 21 60 
 20 59 
 19 58 
 18 57 
 17 56 
 17 55 
 17 54 
 16 53 
 16 52 
 15 51 
 14 50 
 14 49 
 14 48 
 13 47 
 12 46 
 12 45 
 12 44 
 12 43 
 12 42 
 12 41 
 12 40 
 13 39 
 14 38 
 14 37 
 15 36 
 16 35 
 16 34 
 17 33 
 17 32 
 18 32 
 19 31 
 20 30 
 21 30 
 22 29 
 23 30 
 24 29 
 25 29 
 26 28 
 27 28 
 28 28 
 29 27 
 30 27 
 31 26 
 32 26 
 33 26 
 34 25 
 35 25 
 36 25 
 37 24 
 38 25 
 39 24 
 40 24 
 41 23 
 42 23 
 43 22 
 44 22 
 45 21 
 46 21 
 47 20 
 48 19 
 49 18 
 50 18 
 51 18 
 52 17 
 53 16 
 54 15 
 55 14 
 56 13 
 56 12 
 57 11 
 58 10 
 59 10 
 60 9 
 61 8 
 62 8 
 63 7 
 63 6 
 64 6 
 65 5 
 66 4