 
 44 4 
 43 5 
 43 6 
 42 6 
 41 7 
 42 8 
 42 9 
 41 10 
 41 11 
 41 12 
 40 13 
 40 14 
 41 15 
 40 16 
 40 17 
 39 18 
 40 19 
 39 20 
 39 21 
 39 22 
 39 23 
 38 24 
 38 25 
 38 26 
 38 27 
 38 28 
 38 29 
 37 30 
 37 31 
 37 32 
 37 33 
 37 34 
 37 35 
 37 36 
 38 37 
 39 37 
 40 37 
 41 37 
 42 37 
 43 37 
 44 37 
 45 38 
 46 37 
 47 37 
 48 37 
 49 37 
 50 37 
 51 37 
 52 37 
 53 37 
 54 38 
 55 37 
 56 37 
 57 37 
 58 38 
 59 37 
 60 37 
 61 37 
 62 37 
 63 37 
 64 37 
 65 37 
 66 37 
 67 38 
 68 37 
 69 37 
 70 37 
 71 37 
 72 37 
 73 38 
 74 37 
 75 37 
 76 37 
 77 37 
 78 37 
 79 37 
 80 37 
 81 37 
 82 38 
 83 37 
 84 37 
 85 37 
 86 37 
 87 37 
 88 37 
 89 37 
 90 37 
 91 38 
 92 37 
 93 37 
 94 37 
 95 37 
 96 37 
 97 38 
 98 37 
 99 37 
 100 37 
 101 38 
 102 37 
 103 37 
 104 37 
 105 37 
 106 37 
 107 38 
 108 37 
 109 37 
 110 37 
 111 37 
 112 38 
 113 37 
 114 37 
 115 37 
 116 37 
 117 37 
 118 38 
 119 37 
 120 37 
 121 37 
 122 37 
 123 37 
 124 37 
 125 38 
 126 37 
 127 37 
 128 37 
 129 37 
 130 37 
 131 37 
 132 37 
 133 37 
 133 38 
 133 39 
 133 40 
 133 41 
 133 42 
 133 43 
 133 44 
 133 45 
 133 46 
 133 47 
 133 48 
 133 49 
 133 50 
 133 51 
 133 52 
 133 53 
 133 54 
 132 54 
 131 54 
 130 54 
 129 54 
 128 54 
 127 54 
 126 54 
 125 54 
 124 53 
 123 54 
 122 54 
 121 54 
 120 54 
 119 54 
 118 54 
 117 54 
 116 54 
 115 54 
 114 54 
 113 54 
 112 54 
 111 54 
 110 53 
 109 54 
 108 54 
 107 54 
 106 54 
 105 53 
 104 54 
 103 54 
 102 54 
 101 54 
 100 54 
 99 54 
 98 54 
 97 54 
 96 54 
 95 54 
 94 54 
 93 54 
 92 54 
 91 54 
 90 53 
 89 54 
 88 54 
 87 54 
 86 53 
 85 54 
 84 54 
 83 54 
 82 54 
 81 54 
 80 54 
 79 54 
 78 54 
 77 53 
 76 54 
 75 54 
 74 54 
 73 54 
 72 54 
 71 54 
 70 54 
 69 54 
 68 54 
 67 54 
 66 54 
 65 54 
 64 54 
 63 54 
 62 53 
 61 54 
 60 54 
 59 54 
 58 53 
 57 54 
 56 54 
 55 54 
 54 54 
 53 54 
 52 54 
 51 54 
 50 53 
 49 54 
 48 54 
 47 54 
 46 54 
 45 54 
 44 54 
 43 54 
 42 54 
 41 54 
 40 54 
 39 54 
 38 55 
 38 56 
 38 57 
 39 58 
 40 58 
 41 58 
 41 59 
 41 60 
 41 61 
 41 62 
 41 63 
 41 64 
 41 65 
 41 66 
 41 67 
 41 68 
 41 69 
 41 70 
 41 71 
 41 72 
 41 73 
 41 74 
 41 75 
 41 76 
 40 77 
 39 76 
 38 77 
 37 76 
 36 77 
 35 76 
 34 77 
 33 76 
 32 77 
 31 76 
 30 77 
 29 76 
 28 77 
 27 76 
 26 77 
 25 76 
 24 77 
 23 76 
 22 77 
 21 76 
 20 77 
 19 76 
 18 77 
 17 76 
 16 77 
 15 76 
 14 77 
 13 76 
 12 77 
 11 76 
 10 77 
 9 76 
 8 77 
 7 76 
 6 75 
 7 74 
 7 73 
 6 72 
 7 71 
 6 70 
 7 69 
 7 68 
 6 67 
 7 66 
 7 65 
 6 64 
 7 63 
 6 62 
 7 61 
 7 60 
 6 59 
 7 58 
 8 58 
 9 58 
 10 57 
 9 56 
 9 55 
 9 54 
 10 53 
 9 52 
 9 51 
 9 50 
 10 49 
 9 48 
 9 47 
 9 46 
 10 45 
 9 44 
 9 43 
 9 42 
 10 41 
 9 40 
 9 39 
 10 38 
 10 37 
 10 36 
 10 35 
 10 34 
 11 33 
 11 32 
 12 31 
 13 30 
 12 29 
 13 28 
 14 27 
 14 26 
 15 25 
 16 24 
 16 23 
 17 22 
 18 21 
 18 20 
 19 20 
 20 19 
 19 18 
 20 17 
 20 16 
 21 16 
 22 15 
 22 14 
 23 14 
 24 13 
 24 12 
 25 12 
 26 11 
 27 10 
 28 10 
 29 9 
 30 10 
 31 9 
 31 8 
 32 8 
 33 7 
 34 6 
 35 6 
 36 6 
 37 5 
 38 5 
 39 5 
 40 4 
 41 4 
 42 4 
 43 3