 
 43 4 
 44 3 
 45 4 
 46 3 
 47 4 
 48 3 
 49 4 
 50 3 
 51 4 
 52 3 
 53 4 
 54 3 
 55 4 
 56 4 
 57 5 
 58 5 
 59 6 
 60 7 
 60 8 
 61 9 
 62 9 
 63 9 
 64 9 
 65 9 
 66 9 
 67 8 
 68 8 
 69 8 
 70 7 
 71 7 
 72 6 
 73 6 
 74 7 
 75 6 
 76 7 
 77 8 
 78 8 
 79 8 
 80 9 
 81 9 
 82 10 
 83 11 
 84 11 
 84 12 
 85 13 
 86 13 
 87 14 
 87 15 
 88 16 
 89 17 
 90 18 
 91 18 
 91 19 
 92 20 
 93 21 
 93 22 
 94 23 
 94 24 
 95 25 
 96 26 
 96 27 
 97 28 
 98 29 
 98 30 
 98 31 
 99 32 
 99 33 
 99 34 
 99 35 
 100 36 
 100 37 
 100 38 
 101 39 
 101 40 
 102 41 
 102 42 
 102 43 
 103 44 
 103 45 
 103 46 
 103 47 
 103 48 
 103 49 
 104 50 
 104 51 
 104 52 
 104 53 
 104 54 
 105 55 
 105 56 
 105 57 
 105 58 
 105 59 
 105 60 
 105 61 
 105 62 
 106 63 
 107 64 
 108 65 
 108 66 
 109 67 
 109 68 
 110 69 
 111 69 
 110 70 
 111 71 
 110 72 
 109 71 
 108 72 
 107 72 
 106 72 
 107 71 
 107 70 
 107 69 
 107 68 
 106 67 
 106 66 
 106 65 
 105 64 
 105 63 
 104 62 
 104 61 
 104 60 
 104 59 
 103 58 
 103 57 
 103 56 
 103 55 
 103 54 
 103 53 
 103 52 
 103 51 
 103 50 
 102 49 
 102 48 
 101 47 
 100 47 
 99 48 
 99 49 
 98 50 
 98 51 
 97 52 
 97 53 
 97 54 
 97 55 
 96 56 
 96 57 
 96 58 
 96 59 
 96 60 
 96 61 
 96 62 
 96 63 
 96 64 
 96 65 
 97 66 
 97 67 
 96 68 
 97 69 
 97 70 
 97 71 
 97 72 
 97 73 
 97 74 
 98 75 
 98 76 
 98 77 
 99 78 
 99 79 
 99 80 
 100 81 
 100 82 
 100 83 
 101 84 
 101 85 
 101 86 
 101 87 
 101 88 
 100 89 
 101 90 
 101 91 
 100 92 
 99 93 
 99 94 
 98 94 
 97 94 
 96 95 
 95 95 
 94 96 
 93 95 
 92 95 
 91 94 
 92 93 
 92 92 
 92 91 
 93 90 
 93 89 
 92 88 
 92 87 
 92 86 
 92 85 
 91 84 
 91 83 
 91 82 
 90 81 
 91 80 
 90 79 
 90 78 
 89 77 
 89 76 
 88 75 
 87 74 
 86 75 
 85 76 
 85 77 
 85 78 
 85 79 
 85 80 
 84 81 
 84 82 
 84 83 
 84 84 
 84 85 
 84 86 
 84 87 
 84 88 
 84 89 
 84 90 
 84 91 
 84 92 
 83 93 
 83 94 
 82 94 
 81 94 
 80 94 
 79 94 
 78 94 
 77 94 
 76 95 
 75 94 
 74 94 
 73 94 
 73 93 
 73 92 
 74 91 
 73 90 
 74 89 
 74 88 
 75 87 
 76 86 
 76 85 
 76 84 
 76 83 
 77 82 
 77 81 
 76 80 
 77 79 
 77 78 
 76 77 
 77 76 
 77 75 
 76 74 
 77 73 
 77 72 
 76 71 
 75 70 
 74 69 
 73 69 
 72 69 
 71 69 
 70 69 
 69 69 
 68 69 
 67 69 
 66 69 
 65 69 
 64 70 
 64 71 
 64 72 
 64 73 
 63 74 
 63 75 
 63 76 
 63 77 
 64 78 
 64 79 
 64 80 
 64 81 
 64 82 
 64 83 
 64 84 
 63 85 
 63 86 
 63 87 
 62 88 
 62 89 
 62 90 
 62 91 
 62 92 
 61 93 
 61 94 
 60 93 
 59 94 
 58 93 
 57 94 
 56 94 
 55 93 
 54 92 
 54 91 
 53 90 
 53 89 
 53 88 
 53 87 
 53 86 
 53 85 
 54 84 
 54 83 
 54 82 
 54 81 
 54 80 
 54 79 
 54 78 
 54 77 
 53 76 
 53 75 
 53 74 
 52 73 
 52 72 
 52 71 
 51 70 
 50 70 
 49 71 
 49 72 
 49 73 
 49 74 
 50 75 
 50 76 
 50 77 
 49 78 
 49 79 
 49 80 
 49 81 
 49 82 
 49 83 
 50 84 
 50 85 
 50 86 
 50 87 
 50 88 
 50 89 
 50 90 
 50 91 
 50 92 
 49 93 
 49 94 
 48 95 
 47 96 
 46 97 
 45 97 
 44 98 
 43 97 
 42 98 
 41 97 
 41 96 
 40 95 
 39 94 
 39 93 
 39 92 
 39 91 
 39 90 
 39 89 
 39 88 
 39 87 
 39 86 
 39 85 
 39 84 
 38 83 
 39 82 
 38 81 
 38 80 
 38 79 
 37 78 
 37 77 
 37 76 
 37 75 
 36 74 
 36 73 
 36 72 
 35 71 
 35 70 
 35 69 
 35 68 
 34 67 
 34 66 
 34 65 
 34 64 
 34 63 
 34 62 
 34 61 
 34 60 
 34 59 
 34 58 
 34 57 
 34 56 
 34 55 
 34 54 
 33 53 
 32 53 
 31 54 
 31 55 
 31 56 
 31 57 
 30 58 
 30 59 
 29 60 
 29 61 
 28 61 
 27 62 
 27 63 
 26 63 
 25 63 
 24 64 
 23 65 
 23 66 
 23 67 
 22 68 
 22 69 
 22 70 
 22 71 
 22 72 
 22 73 
 22 74 
 22 75 
 22 76 
 22 77 
 22 78 
 22 79 
 22 80 
 23 81 
 23 82 
 23 83 
 23 84 
 23 85 
 23 86 
 23 87 
 22 88 
 21 89 
 20 89 
 19 89 
 18 88 
 18 87 
 17 86 
 18 85 
 17 84 
 18 83 
 17 82 
 17 81 
 17 80 
 18 79 
 17 78 
 17 77 
 17 76 
 17 75 
 16 74 
 17 73 
 17 72 
 16 71 
 16 70 
 16 69 
 16 68 
 16 67 
 16 66 
 15 65 
 14 65 
 14 64 
 14 63 
 15 64 
 16 63 
 16 62 
 16 61 
 16 60 
 16 59 
 16 58 
 16 57 
 15 56 
 14 57 
 13 58 
 13 59 
 12 60 
 11 61 
 11 62 
 10 63 
 9 64 
 8 65 
 7 66 
 6 67 
 5 68 
 4 68 
 3 67 
 4 66 
 4 65 
 5 65 
 6 64 
 6 63 
 6 62 
 6 61 
 7 60 
 8 60 
 9 59 
 9 58 
 10 57 
 10 56 
 11 55 
 11 54 
 12 53 
 12 52 
 13 51 
 13 50 
 14 49 
 14 48 
 14 47 
 15 46 
 15 45 
 15 44 
 16 43 
 16 42 
 16 41 
 16 40 
 16 39 
 17 38 
 17 37 
 16 36 
 17 35 
 17 34 
 17 33 
 17 32 
 18 31 
 17 30 
 17 29 
 17 28 
 18 27 
 17 26 
 17 25 
 18 24 
 18 23 
 18 22 
 19 21 
 19 20 
 19 19 
 20 19 
 21 18 
 21 17 
 22 16 
 23 15 
 23 14 
 24 13 
 25 12 
 25 11 
 26 10 
 26 9 
 27 8 
 28 7 
 29 7 
 30 6 
 31 6 
 32 5 
 33 5 
 34 5 
 35 5 
 36 5 
 37 5 
 38 5 
 39 5 
 40 5 
 41 4 
 42 3