 
 27 4 
 28 4 
 29 4 
 30 4 
 30 5 
 31 6 
 32 6 
 33 6 
 34 7 
 34 8 
 35 9 
 36 9 
 37 10 
 38 11 
 39 12 
 40 12 
 41 12 
 42 12 
 43 12 
 44 11 
 45 11 
 46 11 
 47 11 
 48 10 
 49 10 
 50 10 
 51 10 
 52 10 
 53 10 
 54 10 
 55 9 
 56 9 
 57 9 
 58 8 
 59 8 
 60 9 
 61 8 
 62 8 
 63 8 
 64 8 
 65 8 
 66 8 
 67 7 
 68 7 
 69 8 
 70 8 
 71 7 
 71 6 
 72 6 
 72 7 
 73 8 
 74 8 
 75 8 
 76 7 
 77 8 
 78 8 
 79 8 
 80 8 
 81 8 
 82 9 
 83 9 
 84 10 
 85 11 
 86 12 
 87 13 
 88 13 
 89 14 
 90 14 
 91 14 
 92 14 
 93 14 
 94 14 
 95 14 
 96 14 
 97 14 
 98 14 
 99 14 
 100 14 
 101 14 
 102 13 
 103 13 
 104 13 
 105 14 
 105 15 
 105 16 
 106 17 
 107 18 
 107 19 
 107 20 
 108 21 
 109 21 
 109 22 
 108 22 
 107 23 
 107 24 
 106 25 
 106 26 
 105 26 
 104 27 
 103 28 
 103 29 
 102 28 
 101 29 
 101 30 
 101 31 
 100 32 
 100 33 
 100 34 
 100 35 
 100 36 
 100 37 
 100 38 
 100 39 
 100 40 
 100 41 
 101 42 
 101 43 
 102 44 
 102 45 
 101 45 
 100 46 
 99 46 
 98 46 
 97 47 
 96 46 
 95 46 
 94 47 
 93 47 
 92 47 
 91 48 
 90 48 
 89 49 
 88 49 
 87 49 
 86 48 
 85 48 
 84 47 
 83 46 
 82 45 
 81 44 
 80 44 
 79 44 
 78 43 
 77 42 
 76 41 
 75 42 
 74 41 
 73 42 
 72 41 
 71 41 
 70 41 
 69 41 
 68 41 
 67 41 
 66 41 
 65 41 
 64 41 
 63 41 
 62 42 
 61 42 
 60 42 
 59 42 
 58 42 
 57 43 
 56 43 
 55 43 
 54 44 
 53 44 
 52 45 
 51 44 
 50 45 
 49 46 
 48 46 
 47 45 
 46 45 
 45 45 
 44 46 
 44 47 
 43 47 
 42 47 
 41 47 
 40 46 
 39 47 
 38 47 
 37 47 
 36 46 
 35 45 
 34 44 
 33 43 
 32 42 
 31 42 
 30 41 
 29 41 
 28 40 
 27 39 
 26 40 
 25 39 
 24 39 
 23 39 
 22 39 
 21 39 
 20 39 
 19 39 
 18 39 
 17 39 
 16 39 
 15 39 
 14 39 
 13 39 
 12 39 
 11 39 
 10 39 
 9 39 
 8 39 
 7 39 
 6 38 
 6 37 
 7 36 
 6 35 
 6 34 
 5 33 
 5 32 
 4 31 
 4 30 
 4 29 
 5 28 
 6 28 
 7 27 
 8 26 
 9 25 
 10 24 
 11 23 
 11 22 
 12 22 
 13 21 
 14 20 
 15 19 
 16 18 
 16 17 
 17 16 
 17 15 
 17 14 
 17 13 
 17 12 
 17 11 
 17 10 
 17 9 
 17 8 
 17 7 
 17 6 
 18 5 
 19 5 
 20 5 
 21 5 
 22 5 
 23 5 
 24 5 
 25 5 
 26 4