 
 99 6 
 99 7 
 99 8 
 100 9 
 100 10 
 100 11 
 101 12 
 101 13 
 102 14 
 103 15 
 104 14 
 105 15 
 106 15 
 107 15 
 108 15 
 109 15 
 110 15 
 111 15 
 111 16 
 110 17 
 109 18 
 109 19 
 109 20 
 108 21 
 108 22 
 107 23 
 106 24 
 106 25 
 105 26 
 104 27 
 104 28 
 103 29 
 104 30 
 105 30 
 106 31 
 107 32 
 107 33 
 107 34 
 106 34 
 105 34 
 104 33 
 103 34 
 102 34 
 101 33 
 100 33 
 99 33 
 98 32 
 97 32 
 96 32 
 95 31 
 94 31 
 93 32 
 93 33 
 92 34 
 91 35 
 90 36 
 90 37 
 89 38 
 88 39 
 89 40 
 88 41 
 87 41 
 86 42 
 87 43 
 86 44 
 85 45 
 84 46 
 83 47 
 83 48 
 82 49 
 81 50 
 81 51 
 80 52 
 80 53 
 79 54 
 78 55 
 78 56 
 77 57 
 76 58 
 75 59 
 74 60 
 73 61 
 73 62 
 72 63 
 73 64 
 72 65 
 71 66 
 70 66 
 69 67 
 70 68 
 69 69 
 68 70 
 68 71 
 67 71 
 66 72 
 66 73 
 65 74 
 64 75 
 64 76 
 63 77 
 63 78 
 62 79 
 61 80 
 60 81 
 60 82 
 59 83 
 58 84 
 57 85 
 57 86 
 56 87 
 55 88 
 56 89 
 55 90 
 54 90 
 53 91 
 54 92 
 53 93 
 52 94 
 52 95 
 51 96 
 50 97 
 49 98 
 48 99 
 47 100 
 47 101 
 47 102 
 47 103 
 47 104 
 47 105 
 47 106 
 47 107 
 47 108 
 48 109 
 48 110 
 48 111 
 48 112 
 49 113 
 49 114 
 49 115 
 48 114 
 47 114 
 47 113 
 46 112 
 45 112 
 44 111 
 43 111 
 42 110 
 41 109 
 40 109 
 39 109 
 38 110 
 37 111 
 36 112 
 35 113 
 34 114 
 33 115 
 32 115 
 31 115 
 32 114 
 32 113 
 32 112 
 32 111 
 33 110 
 32 109 
 31 109 
 30 110 
 29 110 
 28 110 
 27 110 
 26 109 
 25 109 
 24 109 
 25 108 
 26 108 
 27 107 
 28 107 
 29 106 
 30 106 
 31 106 
 32 105 
 33 105 
 34 105 
 35 104 
 35 103 
 34 102 
 33 101 
 32 100 
 32 99 
 31 98 
 31 97 
 31 96 
 31 95 
 32 95 
 33 96 
 34 96 
 35 97 
 36 96 
 37 97 
 38 98 
 39 98 
 40 97 
 40 96 
 40 95 
 41 94 
 42 93 
 42 92 
 43 91 
 44 90 
 45 89 
 45 88 
 46 87 
 47 86 
 48 85 
 48 84 
 48 83 
 49 82 
 50 81 
 50 80 
 51 80 
 52 79 
 52 78 
 53 77 
 54 76 
 54 75 
 55 74 
 56 73 
 55 72 
 56 71 
 56 70 
 57 69 
 58 68 
 59 67 
 60 66 
 60 65 
 61 64 
 61 63 
 62 62 
 62 61 
 63 60 
 64 59 
 65 58 
 65 57 
 66 56 
 67 55 
 68 54 
 68 53 
 69 52 
 69 51 
 69 50 
 70 49 
 70 48 
 71 47 
 72 47 
 73 46 
 72 45 
 73 44 
 74 43 
 75 42 
 75 41 
 76 40 
 77 39 
 77 38 
 78 37 
 78 36 
 79 36 
 80 35 
 81 34 
 81 33 
 82 32 
 82 31 
 83 30 
 83 29 
 84 28 
 85 27 
 85 26 
 84 25 
 84 24 
 84 23 
 83 22 
 83 21 
 82 20 
 82 19 
 81 18 
 82 17 
 81 16 
 80 16 
 81 15 
 82 15 
 83 16 
 84 17 
 85 17 
 86 18 
 87 18 
 88 19 
 89 20 
 90 20 
 91 21 
 92 20 
 92 19 
 92 18 
 93 17 
 94 16 
 94 15 
 95 14 
 95 13 
 95 12 
 95 11 
 96 11 
 97 10 
 97 9 
 98 8 
 98 7 
 98 6 
 99 5