 
 30 4 
 31 4 
 32 4 
 33 4 
 34 4 
 35 5 
 36 6 
 37 6 
 38 6 
 39 7 
 40 8 
 41 9 
 42 9 
 43 9 
 44 10 
 45 10 
 46 9 
 47 10 
 48 10 
 49 10 
 50 10 
 51 10 
 52 10 
 53 10 
 54 10 
 55 9 
 55 8 
 56 8 
 57 8 
 58 8 
 59 8 
 60 9 
 61 8 
 62 8 
 63 8 
 64 8 
 65 8 
 66 8 
 67 7 
 68 8 
 69 7 
 70 7 
 71 7 
 72 7 
 73 6 
 74 6 
 75 6 
 76 7 
 77 8 
 78 8 
 79 9 
 80 10 
 81 10 
 82 10 
 83 11 
 84 12 
 85 12 
 86 12 
 87 13 
 88 13 
 89 13 
 90 13 
 91 13 
 92 12 
 93 12 
 94 12 
 95 12 
 96 12 
 97 11 
 98 10 
 99 10 
 100 10 
 101 10 
 102 10 
 103 9 
 104 9 
 105 10 
 105 11 
 106 12 
 107 12 
 108 13 
 108 14 
 109 15 
 109 16 
 108 17 
 107 18 
 107 19 
 106 20 
 106 21 
 105 21 
 104 22 
 104 23 
 103 24 
 102 25 
 101 26 
 100 27 
 99 28 
 98 29 
 97 29 
 96 30 
 97 31 
 98 32 
 99 33 
 98 34 
 99 35 
 100 35 
 100 36 
 101 37 
 101 38 
 102 39 
 101 40 
 100 41 
 99 41 
 98 40 
 97 41 
 96 41 
 95 41 
 94 42 
 93 41 
 92 41 
 91 41 
 90 41 
 89 41 
 88 41 
 87 42 
 86 41 
 85 41 
 84 42 
 83 42 
 82 42 
 81 41 
 80 40 
 79 40 
 78 39 
 77 38 
 76 37 
 75 37 
 74 36 
 73 36 
 72 35 
 71 35 
 70 35 
 69 35 
 68 35 
 67 35 
 66 35 
 65 35 
 64 35 
 63 35 
 62 35 
 61 35 
 60 35 
 59 35 
 58 35 
 57 35 
 56 35 
 55 35 
 54 36 
 53 36 
 52 36 
 51 36 
 50 37 
 49 36 
 48 36 
 47 36 
 46 36 
 45 36 
 44 36 
 43 36 
 42 36 
 41 36 
 40 36 
 39 36 
 38 36 
 37 36 
 36 36 
 35 36 
 34 36 
 33 35 
 32 35 
 31 34 
 30 34 
 29 34 
 28 33 
 27 33 
 26 32 
 25 32 
 24 31 
 23 31 
 22 31 
 21 31 
 20 31 
 19 31 
 18 31 
 17 31 
 16 31 
 15 31 
 14 31 
 13 31 
 12 31 
 11 31 
 10 31 
 9 32 
 8 31 
 7 32 
 6 32 
 5 31 
 4 30 
 4 29 
 4 28 
 4 27 
 4 26 
 5 25 
 5 24 
 6 24 
 7 24 
 8 23 
 9 23 
 10 22 
 11 21 
 12 20 
 13 20 
 14 20 
 15 19 
 16 18 
 17 17 
 17 16 
 16 15 
 16 14 
 16 13 
 15 12 
 15 11 
 14 10 
 14 9 
 13 8 
 14 7 
 14 6 
 15 5 
 16 5 
 17 5 
 18 5 
 19 5 
 20 5 
 21 5 
 22 5 
 23 5 
 24 5 
 25 5 
 26 5 
 27 5 
 28 5 
 29 4