 
 9 9 
 10 9 
 11 10 
 12 11 
 13 11 
 14 11 
 14 12 
 14 13 
 15 14 
 16 14 
 17 14 
 17 15 
 18 16 
 19 15 
 20 16 
 20 17 
 21 18 
 22 18 
 23 18 
 24 19 
 25 19 
 26 19 
 27 19 
 28 19 
 29 19 
 30 19 
 31 19 
 32 19 
 33 19 
 34 19 
 35 19 
 36 18 
 37 19 
 38 18 
 39 19 
 40 19 
 41 18 
 42 19 
 43 18 
 44 19 
 45 18 
 46 18 
 47 17 
 48 18 
 49 18 
 50 17 
 51 18 
 52 18 
 53 17 
 54 18 
 55 18 
 56 17 
 57 18 
 58 18 
 59 17 
 60 18 
 61 18 
 62 18 
 63 18 
 64 18 
 65 18 
 66 17 
 67 18 
 68 18 
 69 17 
 70 18 
 71 18 
 72 17 
 73 18 
 74 18 
 75 17 
 76 18 
 77 17 
 78 17 
 79 17 
 80 16 
 81 15 
 81 14 
 81 13 
 82 12 
 83 11 
 84 10 
 85 10 
 86 9 
 87 8 
 88 9 
 89 9 
 90 8 
 91 8 
 92 8 
 93 9 
 93 10 
 93 11 
 93 12 
 93 13 
 93 14 
 93 15 
 93 16 
 93 17 
 93 18 
 93 19 
 93 20 
 93 21 
 93 22 
 93 23 
 93 24 
 93 25 
 93 26 
 92 27 
 92 28 
 91 29 
 91 30 
 90 31 
 89 32 
 88 33 
 87 33 
 86 34 
 85 35 
 84 36 
 83 36 
 82 37 
 81 38 
 80 38 
 79 39 
 78 39 
 77 40 
 76 40 
 75 40 
 74 40 
 73 41 
 72 41 
 71 42 
 70 43 
 69 43 
 68 43 
 67 44 
 66 44 
 65 44 
 64 45 
 65 46 
 65 47 
 65 48 
 65 49 
 65 50 
 65 51 
 64 52 
 65 53 
 65 54 
 65 55 
 65 56 
 64 57 
 65 58 
 65 59 
 65 60 
 65 61 
 65 62 
 65 63 
 65 64 
 64 65 
 64 66 
 65 67 
 65 68 
 65 69 
 65 70 
 65 71 
 65 72 
 65 73 
 65 74 
 65 75 
 65 76 
 64 77 
 64 78 
 64 79 
 64 80 
 64 81 
 64 82 
 64 83 
 64 84 
 64 85 
 63 86 
 64 87 
 65 88 
 66 89 
 67 88 
 68 89 
 69 89 
 70 90 
 71 90 
 72 91 
 73 91 
 74 92 
 75 92 
 76 92 
 77 93 
 78 93 
 79 93 
 80 94 
 81 94 
 82 94 
 83 94 
 84 95 
 85 95 
 86 96 
 87 96 
 88 96 
 89 97 
 90 97 
 91 97 
 92 97 
 93 98 
 94 98 
 94 99 
 95 100 
 96 100 
 96 101 
 95 101 
 94 101 
 93 101 
 92 101 
 91 101 
 90 101 
 89 101 
 88 101 
 87 101 
 86 101 
 85 101 
 84 101 
 83 101 
 82 101 
 81 101 
 80 101 
 79 101 
 78 101 
 77 101 
 76 101 
 75 101 
 74 101 
 73 101 
 72 101 
 71 101 
 70 101 
 69 101 
 68 101 
 67 101 
 66 101 
 65 101 
 64 101 
 63 101 
 62 101 
 61 101 
 60 101 
 59 101 
 58 101 
 57 101 
 56 101 
 55 101 
 54 101 
 53 101 
 52 101 
 51 101 
 50 101 
 49 101 
 48 101 
 47 101 
 46 101 
 45 101 
 44 101 
 43 101 
 42 101 
 41 101 
 40 101 
 39 101 
 38 101 
 37 101 
 36 101 
 35 101 
 34 101 
 33 101 
 32 101 
 31 101 
 30 101 
 29 101 
 28 101 
 27 101 
 26 101 
 25 101 
 24 101 
 23 101 
 22 101 
 21 101 
 20 101 
 19 101 
 18 101 
 17 101 
 16 101 
 15 101 
 14 101 
 13 101 
 12 101 
 11 101 
 11 100 
 12 100 
 13 100 
 14 99 
 15 99 
 16 98 
 17 98 
 18 98 
 19 98 
 20 97 
 20 96 
 21 97 
 22 96 
 23 96 
 24 96 
 25 95 
 26 95 
 27 94 
 28 95 
 29 94 
 30 94 
 31 94 
 32 94 
 33 94 
 34 93 
 35 92 
 36 92 
 37 92 
 38 92 
 39 91 
 40 90 
 41 91 
 42 90 
 43 90 
 44 90 
 45 89 
 46 89 
 47 89 
 48 89 
 49 88 
 50 88 
 51 87 
 50 86 
 50 85 
 49 84 
 50 83 
 50 82 
 50 81 
 50 80 
 50 79 
 50 78 
 49 77 
 49 76 
 49 75 
 50 74 
 49 73 
 49 72 
 49 71 
 49 70 
 49 69 
 48 68 
 48 67 
 48 66 
 48 65 
 49 64 
 49 63 
 49 62 
 49 61 
 49 60 
 48 59 
 48 58 
 49 57 
 48 56 
 49 55 
 48 54 
 48 53 
 48 52 
 48 51 
 48 50 
 48 49 
 48 48 
 48 47 
 48 46 
 47 45 
 46 46 
 45 45 
 44 45 
 43 44 
 42 44 
 41 44 
 40 44 
 39 44 
 38 43 
 37 43 
 36 43 
 35 43 
 34 43 
 33 43 
 32 42 
 31 41 
 30 42 
 29 41 
 28 41 
 27 40 
 26 40 
 25 40 
 24 39 
 23 40 
 22 39 
 21 38 
 20 37 
 19 36 
 18 36 
 17 35 
 16 35 
 15 34 
 14 33 
 13 33 
 12 32 
 11 31 
 10 30 
 9 30 
 9 29 
 10 28 
 10 27 
 9 26 
 10 25 
 10 24 
 9 23 
 9 22 
 9 21 
 9 20 
 9 19 
 9 18 
 8 17 
 9 16 
 9 15 
 8 14 
 9 13 
 9 12 
 9 11 
 8 10 
 8 9 
 8 8