 
 76 4 
 77 3 
 78 4 
 79 3 
 80 4 
 81 4 
 82 4 
 83 4 
 84 5 
 85 5 
 86 5 
 87 4 
 88 5 
 89 4 
 90 5 
 91 5 
 92 5 
 93 5 
 94 5 
 95 6 
 96 6 
 97 7 
 98 8 
 99 8 
 100 9 
 101 10 
 102 10 
 103 11 
 104 12 
 105 13 
 106 13 
 107 13 
 108 13 
 109 13 
 110 14 
 111 15 
 110 16 
 111 17 
 110 18 
 110 19 
 109 20 
 109 21 
 108 22 
 107 23 
 106 24 
 106 25 
 106 26 
 105 27 
 104 28 
 104 29 
 103 30 
 102 31 
 102 32 
 103 33 
 104 33 
 105 33 
 106 33 
 107 33 
 108 33 
 108 34 
 108 35 
 109 36 
 109 37 
 109 38 
 110 39 
 109 40 
 109 41 
 110 42 
 110 43 
 109 42 
 108 41 
 107 42 
 106 43 
 105 44 
 105 45 
 105 46 
 105 47 
 104 46 
 103 45 
 102 46 
 102 47 
 102 48 
 101 48 
 100 47 
 99 47 
 98 48 
 98 49 
 97 48 
 98 47 
 98 46 
 98 45 
 98 44 
 98 43 
 97 42 
 96 42 
 95 42 
 94 42 
 93 42 
 92 43 
 91 43 
 90 43 
 89 43 
 88 44 
 87 45 
 86 45 
 85 46 
 84 47 
 83 48 
 82 48 
 81 49 
 80 50 
 79 51 
 78 51 
 77 52 
 76 53 
 75 53 
 74 54 
 73 54 
 72 55 
 71 55 
 70 56 
 69 57 
 68 58 
 67 59 
 66 59 
 65 59 
 64 60 
 64 61 
 63 61 
 62 61 
 61 62 
 60 62 
 59 63 
 58 63 
 57 64 
 56 64 
 55 65 
 54 65 
 53 66 
 54 67 
 55 68 
 56 69 
 56 70 
 56 71 
 56 72 
 56 73 
 56 74 
 56 75 
 56 76 
 55 76 
 54 77 
 55 78 
 55 79 
 55 80 
 54 80 
 53 79 
 52 80 
 52 81 
 51 81 
 50 81 
 49 81 
 48 81 
 48 80 
 47 79 
 47 78 
 47 77 
 47 76 
 47 75 
 47 74 
 47 73 
 46 72 
 46 71 
 45 70 
 45 69 
 45 68 
 44 67 
 43 67 
 42 66 
 41 67 
 40 66 
 39 67 
 38 66 
 37 67 
 36 67 
 35 68 
 34 68 
 33 68 
 32 69 
 31 68 
 30 69 
 29 69 
 28 70 
 27 70 
 26 70 
 25 71 
 24 70 
 23 70 
 22 70 
 21 70 
 21 69 
 20 68 
 19 68 
 18 68 
 17 68 
 16 68 
 15 67 
 14 67 
 13 66 
 12 67 
 11 66 
 10 65 
 9 65 
 8 64 
 7 63 
 6 63 
 6 62 
 5 61 
 4 60 
 4 59 
 4 58 
 3 57 
 4 56 
 5 55 
 5 54 
 6 54 
 7 54 
 8 54 
 9 53 
 10 52 
 11 53 
 12 52 
 13 53 
 14 53 
 15 53 
 16 53 
 17 52 
 18 52 
 19 51 
 20 50 
 21 51 
 22 51 
 23 51 
 24 51 
 25 50 
 25 49 
 24 48 
 25 47 
 24 46 
 25 45 
 26 44 
 27 43 
 28 43 
 29 42 
 30 41 
 30 40 
 30 39 
 31 38 
 31 37 
 32 36 
 32 35 
 33 34 
 33 33 
 34 32 
 35 31 
 36 31 
 37 30 
 37 29 
 37 28 
 37 27 
 38 26 
 39 25 
 39 24 
 40 23 
 40 22 
 41 22 
 42 21 
 43 21 
 44 20 
 45 19 
 46 18 
 46 17 
 47 16 
 48 15 
 49 14 
 50 14 
 51 13 
 52 12 
 53 11 
 54 11 
 55 11 
 56 11 
 57 10 
 58 9 
 59 8 
 60 8 
 61 7 
 62 6 
 63 6 
 64 7 
 65 6 
 66 6 
 67 6 
 68 6 
 69 6 
 70 5 
 71 5 
 72 4 
 73 4 
 74 4 
 75 3