 
 25 4 
 26 4 
 27 4 
 28 4 
 29 4 
 30 4 
 31 4 
 32 5 
 33 5 
 34 5 
 35 6 
 36 7 
 37 8 
 38 9 
 38 10 
 39 11 
 39 12 
 40 13 
 40 14 
 40 15 
 41 16 
 41 17 
 42 18 
 42 19 
 42 20 
 42 21 
 43 22 
 43 23 
 43 24 
 43 25 
 43 26 
 43 27 
 44 28 
 44 29 
 44 30 
 45 31 
 44 32 
 45 33 
 45 34 
 46 35 
 46 36 
 47 37 
 47 38 
 47 39 
 48 40 
 48 41 
 49 42 
 49 43 
 50 44 
 50 45 
 51 46 
 51 47 
 52 48 
 52 49 
 53 50 
 54 51 
 55 52 
 56 53 
 57 54 
 58 55 
 58 56 
 59 57 
 60 58 
 61 59 
 62 60 
 63 61 
 63 62 
 64 63 
 65 64 
 66 65 
 67 66 
 68 67 
 68 68 
 69 69 
 69 70 
 70 71 
 71 72 
 72 73 
 73 74 
 74 75 
 74 76 
 75 77 
 76 77 
 77 78 
 78 79 
 79 80 
 80 81 
 81 82 
 82 83 
 83 84 
 84 85 
 85 85 
 85 86 
 86 87 
 87 87 
 88 88 
 89 89 
 90 90 
 91 91 
 92 92 
 93 92 
 94 93 
 95 94 
 96 95 
 97 95 
 98 96 
 99 97 
 100 97 
 100 98 
 101 99 
 102 99 
 103 100 
 104 100 
 105 101 
 106 101 
 107 102 
 108 103 
 109 103 
 109 104 
 110 105 
 111 105 
 112 106 
 113 106 
 114 107 
 115 108 
 115 109 
 114 110 
 113 110 
 112 110 
 111 110 
 110 109 
 109 109 
 108 109 
 107 110 
 108 111 
 109 111 
 110 112 
 111 113 
 112 113 
 113 114 
 114 114 
 115 115 
 116 116 
 117 116 
 118 117 
 117 118 
 116 118 
 115 118 
 114 118 
 113 118 
 112 117 
 111 117 
 110 117 
 109 117 
 108 117 
 107 116 
 106 116 
 105 116 
 104 115 
 103 115 
 102 115 
 101 114 
 100 114 
 99 113 
 98 113 
 97 112 
 96 112 
 95 111 
 94 111 
 93 110 
 92 110 
 91 109 
 90 109 
 89 108 
 88 108 
 87 107 
 86 107 
 85 107 
 84 106 
 83 106 
 82 106 
 81 105 
 80 106 
 79 105 
 78 105 
 77 105 
 76 105 
 75 105 
 74 104 
 73 104 
 72 104 
 71 103 
 70 104 
 69 103 
 68 103 
 67 103 
 66 102 
 65 102 
 64 102 
 63 101 
 62 101 
 61 101 
 60 102 
 61 103 
 61 104 
 62 105 
 61 106 
 61 107 
 61 108 
 60 109 
 59 110 
 58 111 
 57 112 
 56 113 
 55 114 
 55 115 
 54 115 
 53 116 
 53 117 
 53 118 
 54 119 
 55 118 
 56 119 
 56 120 
 55 119 
 54 120 
 53 120 
 52 121 
 51 121 
 50 122 
 49 121 
 48 121 
 47 121 
 46 121 
 45 122 
 44 122 
 43 123 
 42 124 
 41 124 
 40 124 
 39 123 
 40 122 
 40 121 
 41 120 
 42 120 
 43 119 
 42 118 
 41 118 
 40 119 
 39 119 
 38 120 
 37 119 
 36 120 
 36 119 
 37 118 
 38 118 
 39 117 
 40 117 
 41 116 
 42 116 
 43 115 
 44 114 
 45 113 
 46 112 
 47 111 
 47 110 
 48 109 
 48 108 
 49 107 
 48 106 
 48 105 
 48 104 
 47 103 
 47 102 
 46 101 
 46 100 
 45 99 
 45 98 
 44 97 
 43 96 
 42 95 
 42 94 
 41 93 
 41 92 
 40 91 
 39 90 
 38 89 
 37 88 
 36 87 
 35 86 
 34 85 
 33 85 
 33 84 
 32 83 
 31 83 
 30 82 
 30 81 
 29 80 
 28 79 
 27 78 
 27 77 
 26 76 
 25 75 
 25 74 
 24 73 
 24 72 
 24 71 
 23 70 
 23 69 
 23 68 
 22 67 
 22 66 
 22 65 
 21 64 
 22 63 
 21 62 
 22 61 
 21 60 
 21 59 
 22 58 
 21 57 
 21 56 
 21 55 
 21 54 
 22 53 
 21 52 
 21 51 
 22 50 
 21 49 
 22 48 
 21 47 
 22 46 
 22 45 
 22 44 
 22 43 
 22 42 
 22 41 
 23 40 
 23 39 
 23 38 
 23 37 
 24 36 
 24 35 
 23 34 
 24 33 
 24 32 
 24 31 
 24 30 
 24 29 
 25 28 
 25 27 
 25 26 
 25 25 
 25 24 
 25 23 
 25 22 
 25 21 
 24 20 
 23 19 
 23 18 
 22 17 
 21 17 
 20 16 
 19 15 
 18 16 
 17 15 
 16 16 
 15 15 
 14 15 
 13 16 
 12 16 
 11 15 
 11 14 
 12 14 
 13 13 
 13 12 
 14 12 
 15 11 
 16 10 
 17 10 
 18 9 
 19 8 
 20 7 
 21 6 
 22 6 
 23 5 
 24 4