 
 76 6 
 77 6 
 78 5 
 79 6 
 80 6 
 81 6 
 82 5 
 83 6 
 84 6 
 85 6 
 86 5 
 87 6 
 88 6 
 89 6 
 90 5 
 91 6 
 92 6 
 93 6 
 94 6 
 95 6 
 96 7 
 97 7 
 98 7 
 99 8 
 100 9 
 101 9 
 102 9 
 103 10 
 104 10 
 105 10 
 106 11 
 107 12 
 108 12 
 109 13 
 110 13 
 111 14 
 112 15 
 113 16 
 114 16 
 115 17 
 116 17 
 117 18 
 118 18 
 119 19 
 120 19 
 121 18 
 122 19 
 123 19 
 124 19 
 125 19 
 124 20 
 124 21 
 123 21 
 122 22 
 121 22 
 120 22 
 119 23 
 119 24 
 118 24 
 117 25 
 116 26 
 116 27 
 115 28 
 115 29 
 114 29 
 113 30 
 113 31 
 112 32 
 111 32 
 110 33 
 111 34 
 112 35 
 113 36 
 114 36 
 115 37 
 116 38 
 117 37 
 118 38 
 119 39 
 120 39 
 121 39 
 121 40 
 122 41 
 123 41 
 124 42 
 124 43 
 124 44 
 125 45 
 124 46 
 124 47 
 123 47 
 122 48 
 122 49 
 121 50 
 120 50 
 119 51 
 118 50 
 117 50 
 116 51 
 116 52 
 115 53 
 114 54 
 113 54 
 114 53 
 113 52 
 112 52 
 111 53 
 111 54 
 110 55 
 109 55 
 110 54 
 110 53 
 109 52 
 108 53 
 107 54 
 106 54 
 107 53 
 107 52 
 108 51 
 108 50 
 109 49 
 110 49 
 111 48 
 111 47 
 112 46 
 111 45 
 110 45 
 109 44 
 108 44 
 107 44 
 106 43 
 105 43 
 104 43 
 103 42 
 102 42 
 101 42 
 100 42 
 99 43 
 98 43 
 97 44 
 96 45 
 95 45 
 94 46 
 93 46 
 92 47 
 91 47 
 90 48 
 89 48 
 88 48 
 87 49 
 86 50 
 85 50 
 84 50 
 83 51 
 82 52 
 81 51 
 80 52 
 79 53 
 78 53 
 77 53 
 76 54 
 75 53 
 74 54 
 73 55 
 72 55 
 71 55 
 70 56 
 69 55 
 68 56 
 67 56 
 66 56 
 65 57 
 64 56 
 63 57 
 62 56 
 61 57 
 60 57 
 59 56 
 58 57 
 57 57 
 56 58 
 55 57 
 54 58 
 53 58 
 52 58 
 51 58 
 50 58 
 49 58 
 48 59 
 47 59 
 46 59 
 45 59 
 44 59 
 43 60 
 43 61 
 44 62 
 45 63 
 45 64 
 45 65 
 45 66 
 45 67 
 45 68 
 45 69 
 44 70 
 43 71 
 42 71 
 41 72 
 40 72 
 39 72 
 38 72 
 37 72 
 36 73 
 35 73 
 34 74 
 33 74 
 32 73 
 31 72 
 32 71 
 33 71 
 34 70 
 34 69 
 35 69 
 36 68 
 37 68 
 38 69 
 39 68 
 38 67 
 37 66 
 37 65 
 36 64 
 36 63 
 35 62 
 34 62 
 33 61 
 34 60 
 33 59 
 34 58 
 33 57 
 32 57 
 31 57 
 30 58 
 30 59 
 29 60 
 28 59 
 27 59 
 26 60 
 25 59 
 24 60 
 23 59 
 22 59 
 21 58 
 20 58 
 20 57 
 19 56 
 18 57 
 17 56 
 16 57 
 15 56 
 14 57 
 13 56 
 12 56 
 11 55 
 10 55 
 10 54 
 9 53 
 8 54 
 7 53 
 6 53 
 6 52 
 6 51 
 6 50 
 6 49 
 6 48 
 6 47 
 6 46 
 6 45 
 7 46 
 8 45 
 9 44 
 10 44 
 11 44 
 12 44 
 13 44 
 14 44 
 15 44 
 16 44 
 17 45 
 18 45 
 19 44 
 20 44 
 21 44 
 22 44 
 23 44 
 24 44 
 25 44 
 26 44 
 27 44 
 28 43 
 27 42 
 28 41 
 28 40 
 28 39 
 29 39 
 30 38 
 31 38 
 32 38 
 33 37 
 33 36 
 34 35 
 35 34 
 36 33 
 36 32 
 36 31 
 37 30 
 38 29 
 37 28 
 38 27 
 39 26 
 39 25 
 40 24 
 41 23 
 42 22 
 43 21 
 44 20 
 44 19 
 45 19 
 46 18 
 46 17 
 47 17 
 48 16 
 49 15 
 50 14 
 51 14 
 52 13 
 53 12 
 54 13 
 55 12 
 55 11 
 56 11 
 57 12 
 58 11 
 59 10 
 60 11 
 61 10 
 61 9 
 62 10 
 63 9 
 64 9 
 65 9 
 66 8 
 67 8 
 68 7 
 69 8 
 70 7 
 70 6 
 71 6 
 72 6 
 73 6 
 74 6 
 75 5