 
 18 5 
 19 5 
 20 5 
 21 5 
 22 5 
 23 5 
 24 5 
 25 6 
 26 6 
 27 5 
 28 5 
 29 5 
 30 6 
 31 5 
 32 5 
 33 5 
 34 5 
 35 5 
 36 5 
 37 6 
 38 7 
 39 8 
 38 9 
 38 10 
 39 11 
 39 12 
 39 13 
 40 14 
 40 15 
 40 16 
 40 17 
 41 18 
 42 19 
 43 20 
 44 20 
 45 20 
 46 20 
 47 20 
 48 20 
 49 20 
 50 21 
 51 21 
 52 22 
 53 22 
 54 23 
 55 23 
 56 23 
 57 23 
 58 23 
 59 22 
 60 22 
 61 23 
 62 23 
 63 23 
 64 22 
 65 22 
 66 23 
 67 23 
 68 23 
 69 22 
 70 23 
 71 23 
 72 22 
 73 23 
 74 23 
 75 22 
 76 22 
 77 23 
 78 23 
 79 23 
 80 22 
 81 22 
 82 23 
 83 23 
 84 23 
 85 22 
 86 22 
 87 23 
 88 22 
 89 23 
 90 23 
 91 23 
 92 22 
 93 23 
 94 22 
 95 23 
 96 22 
 97 23 
 98 23 
 99 23 
 100 22 
 101 22 
 102 23 
 103 23 
 104 23 
 105 23 
 106 23 
 107 24 
 108 24 
 109 25 
 109 26 
 110 27 
 111 28 
 111 29 
 111 30 
 111 31 
 110 31 
 109 32 
 109 33 
 108 34 
 107 35 
 107 36 
 106 37 
 105 37 
 104 37 
 103 38 
 102 37 
 101 37 
 100 37 
 99 37 
 98 37 
 97 38 
 96 38 
 95 37 
 94 37 
 93 37 
 92 38 
 91 38 
 90 37 
 89 37 
 88 37 
 87 37 
 86 37 
 85 38 
 84 38 
 83 37 
 82 37 
 81 37 
 80 38 
 79 38 
 78 37 
 77 37 
 76 37 
 75 36 
 74 36 
 73 37 
 73 38 
 72 37 
 71 38 
 70 38 
 69 38 
 68 37 
 67 38 
 66 37 
 65 37 
 64 38 
 63 37 
 62 37 
 61 38 
 60 37 
 59 37 
 58 38 
 57 37 
 56 37 
 55 38 
 54 38 
 53 39 
 52 40 
 51 41 
 50 41 
 49 41 
 48 41 
 47 41 
 46 40 
 45 41 
 45 42 
 44 43 
 43 44 
 43 45 
 42 46 
 41 47 
 41 48 
 41 49 
 40 50 
 40 51 
 39 52 
 39 53 
 38 54 
 37 55 
 36 55 
 35 55 
 34 55 
 33 55 
 32 55 
 31 55 
 30 55 
 29 55 
 28 55 
 27 55 
 26 54 
 25 55 
 24 55 
 23 54 
 22 55 
 21 55 
 20 55 
 19 55 
 18 55 
 17 55 
 16 55 
 15 55 
 14 55 
 13 55 
 13 54 
 12 53 
 11 53 
 10 54 
 9 54 
 8 53 
 7 53 
 6 52 
 5 51 
 5 50 
 5 49 
 5 48 
 5 47 
 5 46 
 5 45 
 5 44 
 5 43 
 5 42 
 5 41 
 5 40 
 5 39 
 6 38 
 5 37 
 5 36 
 5 35 
 6 34 
 5 33 
 5 32 
 5 31 
 5 30 
 5 29 
 5 28 
 5 27 
 6 26 
 5 25 
 5 24 
 5 23 
 6 22 
 5 21 
 5 20 
 5 19 
 6 18 
 5 17 
 5 16 
 5 15 
 5 14 
 5 13 
 5 12 
 5 11 
 5 10 
 5 9 
 6 8 
 6 7 
 7 6 
 8 7 
 9 6 
 10 7 
 11 7 
 12 6 
 13 7 
 14 6 
 15 6 
 16 6 
 17 5