 
 89 4 
 90 3 
 91 4 
 92 3 
 93 4 
 94 3 
 95 4 
 96 3 
 97 4 
 98 3 
 99 4 
 100 3 
 101 4 
 102 3 
 103 4 
 104 3 
 105 4 
 106 3 
 107 4 
 108 3 
 109 4 
 110 4 
 111 5 
 110 6 
 110 7 
 111 8 
 110 9 
 110 10 
 111 11 
 110 12 
 111 13 
 110 14 
 110 15 
 109 16 
 108 17 
 108 18 
 109 19 
 108 20 
 108 21 
 108 22 
 109 23 
 108 24 
 108 25 
 108 26 
 109 27 
 108 28 
 108 29 
 108 30 
 108 31 
 108 32 
 107 33 
 107 34 
 106 35 
 106 36 
 105 37 
 105 38 
 104 39 
 103 40 
 103 41 
 102 42 
 102 43 
 101 44 
 100 45 
 99 46 
 98 47 
 97 47 
 96 48 
 95 49 
 94 49 
 93 50 
 92 50 
 91 51 
 90 51 
 89 52 
 88 52 
 87 52 
 86 52 
 87 51 
 87 50 
 87 49 
 88 48 
 88 47 
 88 46 
 88 45 
 88 44 
 89 43 
 89 42 
 89 41 
 89 40 
 89 39 
 90 38 
 89 37 
 89 36 
 90 35 
 90 34 
 90 33 
 90 32 
 90 31 
 89 30 
 88 30 
 87 30 
 86 30 
 85 30 
 84 30 
 83 30 
 82 30 
 81 30 
 80 30 
 79 30 
 78 30 
 77 30 
 76 30 
 75 30 
 74 30 
 73 30 
 72 30 
 71 30 
 70 30 
 69 30 
 68 30 
 67 30 
 66 30 
 65 30 
 64 30 
 63 30 
 62 30 
 61 30 
 60 30 
 59 30 
 58 30 
 57 30 
 56 30 
 55 30 
 54 30 
 53 30 
 52 30 
 51 30 
 50 30 
 49 30 
 48 30 
 47 30 
 46 30 
 45 30 
 44 30 
 43 30 
 42 30 
 41 30 
 40 30 
 39 30 
 38 30 
 37 30 
 36 30 
 35 30 
 34 30 
 33 30 
 32 30 
 31 30 
 30 30 
 29 30 
 28 30 
 27 30 
 26 30 
 25 30 
 24 30 
 23 30 
 22 30 
 21 30 
 20 30 
 19 30 
 18 30 
 17 30 
 16 30 
 15 30 
 14 30 
 13 30 
 12 30 
 11 30 
 10 30 
 9 30 
 8 30 
 7 30 
 6 30 
 5 30 
 4 30 
 3 29 
 4 28 
 4 27 
 3 26 
 4 25 
 3 24 
 4 23 
 4 22 
 3 21 
 4 20 
 4 19 
 5 19 
 6 19 
 7 19 
 8 19 
 9 19 
 10 19 
 11 19 
 12 19 
 13 19 
 14 19 
 15 19 
 16 19 
 17 19 
 18 19 
 19 19 
 20 19 
 21 19 
 22 19 
 23 19 
 24 19 
 25 19 
 26 19 
 27 19 
 28 19 
 29 19 
 30 19 
 31 19 
 32 19 
 33 19 
 34 19 
 35 19 
 36 19 
 37 19 
 38 19 
 39 19 
 40 19 
 41 19 
 42 19 
 43 19 
 44 19 
 45 19 
 46 19 
 47 19 
 48 19 
 49 19 
 50 19 
 51 19 
 52 19 
 53 19 
 54 19 
 55 19 
 56 19 
 57 19 
 58 19 
 59 19 
 60 19 
 61 19 
 62 19 
 63 19 
 64 19 
 65 19 
 66 19 
 67 19 
 68 19 
 69 19 
 70 19 
 71 19 
 72 19 
 73 19 
 74 19 
 75 19 
 76 19 
 77 19 
 78 19 
 79 19 
 80 19 
 81 19 
 82 19 
 83 19 
 84 19 
 85 19 
 86 19 
 87 19 
 88 19 
 89 18 
 90 17 
 90 16 
 89 15 
 88 15 
 87 14 
 88 13 
 88 12 
 88 11 
 87 10 
 88 9 
 88 8 
 87 7 
 88 6 
 88 5 
 87 4 
 88 3